0 0.007068634033203125
0 0.0186617374420166
0 0.024220943450927734
1 0.030207157135009766
2 0.03496289253234863
2 0.040712594985961914
3 0.045745849609375
4 0.052236318588256836
6 0.05828428268432617
8 0.06301617622375488
9 0.06897282600402832
10 0.07415485382080078
13 0.07984781265258789
16 0.08758115768432617
19 0.09225749969482422
21 0.0982828140258789
26 0.1046743392944336
29 0.11210012435913086
32 0.11823558807373047
35 0.12302350997924805
38 0.1291046142578125
40 0.13433194160461426
44 0.14025521278381348
47 0.14507436752319336
50 0.1519017219543457
52 0.15796732902526855
55 0.16279149055480957
57 0.16863632202148438
58 0.17378878593444824
60 0.17969107627868652
62 0.18457293510437012
64 0.19050860404968262
65 0.19562458992004395
66 0.20223283767700195
68 0.20830011367797852
70 0.21307063102722168
71 0.21892786026000977
72 0.22418475151062012
73 0.2299809455871582
74 0.23481178283691406
74 0.24056696891784668
75 0.24565482139587402
76 0.2525944709777832
78 0.2584989070892334
78 0.2635049819946289
78 0.2690854072570801
79 0.274249792098999
80 0.2802698612213135
80 0.2850790023803711
81 0.29080629348754883
82 0.2959134578704834
82 0.302598237991333
82 0.30866408348083496
82 0.3137385845184326
83 0.319469690322876
84 0.32454681396484375
84 0.3304026126861572
84 0.33549046516418457
84 0.34583449363708496
86 0.35478711128234863
86 0.36071300506591797
86 0.3657994270324707
87 0.37178540229797363
88 0.37795543670654297
88 0.3828270435333252
88 0.38863611221313477
88 0.3937222957611084
88 0.3994734287261963
88 0.4053633213043213
88 0.41108250617980957
88 0.4160890579223633
88 0.421886682510376
89 0.42801356315612793
89 0.4328911304473877
89 0.4387228488922119
89 0.44376492500305176
89 0.4495694637298584
89 0.45511364936828613
89 0.46094393730163574
89 0.4660067558288574
89 0.471710205078125
88 0.47748351097106934
88 0.48218321800231934
88 0.48833155632019043
89 0.4930415153503418
89 0.4988405704498291
89 0.5040643215179443
89 0.5105113983154297
88 0.5155296325683594
88 0.5210928916931152
88 0.528017520904541
89 0.5327489376068115
89 0.538762092590332
89 0.5439529418945312
88 0.549858570098877
88 0.5546307563781738
88 0.5610876083374023
89 0.5661063194274902
89 0.5718879699707031
89 0.577892541885376
89 0.5825419425964355
88 0.5883784294128418
88 0.5930554866790771
88 0.5987961292266846
88 0.6039535999298096
89 0.610546350479126
89 0.6156463623046875
89 0.6214125156402588
88 0.6266067028045654
88 0.6319730281829834
88 0.6379435062408447
88 0.6425750255584717
89 0.6484291553497314
89 0.653430700302124
89 0.6601438522338867
88 0.6648983955383301
88 0.6708464622497559
88 0.675870418548584
88 0.6815881729125977
89 0.6873531341552734
89 0.6990697383880615
89 0.7042772769927979
89 0.7107415199279785
89 0.7157678604125977
88 0.7214231491088867
88 0.7269835472106934
88 0.7321643829345703
88 0.7381649017333984
89 0.7487490177154541
90 0.755643367767334
90 0.7623887062072754
89 0.7684566974639893
89 0.7734224796295166
88 0.7794802188873291
88 0.7843914031982422
88 0.790271520614624
88 0.7950530052185059
89 0.8008999824523926
89 0.8060047626495361
89 0.812701940536499
89 0.8184747695922852
89 0.8234686851501465
89 0.8289713859558105
89 0.8341403007507324
88 0.8398311138153076
88 0.8446338176727295
88 0.8505468368530273
89 0.855532169342041
89 0.8620531558990479
89 0.8681409358978271
88 0.8728609085083008
88 0.8786330223083496
88 0.883660078048706
88 0.889091968536377
89 0.8942441940307617
89 0.8999912738800049
89 0.9047763347625732
88 0.9106490612030029
88 0.9175088405609131
88 0.9222099781036377
88 0.928337812423706
89 0.9330630302429199
89 0.9388470649719238
89 0.9440383911132812
89 0.9497525691986084
88 0.9545013904571533
88 0.9602251052856445
88 0.9660277366638184
88 0.9718945026397705
89 0.9778409004211426
89 0.9825844764709473
89 0.9884705543518066
89 0.9933760166168213
89 0.9989478588104248
88 1.004152774810791
88 1.0098421573638916
88 1.0156724452972412
89 1.0214385986328125
89 1.0270380973815918
89 1.0325684547424316
89 1.038381814956665
88 1.0431160926818848
88 1.0488951206207275
88 1.054109811782837
88 1.0600471496582031
89 1.065810203552246
89 1.0715925693511963
89 1.077394723892212
89 1.0822527408599854
89 1.0883567333221436
89 1.0930500030517578
88 1.0988209247589111
88 1.1040222644805908
88 1.1099998950958252
89 1.1157193183898926
89 1.1214449405670166
89 1.1270685195922852
89 1.1320171356201172
89 1.1379814147949219
89 1.1484687328338623
88 1.1544456481933594
88 1.1603584289550781
88 1.166571855545044
89 1.1720359325408936
89 1.1782071590423584
89 1.1829333305358887
89 1.1886868476867676
89 1.193723201751709
89 1.1996607780456543
88 1.2044479846954346
88 1.210282325744629
88 1.2159209251403809
89 1.2217113971710205
89 1.2275454998016357
89 1.2323694229125977
89 1.23819899559021
89 1.242868423461914
88 1.2486252784729004
88 1.253692865371704
88 1.259728193283081
89 1.264472484588623
89 1.2710869312286377
89 1.2764878273010254
89 1.2818043231964111
88 1.2877612113952637
88 1.2923598289489746
88 1.2982068061828613
89 1.3028910160064697
89 1.3088951110839844
89 1.3141181468963623
88 1.3206210136413574
88 1.3256800174713135
88 1.3315742015838623
89 1.33734130859375
89 1.3422279357910156
89 1.3482205867767334
89 1.352912425994873
88 1.3586757183074951
88 1.363734483718872
88 1.3703827857971191
89 1.3751235008239746
89 1.3808631896972656
89 1.3859586715698242
89 1.391894817352295
89 1.3978989124298096
88 1.4025671482086182
88 1.4085888862609863
88 1.4136481285095215
89 1.4202039241790771
89 1.4250602722167969
89 1.4307856559753418
89 1.435816764831543
89 1.4414644241333008
88 1.4466133117675781
88 1.452101707458496
88 1.4580740928649902
89 1.4627957344055176
89 1.4686200618743896
89 1.474510669708252
89 1.4802329540252686
89 1.4850013256072998
88 1.4907290935516357
88 1.4957671165466309
88 1.5016565322875977
89 1.5074326992034912
89 1.5125682353973389
89 1.518451452255249
89 1.5244126319885254
89 1.530771255493164
89 1.5358197689056396
88 1.541640281677246
88 1.5535311698913574
88 1.5596857070922852
89 1.5644567012786865
89 1.570547342300415
89 1.5774281024932861
89 1.5823752880096436
89 1.5883140563964844
88 1.5930135250091553
88 1.5989553928375244
88 1.604257583618164
88 1.6099836826324463
89 1.6147761344909668
89 1.6205167770385742
89 1.62703537940979
89 1.632197618484497
89 1.6381556987762451
89 1.642892599105835
88 1.6486213207244873
88 1.653651237487793
88 1.6590945720672607
88 1.6642589569091797
89 1.669968843460083
89 1.6758570671081543
89 1.681572675704956
89 1.687119483947754
88 1.6922435760498047
88 1.6982426643371582
88 1.7029314041137695
88 1.7088539600372314
89 1.7140390872955322
89 1.719825029373169
89 1.7256300449371338
89 1.7310843467712402
89 1.7360897064208984
88 1.7417805194854736
88 1.7479875087738037
88 1.7528116703033447
89 1.7585740089416504
89 1.7636706829071045
89 1.7695119380950928
89 1.775057315826416
89 1.780776023864746
89 1.7858002185821533
88 1.7914845943450928
88 1.7970612049102783
88 1.8020391464233398
89 1.8081696033477783
89 1.812943935394287
89 1.8187074661254883
89 1.8237416744232178
88 1.830442190170288
88 1.8355271816253662
88 1.8410193920135498
89 1.8460218906402588
89 1.8517634868621826
89 1.8575809001922607
89 1.8622410297393799
88 1.8683183193206787
88 1.8730309009552002
88 1.8798260688781738
89 1.884746789932251
89 1.8905436992645264
89 1.8955907821655273
89 1.9010274410247803
88 1.9060566425323486
88 1.9117481708526611
88 1.9175803661346436
89 1.9223651885986328
89 1.92954683303833
89 1.9345629215240479
88 1.9402594566345215
88 1.9509544372558594
89 1.9587717056274414
89 1.9640295505523682
90 1.9700078964233398
90 1.9748742580413818
90 1.9816536903381348
90 1.9873898029327393
90 1.9965927600860596
90 2.0019776821136475
89 2.0078983306884766
89 2.0126616954803467
89 2.0184383392333984
89 2.0234217643737793
89 2.0340733528137207
89 2.042963743209839
89 2.0558598041534424
89 2.0680272579193115
89 2.080275058746338
89 2.090796947479248
89 2.101949453353882
89 2.11283540725708
89 2.1249754428863525
88 2.136070489883423
88 2.1482672691345215
89 2.1581714153289795
90 2.1630148887634277
90 2.1689746379852295
90 2.1741280555725098
90 2.179840087890625
90 2.1846096515655518
90 2.190329074859619
90 2.1950736045837402
90 2.2171123027801514
90 2.2274696826934814
90 2.2333507537841797
90 2.238868236541748
90 2.243969678878784
90 2.2496867179870605
90 2.2544355392456055
90 2.2608482837677
90 2.265866756439209
90 2.2715580463409424
90 2.2770910263061523
90 2.2820043563842773
90 2.2881152629852295
90 2.2928402423858643
90 2.2986066341400146
90 2.3035242557525635
90 2.3100273609161377
90 2.314793586730957
90 2.320507049560547
90 2.3254926204681396
90 2.3309226036071777
90 2.3359310626983643
90 2.3415822982788086
90 2.3505077362060547
90 2.3606770038604736
90 2.365654945373535
90 2.371549367904663
90 2.3770833015441895
90 2.382164478302002
90 2.388071060180664
90 2.392758369445801
90 2.3985044956207275
90 2.403487205505371
90 2.4102652072906494
90 2.4150032997131348
90 2.4206960201263428
90 2.4257051944732666
90 2.4314076900482178
90 2.4365694522857666
90 2.4418864250183105
90 2.4478113651275635
90 2.4523792266845703
90 2.458220958709717
90 2.4639945030212402
90 2.4698805809020996
90 2.474597454071045
90 2.480243444442749
90 2.48500919342041
90 2.4908199310302734
90 2.495802402496338
90 2.501446485519409
90 2.5065808296203613
90 2.5129234790802
90 2.518641233444214
90 2.5235660076141357
90 2.5302741527557373
90 2.5349819660186768
90 2.5406713485717773
90 2.545647621154785
90 2.5510828495025635
90 2.556061267852783
90 2.5626749992370605
90 2.568441152572632
90 2.57309889793396
90 2.5788052082061768
90 2.5838260650634766
90 2.589902400970459
90 2.594675302505493
90 2.600379705429077
90 2.605093002319336
90 2.6107115745544434
90 2.6170880794525146
90 2.6221730709075928
90 2.6282548904418945
90 2.6329474449157715
90 2.638650417327881
90 2.6436686515808105
90 2.6495659351348877
90 2.6543631553649902
90 2.6600232124328613
90 2.6657614707946777
90 2.6714251041412354
90 2.676591157913208
90 2.6819005012512207
90 2.6878371238708496
90 2.6924242973327637
90 2.6982414722442627
90 2.7029378414154053
90 2.7087957859039307
90 2.714726686477661
90 2.720379590988159
90 2.7250783443450928
90 2.7307538986206055
90 2.735722780227661
90 2.741107225418091
90 2.7460873126983643
90 2.7586069107055664
90 2.7643022537231445
90 2.770263671875
90 2.774965763092041
90 2.7807486057281494
90 2.785736083984375
90 2.791398048400879
90 2.7961184978485107
90 2.8017890453338623
90 2.8075170516967773
90 2.8121845722198486
90 2.818885087966919
90 2.8240277767181396
90 2.829848527908325
90 2.8345675468444824
90 2.840238571166992
90 2.8449645042419434
90 2.8506033420562744
90 2.855598211288452
90 2.860992431640625
90 2.868028402328491
90 2.8727476596832275
90 2.878636598587036
90 2.883671283721924
90 2.889542579650879
90 2.894409656524658
90 2.9000818729400635
90 2.90482497215271
90 2.9105076789855957
90 2.9165499210357666
90 2.921926975250244
90 2.927886962890625
90 2.932515859603882
90 2.938300609588623
90 2.942965269088745
90 2.948857545852661
90 2.953951835632324
90 2.9596376419067383
90 2.9643802642822266
90 2.970708131790161
90 2.975724220275879
90 2.9813592433929443
90 2.9861209392547607
90 2.991807460784912
90 2.9977784156799316
90 3.0022361278533936
90 3.008427143096924
90 3.013068199157715
90 3.019827365875244
90 3.0245790481567383
90 3.030271053314209
90 3.034966468811035
90 3.0405921936035156
90 3.0455868244171143
90 3.050962448120117
90 3.055985927581787
90 3.0616981983184814
90 3.067462205886841
90 3.0735130310058594
90 3.0789794921875
90 3.0840954780578613
90 3.0898168087005615
90 3.094572067260742
90 3.1002256870269775
90 3.1049492359161377
90 3.110605478286743
90 3.115607976913452
90 3.1220462322235107
90 3.128124237060547
90 3.1328115463256836
90 3.1387534141540527
90 3.1438159942626953
90 3.1548728942871094
90 3.160705089569092
90 3.1657111644744873
90 3.172254800796509
90 3.1784145832061768
90 3.183089017868042
90 3.188990592956543
90 3.194167375564575
90 3.1998491287231445
90 3.2045843601226807
90 3.2102460861206055
90 3.214961528778076
90 3.2216193675994873
90 3.227386713027954
90 3.2320709228515625
90 3.2380008697509766
90 3.2426962852478027
90 3.248610258102417
90 3.253530502319336
90 3.2589995861053467
90 3.2641468048095703
90 3.270017385482788
90 3.275782346725464
90 3.2814323902130127
90 3.286580801010132
90 3.2918789386749268
90 3.2979366779327393
90 3.3025693893432617
90 3.308516025543213
90 3.3134188652038574
90 3.3188705444335938
90 3.324770450592041
90 3.3304197788238525
90 3.3353703022003174
90 3.3408169746398926
90 3.3458099365234375
90 3.3514914512634277
90 3.3566205501556396
90 3.3619225025177
90 3.367946147918701
90 3.3735320568084717
90 3.3790643215179443
90 3.3841750621795654
90 3.3898508548736572
90 3.394578218460083
90 3.4004077911376953
90 3.4051315784454346
90 3.410809278488159
90 3.415816068649292
90 3.4214327335357666
90 3.428215742111206
90 3.4328901767730713
90 3.4386115074157715
90 3.443560838699341
90 3.449007272720337
90 3.454127073287964
90 3.4597933292388916
90 3.4646177291870117
90 3.470294952392578
90 3.4759910106658936
90 3.4816877841949463
90 3.487426996231079
90 3.4922499656677246
90 3.498173236846924
90 3.5028481483459473
90 3.5085999965667725
90 3.5135610103607178
90 3.5189924240112305
90 3.5241832733154297
90 3.5316319465637207
90 3.537386178970337
90 3.5420823097229004
90 3.548168182373047
90 3.559840202331543
90 3.5645978450775146
90 3.570410966873169
90 3.575408935546875
90 3.5820326805114746
90 3.5879721641540527
90 3.5925841331481934
90 3.598367214202881
90 3.6030445098876953
90 3.6089282035827637
90 3.614061117172241
90 3.6197118759155273
90 3.624445676803589
90 3.6308069229125977
90 3.6357765197753906
90 3.6414096355438232
90 3.6465444564819336
90 3.651859760284424
90 3.65794038772583
90 3.6626839637756348
90 3.6685681343078613
90 3.6735622882843018
90 3.680105686187744
90 3.684821128845215
90 3.690495014190674
90 3.6954526901245117
90 3.700887441635132
90 3.7058866024017334
90 3.711552858352661
90 3.717118978500366
90 3.722012519836426
90 3.7281341552734375
90 3.734071731567383
90 3.739778995513916
90 3.744507074356079
90 3.750187873840332
90 3.7549283504486084
90 3.760596990585327
90 3.7655751705169678
90 3.771005630493164
90 3.776019334793091
90 3.7827060222625732
90 3.78861141204834
90 3.793516159057617
90 3.7989845275878906
90 3.8041412830352783
90 3.8098089694976807
90 3.814520835876465
90 3.8201725482940674
90 3.824941635131836
90 3.8315939903259277
90 3.837343692779541
90 3.842047929763794
90 3.848132371902466
90 3.853032112121582
90 3.8587446212768555
90 3.863743305206299
90 3.8691303730010986
90 3.874274253845215
90 3.8800182342529297
90 3.8858134746551514
90 3.8914737701416016
90 3.896970510482788
90 3.9019312858581543
90 3.9080400466918945
90 3.912799119949341
90 3.918696641921997
90 3.9237122535705566
90 3.9291069507598877
90 3.935112476348877
90 3.9407880306243896
90 3.9457790851593018
90 3.9560511112213135
90 3.9627997875213623
90 3.9687604904174805
90 3.9737820625305176
90 3.9797282218933105
90 3.9855599403381348
90 3.990969657897949
90 4.0104734897613525
90 4.021941661834717
90 4.031494617462158
90 4.038315773010254
90 4.042999982833862
90 4.049720525741577
90 4.05446195602417
90 4.060268402099609
90 4.065026521682739
90 4.070687770843506
90 4.075666904449463
90 4.081097364425659
90 4.08812689781189
90 4.092867136001587
90 4.098621845245361
90 4.10366678237915
90 4.109089136123657
90 4.114284992218018
90 4.11999249458313
90 4.12476658821106
90 4.130433797836304
90 4.1365814208984375
90 4.141913414001465
90 4.148047208786011
90 4.152804613113403
90 4.158541679382324
90 4.163716554641724
90 4.169122695922852
90 4.174291133880615
90 4.180160284042358
90 4.185896158218384
90 4.191595792770386
90 4.1973443031311035
90 4.202058553695679
90 4.208176851272583
90 4.212938547134399
90 4.2186455726623535
90 4.223673105239868
90 4.2291131019592285
90 4.234259128570557
90 4.240551233291626
90 4.245521306991577
90 4.250957250595093
90 4.256000995635986
90 4.261678695678711
90 4.2674031257629395
90 4.272243499755859
90 4.278163194656372
90 4.282887935638428
90 4.2897138595581055
90 4.294461965560913
90 4.300139904022217
90 4.304850816726685
90 4.310692310333252
90 4.315692901611328
90 4.321107864379883
90 4.326099157333374
90 4.331958532333374
90 4.338542699813843
90 4.343508005142212
90 4.348987102508545
90 4.360795974731445
90 4.365821123123169
90 4.374949216842651
90 4.380815029144287
90 4.385823011398315
90 4.392674207687378
90 4.398455619812012
90 4.403377056121826
90 4.408876419067383
90 4.414029121398926
90 4.419763565063477
90 4.424562692642212
90 4.430256128311157
90 4.434983491897583
90 4.441884279251099
90 4.448013544082642
90 4.45278263092041
90 4.4585959911346436
90 4.463539123535156
90 4.469081878662109
90 4.474278450012207
90 4.479984283447266
90 4.484715461730957
90 4.492541790008545
90 4.498369455337524
90 4.503049373626709
90 4.508925199508667
90 4.51408576965332
90 4.519834041595459
90 4.524594783782959
90 4.5309226512908936
90 4.535959005355835
90 4.542383670806885
90 4.548303604125977
90 4.5529797077178955
90 4.558749437332153
90 4.563778877258301
90 4.569738864898682
90 4.57451605796814
90 4.5801825523376465
90 4.5849528312683105
90 4.590624094009399
90 4.597432374954224
90 4.602136611938477
90 4.608102321624756
90 4.612780332565308
90 4.6184985637664795
90 4.623425483703613
90 4.62907338142395
90 4.634219169616699
90 4.639955520629883
90 4.645617485046387
90 4.651044130325317
90 4.65606427192688
90 4.6617350578308105
90 4.667518138885498
90 4.6722307205200195
90 4.678165912628174
90 4.68285346031189
90 4.68878436088562
90 4.694586277008057
90 4.7005414962768555
90 4.705567121505737
90 4.71095871925354
90 4.7160117626190186
90 4.7246787548065186
90 4.730380296707153
90 4.735128402709961
90 4.740818738937378
90 4.747972249984741
90 4.758463144302368
90 4.7644569873809814
90 4.770282030105591
90 4.775043487548828
90 4.7809014320373535
90 4.785974502563477
90 4.791790008544922
90 4.798532485961914
90 4.803484678268433
90 4.809119701385498
90 4.814275503158569
90 4.8199498653411865
90 4.824683904647827
90 4.830532550811768
90 4.835498809814453
90 4.840943813323975
90 4.847854137420654
90 4.852505683898926
90 4.858345031738281
90 4.863044500350952
90 4.868917226791382
90 4.874144792556763
90 4.879840135574341
90 4.884629726409912
90 4.890390872955322
90 4.895127058029175
90 4.9017345905303955
90 4.907502889633179
90 4.912221670150757
90 4.9181482791900635
90 4.922845125198364
90 4.92876410484314
90 4.933801651000977
90 4.939555406570435
90 4.944381237030029
90 4.950721502304077
90 4.955719232559204
90 4.961555480957031
90 4.967118263244629
90 4.972070217132568
90 4.977967023849487
90 4.982661724090576
90 4.9885430335998535
90 4.993526220321655
90 5.000251531600952
90 5.004984617233276
90 5.010701417922974
90 5.015676975250244
90 5.021125316619873
90 5.026101350784302
90 5.0318989753723145
90 5.037837266921997
90 5.042375564575195
90 5.048452138900757
90 5.054378032684326
90 5.06005597114563
90 5.0647993087768555
90 5.072116851806641
90 5.078125953674316
90 5.08286190032959
90 5.089663982391357
90 5.094424724578857
90 5.100852966308594
90 5.105894565582275
90 5.112159013748169
90 5.11808705329895
90 5.122785806655884
90 5.128589391708374
90 5.133486986160278
90 5.138970613479614
90 5.14408016204834
90 5.14978814125061
90 5.160892009735107
90 5.168335676193237
90 5.173011302947998
90 5.1789209842681885
90 5.184068918228149
90 5.189890384674072
90 5.194611549377441
90 5.20027232170105
90 5.206025838851929
90 5.211731195449829
90 5.217456340789795
90 5.222408056259155
90 5.228444337844849
90 5.233415842056274
90 5.238959789276123
90 5.244118928909302
90 5.249818563461304
90 5.255615234375
90 5.26108455657959
90 5.266099452972412
90 5.271794557571411
90 5.277546405792236
90 5.282229661941528
90 5.288323163986206
90 5.293002605438232
90 5.298739910125732
90 5.304561614990234
90 5.310244083404541
90 5.315005779266357
90 5.32069730758667
90 5.325692415237427
90 5.331119537353516
90 5.336493492126465
90 5.341844797134399
90 5.348012924194336
90 5.352763891220093
90 5.35947847366333
90 5.364314317703247
90 5.3700244426727295
90 5.374785423278809
90 5.380439758300781
90 5.385487079620361
90 5.390912055969238
90 5.39593768119812
90 5.401628255844116
90 5.408506393432617
90 5.413421630859375
90 5.418912887573242
90 5.424100399017334
90 5.429801940917969
90 5.434557676315308
90 5.440232753753662
90 5.444969415664673
90 5.450629234313965
90 5.457407474517822
90 5.462100982666016
90 5.468169450759888
90 5.472880840301514
90 5.478879451751709
90 5.484112501144409
90 5.489775896072388
90 5.494511365890503
90 5.500205993652344
90 5.504943609237671
90 5.51148533821106
90 5.517390727996826
90 5.5220787525177
90 5.5287792682647705
90 5.533790588378906
90 5.539522171020508
90 5.544340133666992
90 5.550031661987305
90 5.5606091022491455
90 5.568287372589111
90 5.572970151901245
90 5.5788280963897705
90 5.583824396133423
90 5.589858055114746
90 5.5945961475372314
90 5.600255012512207
90 5.604977130889893
90 5.611705303192139
90 5.617459774017334
90 5.622116565704346
90 5.62803053855896
90 5.632734298706055
90 5.638453006744385
90 5.643375396728516
90 5.649005174636841
90 5.6541314125061035
90 5.660578489303589
90 5.665546894073486
90 5.670963764190674
90 5.6759727001190186
90 5.681721210479736
90 5.687438011169434
90 5.692093849182129
90 5.698066711425781
90 5.7027788162231445
90 5.709774494171143
90 5.714577674865723
90 5.720233678817749
90 5.724998950958252
90 5.730672597885132
90 5.735661029815674
90 5.7414915561676025
90 5.746622562408447
90 5.751969814300537
90 5.757895231246948
90 5.763553142547607
90 5.769485712051392
90 5.774307012557983
90 5.780006647109985
90 5.784716844558716
90 5.790369510650635
90 5.795493841171265
90 5.800900220870972
90 5.8058929443359375
90 5.812492609024048
90 5.818276882171631
90 5.822935342788696
90 5.828796625137329
90 5.833949327468872
90 5.839539051055908
90 5.844341278076172
90 5.850021600723267
90 5.854762077331543
90 5.860424041748047
90 5.866596460342407
90 5.872063159942627
90 5.878026962280273
90 5.882740020751953
90 5.8886332511901855
90 5.893712282180786
90 5.899092197418213
90 5.904202938079834
90 5.909860610961914
90 5.915591239929199
90 5.9210286140441895
90 5.9260313510894775
90 5.931677341461182
90 5.937428712844849
90 5.942086696624756
90 5.948184013366699
90 5.95287299156189
90 5.965064764022827
90 5.970887660980225
90 5.9758689403533936
90 5.981700658798218
90 5.9874162673950195
90 5.998000621795654
90 6.0027689933776855
90 6.008749961853027
90 6.014629125595093
90 6.020517587661743
90 6.02549147605896
90 6.030951023101807
90 6.035945653915405
90 6.04161810874939
90 6.047369956970215
90 6.052099227905273
90 6.058026313781738
90 6.062730312347412
90 6.069565534591675
90 6.0743584632873535
90 6.080045461654663
90 6.084944248199463
90 6.090607643127441
90 6.095609426498413
90 6.101024389266968
90 6.106056213378906
90 6.113553285598755
90 6.12018609046936
90 6.125722885131836
90 6.131596803665161
90 6.137341737747192
90 6.14202094078064
90 6.1483848094940186
90 6.153079271316528
90 6.158838748931885
90 6.163970470428467
90 6.170390367507935
90 6.175127267837524
90 6.180808782577515
90 6.185844898223877
90 6.191675662994385
90 6.197420597076416
90 6.202110528945923
90 6.208061695098877
90 6.212800025939941
90 6.219656944274902
90 6.224429130554199
90 6.2301270961761475
90 6.234880447387695
90 6.240591526031494
90 6.245625734329224
90 6.251450061798096
90 6.256593465805054
90 6.262071847915649
90 6.2686450481414795
90 6.273703575134277
90 6.279104709625244
90 6.2842442989349365
90 6.289942264556885
90 6.294697999954224
90 6.300377607345581
90 6.305109739303589
90 6.310920000076294
90 6.315954208374023
90 6.32257604598999
90 6.328348636627197
90 6.33302640914917
90 6.338749408721924
90 6.343759298324585
90 6.349483966827393
90 6.354346752166748
90 6.365624666213989
90 6.3724143505096436
90 6.378431558609009
90 6.383107662200928
90 6.389084815979004
90 6.394221305847168
90 6.399892807006836
90 6.40459942817688
90 6.410427808761597
90 6.4151294231414795
90 6.42170786857605
90 6.4274420738220215
90 6.438013076782227
90 6.442674160003662
90 6.448352575302124
90 6.452992916107178
90 6.458708763122559
90 6.46368932723999
90 6.469064235687256
90 6.474943161010742
90 6.482254981994629
90 6.488317251205444
90 6.492948055267334
90 6.498635530471802
90 6.503535985946655
90 6.509001970291138
90 6.514137506484985
90 6.519970893859863
90 6.525700569152832
90 6.532005548477173
90 6.537922620773315
90 6.542536973953247
90 6.548444986343384
90 6.553090810775757
90 6.562140941619873
90 6.568131923675537
90 6.573961019515991
90 6.579558372497559
90 6.5843825340271
90 6.590112686157227
90 6.594825506210327
90 6.600464105606079
90 6.605479955673218
90 6.61108136177063
90 6.616060733795166
90 6.621710300445557
90 6.628426551818848
90 6.633074760437012
90 6.6387856006622314
90 6.643822193145752
90 6.649790287017822
90 6.654585838317871
90 6.660244941711426
90 6.664955139160156
90 6.670773506164551
90 6.677536487579346
90 6.682196140289307
90 6.688080787658691
90 6.692768573760986
90 6.698473691940308
90 6.7034196853637695
90 6.708890438079834
90 6.714011192321777
90 6.719682455062866
90 6.725090980529785
90 6.730927228927612
90 6.735954761505127
90 6.741632461547852
90 6.747393608093262
90 6.752074718475342
90 6.758048057556152
90 6.769643068313599
90 6.7743613719940186
90 6.781059265136719
90 6.786039113998413
90 6.791947603225708
90 6.797873020172119
90 6.802543640136719
90 6.808356761932373
90 6.813014507293701
90 6.818708658218384
90 6.823744297027588
90 6.830253839492798
90 6.83499002456665
90 6.840611934661865
90 6.845569610595703
90 6.851107597351074
90 6.856075286865234
90 6.861733675003052
90 6.867490768432617
90 6.872155427932739
90 6.8787689208984375
90 6.88381290435791
90 6.889537572860718
90 6.894326210021973
90 6.899985074996948
90 6.904833078384399
90 6.910690784454346
90 6.9156577587127686
90 6.92104697227478
90 6.926029920578003
90 6.9323694705963135
90 6.938160181045532
90 6.942823648452759
90 6.948521137237549
90 6.95339298248291
90 6.958867788314819
90 6.963999271392822
90 6.969832420349121
90 6.974596977233887
90 6.9809935092926025
90 6.986024856567383
90 7.004544734954834
90 7.016049146652222
90 7.024662017822266
90 7.0374884605407715
90 7.050340175628662
90 7.058929681777954
90 7.073373556137085
90 7.082112789154053
90 7.092890739440918
90 7.102987766265869
90 7.115097761154175
90 7.12815260887146
90 7.140323638916016
90 7.1528000831604
90 7.164632797241211
90 7.171998977661133
90 7.1781110763549805
90 7.18282675743103
90 7.188680171966553
90 7.193683862686157
90 7.202833414077759
90 7.217341184616089
90 7.225830078125
90 7.231894254684448
90 7.237811088562012
90 7.242371559143066
90 7.2481560707092285
90 7.252816915512085
90 7.259476900100708
90 7.2643022537231445
90 7.2699666023254395
90 7.274675369262695
90 7.280523061752319
90 7.285460472106934
90 7.2908501625061035
90 7.295852422714233
90 7.301694393157959
90 7.308250665664673
90 7.312925815582275
90 7.318775177001953
90 7.323822975158691
90 7.3295063972473145
90 7.3342976570129395
90 7.340140104293823
90 7.344842910766602
90 7.350667238235474
90 7.355654001235962
90 7.361991882324219
90 7.3679046630859375
90 7.372535467147827
90 7.3782854080200195
90 7.382920503616333
90 7.388774633407593
90 7.393784284591675
90 7.3996851444244385
90 7.404458522796631
90 7.41086745262146
90 7.415848255157471
90 7.421429872512817
90 7.426525115966797
90 7.431787729263306
90 7.4375433921813965
90 7.442539691925049
90 7.448303937911987
90 7.452930450439453
90 7.458794116973877
90 7.464694976806641
90 7.47037935256958
90 7.475078105926514
90 7.480700254440308
90 7.485666751861572
90 7.492856502532959
90 7.498744487762451
90 7.503738641738892
90 7.509092330932617
90 7.5149922370910645
90 7.520822763442993
90 7.525814056396484
90 7.532263994216919
90 7.538160085678101
90 7.542897462844849
90 7.5486390590667725
90 7.553645372390747
90 7.559035778045654
90 7.571713209152222
90 7.577421426773071
90 7.5825135707855225
90 7.588444471359253
90 7.593125104904175
90 7.598984956741333
90 7.604140281677246
90 7.609833240509033
90 7.615471124649048
90 7.6209142208099365
90 7.625919342041016
90 7.650685787200928
90 7.660302639007568
90 7.674655199050903
90 7.685092449188232
90 7.691946029663086
90 7.698034763336182
90 7.702764987945557
90 7.708471059799194
90 7.714346170425415
90 7.720024824142456
90 7.724759101867676
90 7.730396270751953
90 7.740110158920288
90 7.75268292427063
90 7.7688820362091064
90 7.7740631103515625
90 7.77972412109375
90 7.784423589706421
90 7.79005765914917
90 7.794787406921387
90 7.800444841384888
90 7.805482387542725
90 7.810873508453369
90 7.8179333209991455
90 7.822584629058838
90 7.82838249206543
90 7.8330397605896
90 7.838906526565552
90 7.844001770019531
90 7.849714279174805
90 7.854437351226807
90 7.860104560852051
90 7.86480975151062
90 7.871448278427124
90 7.8766257762908936
90 7.882054805755615
90 7.887988328933716
90 7.8925940990448
90 7.898355722427368
90 7.903469800949097
90 7.908969879150391
90 7.914128541946411
90 7.92051362991333
90 7.925464868545532
90 7.930876970291138
90 7.9358437061309814
90 7.941660165786743
90 7.947393894195557
90 7.952214002609253
90 7.958129644393921
90 7.962801456451416
90 7.975027322769165
90 7.98084831237793
90 7.985822916030884
90 7.9916627407073975
90 7.9974589347839355
90 8.002553462982178
90 8.008307933807373
90 8.012981176376343
90 8.019864082336426
90 8.024589776992798
90 8.030347347259521
90 8.035069942474365
90 8.040724992752075
90 8.04572582244873
90 8.051090955734253
90 8.05608057975769
90 8.061912298202515
90 8.068011999130249
90 8.073901414871216
90 8.07954454421997
90 8.084326982498169
90 8.08997917175293
90 8.09467077255249
90 8.100342512130737
90 8.105077266693115
90 8.110707998275757
90 8.115690469741821
90 8.130959272384644
90 8.135985851287842
90 8.15204906463623
90 8.173964262008667
90 8.181702613830566
90 8.187461614608765
90 8.192137956619263
90 8.198198556900024
90 8.203461170196533
90 8.208981037139893
90 8.214142084121704
90 8.220693588256836
90 8.22974967956543
90 8.242814540863037
90 8.249056339263916
90 8.25416898727417
90 8.259830474853516
90 8.264950513839722
90 8.270614624023438
90 8.27738618850708
90 8.282077074050903
90 8.288000345230103
90 8.292587757110596
90 8.300403594970703
90 8.305104732513428
90 8.310728549957275
90 8.315706253051758
90 8.321714639663696
90 8.32853388786316
90 8.333423376083374
90 8.338863611221313
90 8.34395170211792
90 8.349569082260132
90 8.354366540908813
90 8.360170125961304
90 8.370288133621216
90 8.378309488296509
90 8.382950067520142
90 8.38880467414856
90 8.393824577331543
90 8.39980936050415
90 8.40454626083374
90 8.410237073898315
90 8.414958953857422
90 8.420754432678223
90 8.427436828613281
90 8.43212103843689
90 8.438014030456543
90 8.442698001861572
90 8.448410987854004
90 8.453056335449219
90 8.458931922912598
90 8.464066505432129
90 8.469725608825684
90 8.4744291305542
90 8.481003046035767
90 8.48604154586792
90 8.491701602935791
90 8.497414112091064
90 8.50212836265564
90 8.508033752441406
90 8.512706995010376
90 8.518568992614746
90 8.523487567901611
90 8.530584335327148
90 8.53567624092102
90 8.541542053222656
90 8.547046899795532
90 8.551975727081299
90 8.557903528213501
90 8.562521934509277
90 8.568300008773804
90 8.572944164276123
90 8.579784870147705
90 8.584500789642334
90 8.590336561203003
90 8.595094203948975
90 8.60092043876648
90 8.605897903442383
90 8.611538171768188
90 8.617018461227417
90 8.621988534927368
90 8.6285719871521
90 8.633495569229126
90 8.638968229293823
90 8.644100904464722
90 8.64978575706482
90 8.65451192855835
90 8.660328388214111
90 8.665061712265015
90 8.670746326446533
90 8.675751686096191
90 8.68219780921936
90 8.688120603561401
90 8.692788362503052
90 8.698478937149048
90 8.703412055969238
90 8.708872318267822
90 8.714051008224487
90 8.719905853271484
90 8.724629878997803
90 8.731070280075073
90 8.73607063293457
90 8.741726636886597
90 8.747488260269165
90 8.752150297164917
90 8.758063077926636
90 8.762748718261719
90 8.773127794265747
90 8.781420230865479
90 8.786596775054932
90 8.792046546936035
90 8.798267841339111
90 8.811617612838745
90 8.818200588226318
90 8.822871208190918
90 8.828737258911133
90 8.834625244140625
90 8.840794324874878
90 8.845772981643677
90 8.851606369018555
90 8.857369422912598
90 8.910605430603027
90 8.915574789047241
90 8.920988321304321
90 8.925988912582397
90 8.932528734207153
90 8.938369512557983
90 8.943022012710571
90 8.94874382019043
90 8.953744649887085
90 8.959633827209473
90 8.964370012283325
90 8.970043659210205
90 8.974777698516846
90 8.980659008026123
90 8.987414360046387
90 8.992097854614258
90 8.998088836669922
90 9.002809286117554
90 9.008482933044434
90 9.018012285232544
90 9.022751808166504
90 9.028456211090088
90 9.034322261810303
90 9.040046453475952
90 9.04482889175415
90 9.05048680305481
90 9.055452108383179
90 9.060893535614014
90 9.06593918800354
90 9.071592092514038
90 9.07710886001587
90 9.082160711288452
90 9.08883285522461
90 9.093899488449097
90 9.099538326263428
90 9.104353189468384
90 9.110224962234497
90 9.114989042282104
90 9.120670557022095
90 9.125669956207275
90 9.131083726882935
90 9.138204336166382
90 9.142916679382324
90 9.148637533187866
90 9.153559923171997
90 9.159074783325195
90 9.164221048355103
90 9.175026178359985
90 9.180834770202637
90 9.187475204467773
90 9.192390441894531
90 9.198442697525024
90 9.203391551971436
90 9.208833932876587
90 9.213897466659546
90 9.21964144706726
90 9.22439956665039
90 9.230023860931396
90 9.234766960144043
90 9.241532802581787
90 9.247052669525146
90 9.251964569091797
90 9.25804090499878
90 9.262761354446411
90 9.268474102020264
90 9.273359298706055
90 9.278926372528076
90 9.284077405929565
90 9.29041314125061
90 9.295114040374756
90 9.300739526748657
90 9.305761098861694
90 9.311401844024658
90 9.316558837890625
90 9.322008848190308
90 9.327910423278809
90 9.332563638687134
90 9.339066505432129
90 9.344247341156006
90 9.34992241859436
90 9.3546142578125
90 9.360294580459595
90 9.36498212814331
90 9.37075424194336
90 9.375714302062988
90 9.38148832321167
90 9.386622667312622
90 9.392895698547363
90 9.398615837097168
90 9.403530836105347
90 9.408975839614868
90 9.414121150970459
90 9.41981816291809
90 9.424528360366821
90 9.430196523666382
90 9.434905529022217
90 9.441679954528809
90 9.44741678237915
90 9.452089071273804
90 9.458066701889038
90 9.462755918502808
90 9.468486070632935
90 9.473410367965698
90 9.478895425796509
90 9.484050035476685
90 9.489740133285522
90 9.495543003082275
90 9.501415491104126
90 9.506612062454224
90 9.511926889419556
90 9.517845392227173
90 9.522388458251953
90 9.528907775878906
90 9.534032106399536
90 9.539698839187622
90 9.54546070098877
90 9.55083680152893
90 9.555854797363281
90 9.561676502227783
90 9.567414999008179
90 9.57879900932312
90 9.583820104598999
90 9.59966492652893
90 9.604464530944824
90 9.610548734664917
90 9.615506172180176
90 9.621108293533325
90 9.627464056015015
90 9.632416248321533
90 9.63823938369751
90 9.644080400466919
90 9.649789333343506
90 9.654500246047974
90 9.660178184509277
90 9.664924383163452
90 9.670564413070679
90 9.675546884536743
90 9.681089639663696
90 9.686100482940674
90 9.691778898239136
90 9.698482513427734
90 9.705540657043457
90 9.710962772369385
90 9.715955972671509
90 9.721579551696777
90 9.727910280227661
90 9.741491317749023
90 9.748164415359497
90 9.752838850021362
90 9.767458200454712
90 9.772117853164673
90 9.792375564575195
90 9.804666519165039
90 9.830804824829102
90 9.865469217300415
90 9.890487670898438
90 9.920336484909058
90 9.944769382476807
90 9.959976434707642
90 9.982762813568115
90 10.014402151107788
90 10.024988651275635
90 10.04164171218872
90 10.04738450050354
90 10.052842617034912
90 10.062058448791504
90 10.067978620529175
90 10.072661399841309
90 10.078856945037842
90 10.083973407745361
90 10.092158317565918
90 10.108676671981812
90 10.116697072982788
90 10.13211703300476
90 10.140907287597656
90 10.15278673171997
90 10.159659385681152
90 10.164915323257446
90 10.172741174697876
90 10.17847490310669
90 10.191717147827148
90 10.197545766830444
90 10.212080478668213
90 10.218568325042725
90 10.234822988510132
90 10.241116762161255
90 10.246108531951904
90 10.251948595046997
90 10.2582688331604
90 10.264170408248901
90 10.269855499267578
90 10.274606943130493
90 10.280463933944702
90 10.28549599647522
90 10.293119430541992
90 10.298843383789062
90 10.303961515426636
90 10.31063461303711
90 10.315757989883423
90 10.321414709091187
90 10.326984882354736
90 10.331929683685303
90 10.33803105354309
90 10.34276533126831
90 10.348480224609375
90 10.353370904922485
90 10.35883641242981
90 10.364750146865845
90 10.370428800582886
90 10.381838321685791
90 10.387569665908813
90 10.392597436904907
90 10.398573160171509
90 10.403475522994995
90 10.409435749053955
90 10.415050983428955
90 10.420722723007202
90 10.42569088935852
90 10.43108582496643
90 10.436083316802979
90 10.441747188568115
90 10.447540998458862
90 10.452183961868286
90 10.458279848098755
90 10.46415376663208
90 10.469846725463867
90 10.474621295928955
90 10.480282068252563
90 10.484980821609497
90 10.492127895355225
90 10.498056888580322
90 10.502786636352539
90 10.508511304855347
90 10.51439642906189
90 10.520209312438965
90 10.524959564208984
90 10.531497240066528
90 10.537019729614258
90 10.542092084884644
90 10.548021078109741
90 10.552756786346436
90 10.558520317077637
90 10.5643949508667
90 10.570105791091919
90 10.574846267700195
90 10.580689191818237
90 10.585712432861328
90 10.591116428375244
90 10.596484661102295
90 10.601808309555054
90 10.607574462890625
90 10.612367153167725
90 10.618886470794678
90 10.624077081680298
90 10.629717111587524
90 10.634443998336792
90 10.640267848968506
90 10.644992113113403
90 10.650689601898193
90 10.655689001083374
90 10.661084413528442
90 10.66823673248291
90 10.672905683517456
90 10.678620338439941
90 10.683542490005493
90 10.689010858535767
90 10.69417929649353
90 10.70002031326294
90 10.704777956008911
90 10.710444927215576
90 10.71611738204956
90 10.721841812133789
90 10.727807760238647
90 10.732360363006592
90 10.738171100616455
90 10.742855548858643
90 10.748667478561401
90 10.753686904907227
90 10.759539604187012
90 10.764349937438965
90 10.770719051361084
90 10.78210973739624
90 10.78819489479065
90 10.792896270751953
90 10.798900127410889
90 10.80409049987793
90 10.809898376464844
90 10.81464695930481
90 10.821040630340576
90 10.826078653335571
90 10.831809043884277
90 10.83757734298706
90 10.842262744903564
90 10.848174571990967
90 10.852872610092163
90 10.858644008636475
90 10.86368727684021
90 10.870253562927246
90 10.875003576278687
90 10.880845308303833
90 10.885871171951294
90 10.891549587249756
90 10.897061586380005
90 10.901973247528076
90 10.907915353775024
90 10.91260027885437
90 10.918369770050049
90 10.924280643463135
90 10.930183172225952
90 10.934962034225464
90 10.940804481506348
90 10.945811033248901
90 10.951446771621704
90 10.956575870513916
90 10.961899757385254
90 10.967875003814697
90 10.973535776138306
90 10.97900652885437
90 10.984145641326904
90 10.994113206863403
90 11.000434398651123
90 11.005444288253784
90 11.010857582092285
90 11.017082452774048
90 11.02301573753357
90 11.028748989105225
90 11.03378415107727
90 11.03947114944458
90 11.04434061050415
90 11.050061225891113
90 11.054812908172607
90 11.060680150985718
90 11.065654993057251
90 11.07212495803833
90 11.078102111816406
90 11.08280348777771
90 11.088512897491455
90 11.09343671798706
90 11.098925828933716
90 11.104101181030273
90 11.109793663024902
90 11.114532947540283
90 11.120384693145752
90 11.1266028881073
90 11.131943702697754
90 11.137887477874756
90 11.142544031143188
90 11.148330688476562
90 11.153014898300171
90 11.158726215362549
90 11.163746118545532
90 11.169434070587158
90 11.18055510520935
90 11.187580108642578
90 11.192765951156616
90 11.198655605316162
90 11.203717231750488
90 11.209635972976685
90 11.214396238327026
90 11.220078706741333
90 11.225774049758911
90 11.23145318031311
90 11.236605405807495
90 11.242083072662354
90 11.248008966445923
90 11.252692699432373
90 11.258454084396362
90 11.263409852981567
90 11.268888235092163
90 11.274062156677246
90 11.28049373626709
90 11.285454273223877
90 11.290894746780396
90 11.29589033126831
90 11.30177617073059
90 11.307507514953613
90 11.312184572219849
90 11.318315744400024
90 11.322987079620361
90 11.329760789871216
90 11.334486484527588
90 11.340115070343018
90 11.344878196716309
90 11.350554704666138
90 11.355568408966064
90 11.361353635787964
90 11.366112232208252
90 11.371813774108887
90 11.378517389297485
90 11.383450984954834
90 11.388957023620605
90 11.394118070602417
90 11.39980936050415
90 11.40455150604248
90 11.410231351852417
90 11.414977550506592
90 11.420759439468384
90 11.425794124603271
90 11.432174444198608
90 11.438095092773438
90 11.442790269851685
90 11.452030897140503
90 11.458021402359009
90 11.462727546691895
90 11.468473672866821
90 11.473399877548218
90 11.48023009300232
90 11.484977006912231
90 11.490700960159302
90 11.49573016166687
90 11.501418590545654
90 11.506596088409424
90 11.511950254440308
90 11.517890930175781
90 11.522528171539307
90 11.530096769332886
90 11.53490424156189
90 11.540728569030762
90 11.545770645141602
90 11.551637649536133
90 11.557372331619263
90 11.56208062171936
90 11.56803822517395
90 11.57275104522705
90 11.585512638092041
90 11.591092348098755
90 11.59608006477356
90 11.602072477340698
90 11.608126401901245
90 11.612818002700806
90 11.6186203956604
90 11.62353229522705
90 11.628984928131104
90 11.634882926940918
90 11.640533924102783
90 11.64554500579834
90 11.650955438613892
90 11.656001091003418
90 11.661817789077759
90 11.66757345199585
90 11.672396421432495
90 11.678253173828125
90 11.684160232543945
90 11.689865350723267
90 11.694616317749023
90 11.700353384017944
90 11.705074548721313
90 11.710914611816406
90 11.715965986251831
90 11.721767902374268
90 11.727527141571045
90 11.733128309249878
90 11.738869905471802
90 11.744046449661255
90 11.749722480773926
90 11.754467010498047
90 11.760127782821655
90 11.76483416557312
90 11.770472764968872
90 11.775451898574829
90 11.781126260757446
90 11.788057804107666
90 11.792762279510498
90 11.798467874526978
90 11.803370952606201
90 11.808863401412964
90 11.813955783843994
90 11.819566249847412
90 11.824386835098267
90 11.830037832260132
90 11.835715293884277
90 11.841536521911621
90 11.847047567367554
90 11.851977348327637
90 11.85795259475708
90 11.862592220306396
90 11.868413925170898
90 11.873080730438232
90 11.878790378570557
90 11.883885145187378
90 11.890399694442749
90 11.895121097564697
90 11.900950908660889
90 11.905992984771729
90 11.911679983139038
90 11.917474746704102
90 11.922160148620605
90 11.928145408630371
90 11.932876586914062
90 11.939788818359375
90 11.944603681564331
90 11.950324535369873
90 11.95502758026123
90 11.960856914520264
90 11.965848922729492
90 11.97166633605957
90 11.982917308807373
90 11.993031024932861
90 11.998974561691284
90 12.004135370254517
90 12.009990215301514
90 12.014740943908691
90 12.020551681518555
90 12.025584936141968
90 12.032935857772827
90 12.039807319641113
90 12.044559478759766
90 12.050774574279785
90 12.05583930015564
90 12.06148910522461
90 12.066609859466553
90 12.072580814361572
90 12.078482866287231
90 12.083382606506348
90 12.089934349060059
90 12.094682455062866
90 12.100556373596191
90 12.10555648803711
90 12.11094069480896
90 12.115952968597412
90 12.121631383895874
90 12.12739086151123
90 12.132053136825562
90 12.138134002685547
90 12.144043922424316
90 12.14975619316101
90 12.154486179351807
90 12.160178899765015
90 12.164960861206055
90 12.170597076416016
90 12.175597906112671
90 12.180995464324951
90 12.186043739318848
90 12.199458360671997
90 12.204333066940308
90 12.210013151168823
90 12.214776515960693
90 12.220446109771729
90 12.225488424301147
90 12.231125116348267
90 12.236528396606445
90 12.242834091186523
90 12.248584985733032
90 12.25365138053894
90 12.259509086608887
90 12.264349937438965
90 12.270028829574585
90 12.274785280227661
90 12.280447483062744
90 12.28543210029602
90 12.291935443878174
90 12.297859191894531
90 12.302430868148804
90 12.308271646499634
90 12.31293249130249
90 12.318837404251099
90 12.323949098587036
90 12.329549789428711
90 12.334386348724365
90 12.340041875839233
90 12.3458251953125
90 12.35144829750061
90 12.356595993041992
90 12.362085580825806
90 12.3680419921875
90 12.372756719589233
90 12.384291172027588
90 12.390113115310669
90 12.395915508270264
90 12.401729822158813
90 12.40746021270752
90 12.41237735748291
90 12.41825008392334
90 12.422930240631104
90 12.428638219833374
90 12.433709144592285
90 12.439562797546387
90 12.445056915283203
90 12.450764656066895
90 12.45573902130127
90 12.461131811141968
90 12.46612548828125
90 12.471778154373169
90 12.477560997009277
90 12.48221731185913
90 12.48830771446228
90 12.492974758148193
90 12.500013828277588
90 12.504752159118652
90 12.510436058044434
90 12.515371561050415
90 12.520811557769775
90 12.525813817977905
90 12.532108306884766
90 12.538058042526245
90 12.542745351791382
90 12.549529790878296
90 12.554340839385986
90 12.560189247131348
90 12.564940452575684
90 12.570579290390015
90 12.575558185577393
90 12.580949068069458
90 12.58600664138794
90 12.591711044311523
90 12.59837031364441
90 12.603044271469116
90 12.608767032623291
90 12.613889217376709
90 12.619839429855347
90 12.624606370925903
90 12.63026213645935
90 12.634977102279663
90 12.640617609024048
90 12.646632671356201
90 12.651952981948853
90 12.657864570617676
90 12.66242504119873
90 12.66845440864563
90 12.673383951187134
90 12.679027318954468
90 12.684159755706787
90 12.689815521240234
90 12.69456958770752
90 12.700967073440552
90 12.70596194267273
90 12.711641550064087
90 12.717363595962524
90 12.722065210342407
90 12.728033304214478
90 12.732751607894897
90 12.73862361907959
90 12.743564128875732
90 12.75022840499878
90 12.754983901977539
90 12.76069450378418
90 12.765669584274292
90 12.771080732345581
90 12.776082515716553
90 12.788246870040894
90 12.792908430099487
90 12.80000376701355
90 12.804784536361694
90 12.810607194900513
90 12.815576791763306
90 12.82096552848816
90 12.8259756565094
90 12.831689834594727
90 12.83743405342102
90 12.842090368270874
90 12.84800672531128
90 12.853775024414062
90 12.859731197357178
90 12.864468097686768
90 12.870115280151367
90 12.874866008758545
90 12.880675315856934
90 12.885656595230103
90 12.891076564788818
90 12.896080017089844
90 12.902727365493774
90 12.908445596694946
90 12.913374900817871
90 12.919052600860596
90 12.924162864685059
90 12.929853200912476
90 12.934597969055176
90 12.940267324447632
90 12.945008516311646
90 12.951688766479492
90 12.957427263259888
90 12.962170600891113
90 12.96813178062439
90 12.972841024398804
90 12.978762149810791
90 12.98381233215332
90 12.997552871704102
90 13.019056797027588
