0 0.007869243621826172
0 0.021216392517089844
0 0.02823019027709961
1 0.03322553634643555
2 0.03974151611328125
2 0.04584097862243652
4 0.05118560791015625
6 0.05926084518432617
8 0.06642389297485352
10 0.0714728832244873
12 0.07834577560424805
14 0.08337831497192383
17 0.0893101692199707
19 0.09544730186462402
25 0.1068732738494873
30 0.11543393135070801
34 0.12103056907653809
38 0.12746286392211914
42 0.13290929794311523
47 0.13899779319763184
50 0.14434146881103516
54 0.15033364295959473
59 0.15674138069152832
64 0.1621417999267578
70 0.1690530776977539
74 0.1744551658630371
78 0.1805262565612793
84 0.18688511848449707
86 0.19236111640930176
90 0.1983654499053955
94 0.20343446731567383
96 0.20943355560302734
100 0.21675467491149902
102 0.22214078903198242
104 0.22827744483947754
106 0.23338651657104492
108 0.23944735527038574
110 0.24579858779907227
111 0.25102853775024414
112 0.257307767868042
112 0.2628145217895508
114 0.26979708671569824
114 0.27591776847839355
114 0.2812817096710205
114 0.287341833114624
113 0.29280638694763184
112 0.2988722324371338
112 0.3043053150177002
110 0.3103172779083252
110 0.3172173500061035
108 0.32270145416259766
106 0.32876110076904297
104 0.3341391086578369
102 0.3403620719909668
101 0.3466639518737793
99 0.35205721855163574
98 0.3582041263580322
96 0.36334991455078125
94 0.37043094635009766
92 0.3768336772918701
89 0.3937826156616211
88 0.4001009464263916
88 0.40808916091918945
87 0.4131782054901123
86 0.42656493186950684
86 0.4399735927581787
86 0.4527566432952881
88 0.4678802490234375
89 0.4770956039428711
90 0.4919118881225586
90 0.5099596977233887
91 0.5212867259979248
92 0.5353753566741943
92 0.5487146377563477
91 0.5557456016540527
91 0.5610823631286621
91 0.567176342010498
91 0.5726447105407715
91 0.5787613391876221
90 0.5840487480163574
90 0.5994665622711182
90 0.6104273796081543
90 0.6183133125305176
90 0.6238856315612793
90 0.6299386024475098
90 0.6362953186035156
90 0.6413040161132812
90 0.6474301815032959
90 0.6538445949554443
90 0.6598527431488037
90 0.6659352779388428
90 0.6710741519927979
90 0.6770944595336914
90 0.6825239658355713
90 0.6884973049163818
90 0.6937506198883057
90 0.7005524635314941
90 0.7068052291870117
90 0.7120993137359619
90 0.71820068359375
90 0.7231907844543457
90 0.7291226387023926
90 0.7344129085540771
90 0.740351676940918
90 0.7465834617614746
90 0.7527093887329102
90 0.7587795257568359
90 0.7640995979309082
90 0.7700285911560059
90 0.7764256000518799
90 0.7813980579376221
90 0.7873349189758301
90 0.7927083969116211
90 0.798616886138916
90 0.804922342300415
90 0.8104794025421143
90 0.81683349609375
90 0.8221306800842285
90 0.828209638595581
90 0.8332185745239258
90 0.8464593887329102
90 0.8514018058776855
90 0.858487606048584
90 0.8634731769561768
90 0.8693857192993164
90 0.8753955364227295
90 0.8808712959289551
90 0.8870203495025635
90 0.8924198150634766
90 0.8983380794525146
90 0.911109447479248
90 0.9183845520019531
90 0.9233443737030029
90 0.9294097423553467
90 0.9354469776153564
90 0.9412670135498047
90 0.9472339153289795
90 0.952650785446167
90 0.9593143463134766
90 0.9653360843658447
90 0.9705140590667725
90 0.9766945838928223
90 0.9818696975708008
90 0.987919807434082
90 0.9930393695831299
90 0.9991543292999268
90 1.0063142776489258
90 1.0112850666046143
90 1.017242193222046
90 1.0227022171020508
90 1.0286107063293457
90 1.033827543258667
90 1.0399198532104492
90 1.0461351871490479
90 1.051126480102539
90 1.0582835674285889
90 1.0632667541503906
90 1.0691735744476318
90 1.0744197368621826
90 1.0803453922271729
90 1.0865294933319092
90 1.0914618968963623
90 1.097440242767334
90 1.102841854095459
90 1.109438419342041
90 1.115422010421753
90 1.1210479736328125
90 1.1270432472229004
90 1.132460355758667
90 1.1384093761444092
90 1.1433944702148438
90 1.1492578983306885
90 1.1548681259155273
90 1.1614277362823486
90 1.1679227352142334
90 1.1730127334594727
90 1.1790921688079834
90 1.1843183040618896
90 1.190262794494629
90 1.1964476108551025
90 1.2013943195343018
90 1.208479642868042
90 1.213785171508789
90 1.219465970993042
90 1.2254619598388672
90 1.2308828830718994
90 1.2370729446411133
90 1.2425034046173096
90 1.2484302520751953
90 1.2534091472625732
90 1.2602880001068115
90 1.2664875984191895
90 1.2714011669158936
90 1.2773370742797852
90 1.2827200889587402
90 1.288619041442871
90 1.2938168048858643
90 1.29996919631958
90 1.3128058910369873
90 1.318887710571289
90 1.3241119384765625
90 1.3301959037780762
90 1.336595058441162
90 1.3417623043060303
90 1.3477952480316162
90 1.3529314994812012
90 1.35899019241333
90 1.3659241199493408
90 1.3710463047027588
90 1.3770418167114258
90 1.3824412822723389
90 1.3884127140045166
90 1.393392562866211
90 1.3992602825164795
90 1.4048981666564941
90 1.411444902420044
90 1.4178907871246338
90 1.4229295253753662
90 1.4290192127227783
90 1.4342551231384277
90 1.4401988983154297
90 1.4463539123535156
90 1.4512829780578613
90 1.4590299129486084
90 1.4661204814910889
90 1.4710748195648193
90 1.4780535697937012
90 1.4830610752105713
90 1.4889585971832275
90 1.4953253269195557
90 1.5005035400390625
90 1.5066871643066406
90 1.5126733779907227
90 1.5186526775360107
90 1.5239527225494385
90 1.5298902988433838
90 1.5363473892211914
90 1.5412960052490234
90 1.5472607612609863
90 1.552659273147583
90 1.5586810111999512
90 1.5654292106628418
90 1.5705969333648682
90 1.576761245727539
90 1.5819129943847656
90 1.588024377822876
90 1.5930390357971191
90 1.5990889072418213
90 1.6043272018432617
90 1.6102726459503174
90 1.6172518730163574
90 1.6226611137390137
90 1.6285862922668457
90 1.633791208267212
90 1.6394281387329102
90 1.6454493999481201
90 1.6507601737976074
90 1.6570289134979248
90 1.662397861480713
90 1.6690466403961182
90 1.6743133068084717
90 1.680234432220459
90 1.6865673065185547
90 1.6917192935943604
90 1.6974382400512695
90 1.7051506042480469
90 1.7165908813476562
90 1.7217938899993896
90 1.728137731552124
90 1.7331500053405762
90 1.7392797470092773
90 1.7449040412902832
90 1.7504751682281494
90 1.7566947937011719
90 1.7618448734283447
90 1.7686500549316406
90 1.7738492488861084
90 1.7799675464630127
90 1.7861683368682861
90 1.7911531925201416
90 1.7971758842468262
90 1.8025877475738525
90 1.8085260391235352
90 1.8137359619140625
90 1.8205842971801758
90 1.8267686367034912
90 1.8321561813354492
90 1.8384194374084473
90 1.8434174060821533
90 1.8492934703826904
90 1.8549220561981201
90 1.8604774475097656
90 1.8666977882385254
90 1.8728387355804443
90 1.8787829875946045
90 1.8840296268463135
90 1.889953374862671
90 1.8962624073028564
90 1.901249885559082
90 1.9072554111480713
90 1.9126687049865723
90 1.920259714126587
90 1.9264564514160156
90 1.9313976764678955
90 1.9373435974121094
90 1.9427223205566406
90 1.9487929344177246
90 1.9540233612060547
90 1.9600980281829834
90 1.966273546218872
90 1.9725687503814697
90 1.9784822463989258
90 1.9834554195404053
90 1.9893646240234375
90 1.995354413986206
90 2.0005452632904053
90 2.0067286491394043
90 2.0118820667266846
90 2.018186569213867
90 2.0241875648498535
90 2.030097246170044
90 2.036273956298828
90 2.0412163734436035
90 2.047196388244629
90 2.0525693893432617
90 2.0585103034973145
90 2.063709259033203
90 2.0693931579589844
90 2.076751708984375
90 2.082040309906006
90 2.0880980491638184
90 2.093104839324951
90 2.0990543365478516
90 2.1100687980651855
90 2.1172101497650146
90 2.123279571533203
90 2.129368305206299
90 2.1357314586639404
90 2.14115309715271
90 2.1471188068389893
90 2.152559518814087
90 2.1584811210632324
90 2.1637496948242188
90 2.169459581375122
90 2.1765618324279785
90 2.1817190647125244
90 2.1874656677246094
90 2.1928696632385254
90 2.1989858150482178
90 2.2042596340179443
90 2.2103524208068848
90 2.2165467739105225
90 2.2214646339416504
90 2.2285680770874023
90 2.233807325363159
90 2.2398433685302734
90 2.2459092140197754
90 2.2510714530944824
90 2.257197618484497
90 2.262566566467285
90 2.2684924602508545
90 2.274475336074829
90 2.280405282974243
90 2.2865653038024902
90 2.2917370796203613
90 2.2974820137023926
90 2.3029139041900635
90 2.3088154792785645
90 2.314044952392578
90 2.3201253414154053
90 2.3270294666290283
90 2.3324134349823
90 2.3384883403778076
90 2.3434643745422363
90 2.3531088829040527
90 2.35910701751709
90 2.3643605709075928
90 2.37028431892395
90 2.3773369789123535
90 2.3827457427978516
90 2.388716697692871
90 2.3939435482025146
90 2.3998632431030273
90 2.4058949947357178
90 2.411072015762329
90 2.4170830249786377
90 2.4225013256073
90 2.4291176795959473
90 2.4344050884246826
90 2.44050669670105
90 2.446676015853882
90 2.4518685340881348
90 2.4579837322235107
90 2.4630160331726074
90 2.4691150188446045
90 2.4743716716766357
90 2.4812774658203125
90 2.487250804901123
90 2.4926748275756836
90 2.500314474105835
90 2.511289596557617
90 2.5188546180725098
90 2.524113416671753
90 2.5318233966827393
90 2.5381669998168945
90 2.543168544769287
90 2.5491321086883545
90 2.55438494682312
90 2.5604655742645264
90 2.5666706562042236
90 2.5719220638275146
90 2.5780532360076904
90 2.584120512008667
90 2.5900373458862305
90 2.5964581966400146
90 2.601442575454712
90 2.6074275970458984
90 2.6128311157226562
90 2.6189346313476562
90 2.6242315769195557
90 2.631256580352783
90 2.6373448371887207
90 2.6427536010742188
90 2.648710250854492
90 2.6539437770843506
90 2.6598851680755615
90 2.6659414768218994
90 2.6711201667785645
90 2.6773250102996826
90 2.683424472808838
90 2.689361333847046
90 2.6954047679901123
90 2.700613260269165
90 2.7068939208984375
90 2.7122440338134766
90 2.718275547027588
90 2.723294734954834
90 2.7294092178344727
90 2.7368249893188477
90 2.7421205043792725
90 2.7482123374938965
90 2.7532036304473877
90 2.7592098712921143
90 2.7648513317108154
90 2.7704246044158936
90 2.7766530513763428
90 2.782705307006836
90 2.7887122631073
90 2.793940544128418
90 2.8000681400299072
90 2.806267738342285
90 2.811229705810547
90 2.8172450065612793
90 2.8226635456085205
90 2.8285977840423584
90 2.834859609603882
90 2.840421676635742
90 2.8466477394104004
90 2.851818561553955
90 2.858168125152588
90 2.863185405731201
90 2.869096517562866
90 2.8744091987609863
90 2.8804285526275635
90 2.8873934745788574
90 2.892824411392212
90 2.8987877368927
90 2.904059886932373
90 2.9174141883850098
90 2.922842502593994
90 2.928943395614624
90 2.9359371662139893
90 2.9412381649017334
90 2.9472336769104004
90 2.9526679515838623
90 2.9585907459259033
90 2.963809013366699
90 2.9694912433624268
90 2.975768804550171
90 2.981144428253174
90 2.988410711288452
90 2.9934463500976562
90 2.9993796348571777
90 3.0054280757904053
90 3.0106213092803955
90 3.016835927963257
90 3.022122621536255
90 3.028184652328491
90 3.0332212448120117
90 3.0402565002441406
90 3.0464742183685303
90 3.0513999462127686
90 3.0573723316192627
90 3.062804698944092
90 3.0686824321746826
90 3.073918581008911
90 3.0798428058624268
90 3.0867252349853516
90 3.0920941829681396
90 3.098302125930786
90 3.103327989578247
90 3.1092469692230225
90 3.1149230003356934
90 3.1207435131073
90 3.126868486404419
90 3.132134199142456
90 3.138967752456665
90 3.144253969192505
90 3.1502344608306885
90 3.156587600708008
90 3.1617636680603027
90 3.167818546295166
90 3.1729207038879395
90 3.1788296699523926
90 3.184086799621582
90 3.191030502319336
90 3.197075366973877
90 3.202465772628784
90 3.20841383934021
90 3.213402032852173
90 3.2194254398345947
90 3.2254605293273926
90 3.2306172847747803
90 3.236900806427002
90 3.243030071258545
90 3.249150276184082
90 3.2544522285461426
90 3.260469436645508
90 3.266648292541504
90 3.2718112468719482
90 3.2781026363372803
90 3.2831552028656006
90 3.290083646774292
90 3.296308994293213
90 3.3012797832489014
90 3.319108009338379
90 3.324404001235962
90 3.3311209678649902
90 3.3373830318450928
90 3.3437788486480713
90 3.349731683731079
90 3.3557586669921875
90 3.3608968257904053
90 3.366922616958618
90 3.3723392486572266
90 3.378492593765259
90 3.3837199211120605
90 3.389716148376465
90 3.3969621658325195
90 3.4023730754852295
90 3.4083704948425293
90 3.413393020629883
90 3.41931414604187
90 3.424969434738159
90 3.430513620376587
90 3.4367246627807617
90 3.4428412914276123
90 3.448798656463623
90 3.4540534019470215
90 3.4602596759796143
90 3.4664762020111084
90 3.4714207649230957
90 3.4773738384246826
90 3.482764959335327
90 3.488719940185547
90 3.4954299926757812
90 3.500769853591919
90 3.5070583820343018
90 3.5125784873962402
90 3.5186586380004883
90 3.5239005088806152
90 3.529907703399658
90 3.5359385013580322
90 3.543822765350342
90 3.549945592880249
90 3.555931806564331
90 3.5613086223602295
90 3.5674643516540527
90 3.5728940963745117
90 3.579000234603882
90 3.5842719078063965
90 3.5902223587036133
90 3.597201347351074
90 3.602638006210327
90 3.6085667610168457
90 3.6138081550598145
90 3.6197257041931152
90 3.6257855892181396
90 3.6309099197387695
90 3.6372435092926025
90 3.642683506011963
90 3.649301290512085
90 3.654958724975586
90 3.6608498096466064
90 3.666898727416992
90 3.6721537113189697
90 3.6782240867614746
90 3.683244466781616
90 3.689319610595703
90 3.6967408657073975
90 3.7020349502563477
90 3.7124838829040527
90 3.7197251319885254
90 3.7257633209228516
90 3.7312333583831787
90 3.7374019622802734
90 3.742830276489258
90 3.7494258880615234
90 3.755722999572754
90 3.761099100112915
90 3.767078399658203
90 3.7725186347961426
90 3.7786571979522705
90 3.7839181423187256
90 3.7898690700531006
90 3.7958881855010986
90 3.8021583557128906
90 3.8082616329193115
90 3.813246965408325
90 3.8194363117218018
90 3.825425148010254
90 3.83078932762146
90 3.837069511413574
90 3.8425350189208984
90 3.849238395690918
90 3.854886293411255
90 3.8604867458343506
90 3.866697072982788
90 3.8719005584716797
90 3.8782074451446533
90 3.8832058906555176
90 3.8891286849975586
90 3.8944294452667236
90 3.901393175125122
90 3.907835006713867
90 3.912912368774414
90 3.9194583892822266
90 3.9257664680480957
90 3.9308969974517822
90 3.9371275901794434
90 3.9425461292266846
90 3.9485034942626953
90 3.9549577236175537
90 3.9605214595794678
90 3.966754198074341
90 3.9720118045806885
90 3.9780781269073486
90 3.983154296875
90 3.9892351627349854
90 3.994882345199585
90 4.001906633377075
90 4.008069753646851
90 4.013118267059326
90 4.019044399261475
90 4.02431845664978
90 4.0302734375
90 4.0364954471588135
90 4.041449785232544
90 4.047420501708984
90 4.053842306137085
90 4.059916019439697
90 4.066157341003418
90 4.071147203445435
90 4.077348232269287
90 4.082776308059692
90 4.088721752166748
90 4.094017028808594
90 4.099961519241333
90 4.106866121292114
90 4.118921279907227
90 4.124197483062744
90 4.130277872085571
90 4.136642217636108
90 4.141808271408081
90 4.148221731185913
90 4.154157876968384
90 4.160080671310425
90 4.166270017623901
90 4.171270370483398
90 4.177423715591431
90 4.182836294174194
90 4.188770294189453
90 4.194019079208374
90 4.199973106384277
90 4.2069923877716064
90 4.212409973144531
90 4.21834397315979
90 4.223357915878296
90 4.2292704582214355
90 4.234881162643433
90 4.240769386291504
90 4.246878385543823
90 4.252132415771484
90 4.258942127227783
90 4.264145135879517
90 4.270058631896973
90 4.276252269744873
90 4.281239986419678
90 4.287383079528809
90 4.292810916900635
90 4.2988762855529785
90 4.305826425552368
90 4.311028480529785
90 4.317036151885986
90 4.322432279586792
90 4.328379154205322
90 4.333368301391602
90 4.339759111404419
90 4.345776081085205
90 4.3508994579315186
90 4.358191251754761
90 4.363194465637207
90 4.369112014770508
90 4.374345541000366
90 4.380266904830933
90 4.386517286300659
90 4.3914711475372314
90 4.39742374420166
90 4.402821063995361
90 4.409753799438477
90 4.415889263153076
90 4.421290397644043
90 4.427256345748901
90 4.43264627456665
90 4.438560485839844
90 4.443776607513428
90 4.449471950531006
90 4.455726623535156
90 4.462020397186279
90 4.468137502670288
90 4.473149299621582
90 4.479242563247681
90 4.484483480453491
90 4.490432500839233
90 4.496588468551636
90 4.501766204833984
90 4.508653402328491
90 4.52042555809021
90 4.526784658432007
90 4.532047748565674
90 4.5383946895599365
90 4.543378591537476
90 4.549403190612793
90 4.555734872817993
90 4.562013864517212
90 4.568058490753174
90 4.573049545288086
90 4.578968286514282
90 4.584260702133179
90 4.590157508850098
90 4.596493721008301
90 4.601449728012085
90 4.607447624206543
90 4.613929986953735
90 4.619854211807251
90 4.625857591629028
90 4.631028652191162
90 4.637079477310181
90 4.646561861038208
90 4.651763439178467
90 4.658087491989136
90 4.664097547531128
90 4.6701390743255615
90 4.676353693008423
90 4.681281328201294
90 4.687242746353149
90 4.692697286605835
90 4.698641300201416
90 4.703928470611572
90 4.709864377975464
90 4.717024087905884
90 4.722441673278809
90 4.728417873382568
90 4.733386993408203
90 4.73928427696228
90 4.74494743347168
90 4.750545263290405
90 4.756778955459595
90 4.762852668762207
90 4.768808841705322
90 4.774109601974487
90 4.780184984207153
90 4.78638768196106
90 4.791359186172485
90 4.7978479862213135
90 4.803017616271973
90 4.808982610702515
90 4.815934419631958
90 4.8211140632629395
90 4.8271098136901855
90 4.832554340362549
90 4.838654518127441
90 4.843904256820679
90 4.849816799163818
90 4.855901479721069
90 4.861135244369507
90 4.868296146392822
90 4.8733344078063965
90 4.879244089126587
90 4.884893894195557
90 4.890496730804443
90 4.896855115890503
90 4.902143478393555
90 4.908208608627319
90 4.921320676803589
90 4.928028583526611
90 4.9330267906188965
90 4.939116477966309
90 4.9443864822387695
90 4.950437784194946
90 4.9568235874176025
90 4.962094306945801
90 4.9688403606414795
90 4.974106788635254
90 4.980014324188232
90 4.986185312271118
90 4.991159677505493
90 4.997171640396118
90 5.002561807632446
90 5.008493661880493
90 5.01815938949585
90 5.0231873989105225
90 5.029111862182617
90 5.034363508224487
90 5.0403032302856445
90 5.046523094177246
90 5.051458120346069
90 5.057894706726074
90 5.062980651855469
90 5.069804906845093
90 5.075832366943359
90 5.081191778182983
90 5.087155818939209
90 5.092540740966797
90 5.0984673500061035
90 5.103481292724609
90 5.109400033950806
90 5.115414381027222
90 5.121835708618164
90 5.127919435501099
90 5.133015871047974
90 5.139109134674072
90 5.144374370574951
90 5.150298118591309
90 5.156472682952881
90 5.161474227905273
90 5.168596267700195
90 5.173910140991211
90 5.17986273765564
90 5.185914039611816
90 5.19124174118042
90 5.197376728057861
90 5.202781915664673
90 5.208685636520386
90 5.213933706283569
90 5.220623970031738
90 5.226803779602051
90 5.232090950012207
90 5.23813796043396
90 5.2431640625
90 5.249081611633301
90 5.254309177398682
90 5.2603936195373535
90 5.266556262969971
90 5.272779941558838
90 5.278753995895386
90 5.283994913101196
90 5.289896726608276
90 5.295921087265015
90 5.301086664199829
90 5.307054281234741
90 5.3173627853393555
90 5.325472593307495
90 5.330954313278198
90 5.337177038192749
90 5.342679023742676
90 5.348767995834351
90 5.354041814804077
90 5.359988212585449
90 5.3661699295043945
90 5.372354745864868
90 5.387000560760498
90 5.392937660217285
90 5.398884057998657
90 5.40412974357605
90 5.410102128982544
90 5.416656732559204
90 5.4258928298950195
90 5.436976671218872
90 5.449272632598877
90 5.467820167541504
90 5.476925849914551
90 5.489391326904297
90 5.502691984176636
90 5.519207954406738
90 5.530447959899902
90 5.543060779571533
90 5.5543248653411865
90 5.561103343963623
90 5.567080974578857
90 5.572518825531006
90 5.578636169433594
90 5.583960056304932
90 5.589859962463379
90 5.595869064331055
90 5.611735105514526
90 5.62134313583374
90 5.629101991653442
90 5.635458469390869
90 5.640618324279785
90 5.6468353271484375
90 5.652132749557495
90 5.658854007720947
90 5.664148569107056
90 5.6700685024261475
90 5.676432132720947
90 5.6814093589782715
90 5.687384605407715
90 5.69287109375
90 5.698821306228638
90 5.704076051712036
90 5.711150169372559
90 5.722982406616211
90 5.729098796844482
90 5.73434591293335
90 5.740535020828247
90 5.746875286102295
90 5.752145051956177
90 5.759059906005859
90 5.764366388320923
90 5.770327806472778
90 5.776540040969849
90 5.78175163269043
90 5.7878313064575195
90 5.792938947677612
90 5.799095392227173
90 5.8043742179870605
90 5.811323642730713
90 5.817301273345947
90 5.822733402252197
90 5.828653335571289
90 5.833900213241577
90 5.84000825881958
90 5.846222162246704
90 5.851235628128052
90 5.857404947280884
90 5.863811254501343
90 5.869736433029175
90 5.875758171081543
90 5.88089919090271
90 5.886951208114624
90 5.8923633098602295
90 5.898311376571655
90 5.903294086456299
90 5.909243106842041
90 5.917242765426636
90 5.922650575637817
90 5.928571462631226
90 5.933854579925537
90 5.939780950546265
90 5.945827960968018
90 5.950927972793579
90 5.957105875015259
90 5.963346242904663
90 5.969445466995239
90 5.975706338882446
90 5.9810755252838135
90 5.9870924949646
90 5.992551326751709
90 5.998514652252197
90 6.003770112991333
90 6.009721755981445
90 6.016695499420166
90 6.021883249282837
90 6.028049468994141
90 6.0331127643585205
90 6.03920578956604
90 6.044878005981445
90 6.050491571426392
90 6.056722164154053
90 6.062776327133179
90 6.068788051605225
90 6.074095726013184
90 6.080022811889648
90 6.086246728897095
90 6.091237783432007
90 6.097461462020874
90 6.102874279022217
90 6.108809232711792
90 6.120321035385132
90 6.127484560012817
90 6.1329216957092285
90 6.13908052444458
90 6.144378185272217
90 6.150446653366089
90 6.156860113143921
90 6.1621503829956055
90 6.168994188308716
90 6.174313068389893
90 6.180274248123169
90 6.186471939086914
90 6.191443204879761
90 6.197439193725586
90 6.202847719192505
90 6.208813667297363
90 6.215772390365601
90 6.221156597137451
90 6.227325201034546
90 6.232736110687256
90 6.238704204559326
90 6.243932008743286
90 6.249859809875488
90 6.255881071090698
90 6.2611870765686035
90 6.268284797668457
90 6.273289918899536
90 6.279399394989014
90 6.2854650020599365
90 6.290755748748779
90 6.296897888183594
90 6.3021650314331055
90 6.308265924453735
90 6.313253402709961
90 6.32014012336731
90 6.326303958892822
90 6.331267833709717
90 6.337411880493164
90 6.342808723449707
90 6.348793029785156
90 6.354049921035767
90 6.360136032104492
90 6.366305351257324
90 6.3725597858428955
90 6.378489017486572
90 6.383476972579956
90 6.38946270942688
90 6.395487546920776
90 6.401094198226929
90 6.407058477401733
90 6.412456750869751
90 6.4210193157196045
90 6.427053928375244
90 6.432440996170044
90 6.438894271850586
90 6.444146633148193
90 6.45011568069458
90 6.45682954788208
90 6.462130546569824
90 6.468203783035278
90 6.474294185638428
90 6.480286121368408
90 6.486688613891602
90 6.49186372756958
90 6.498058080673218
90 6.503114461898804
90 6.509068727493286
90 6.51432728767395
90 6.5281195640563965
90 6.533156871795654
90 6.539236783981323
90 6.544871807098389
90 6.55059027671814
90 6.556848049163818
90 6.562382221221924
90 6.568337678909302
90 6.574358701705933
90 6.5804736614227295
90 6.5867156982421875
90 6.592017889022827
90 6.598117828369141
90 6.603142738342285
90 6.60908055305481
90 6.614403486251831
90 6.620513677597046
90 6.627801179885864
90 6.632919549942017
90 6.639036417007446
90 6.644312143325806
90 6.650260925292969
90 6.6564741134643555
90 6.661430835723877
90 6.667789936065674
90 6.673894882202148
90 6.679853916168213
90 6.685889005661011
90 6.691072225570679
90 6.697250127792358
90 6.70267915725708
90 6.708621263504028
90 6.713878154754639
90 6.719836235046387
90 6.726848125457764
90 6.732137441635132
90 6.73820424079895
90 6.743218898773193
90 6.749359846115112
90 6.755409002304077
90 6.760922431945801
90 6.767022371292114
90 6.772430658340454
90 6.7791526317596436
90 6.784457683563232
90 6.790437936782837
90 6.8044703006744385
90 6.810425519943237
90 6.829832553863525
90 6.8494789600372314
90 6.857471227645874
90 6.862889528274536
90 6.868862152099609
90 6.876563787460327
90 6.881769418716431
90 6.887846231460571
90 6.893038272857666
90 6.899088621139526
90 6.906452178955078
90 6.912420272827148
90 6.936986684799194
90 6.942429780960083
90 6.948560953140259
90 6.954253673553467
90 6.960411548614502
90 6.966631889343262
90 6.971784353256226
90 6.98085618019104
90 6.986937999725342
90 6.992330551147461
90 6.998441696166992
90 7.004148721694946
90 7.010242462158203
90 7.016473054885864
90 7.021406888961792
90 7.028533220291138
90 7.033828020095825
90 7.039486885070801
90 7.04571270942688
90 7.050753831863403
90 7.057051420211792
90 7.062422752380371
90 7.068347692489624
90 7.0733888149261475
90 7.080295562744141
90 7.086480140686035
90 7.091413259506226
90 7.097376108169556
90 7.102813720703125
90 7.108759880065918
90 7.114019870758057
90 7.120104551315308
90 7.130439043045044
90 7.136836290359497
90 7.142132043838501
90 7.148204326629639
90 7.153214693069458
90 7.159235954284668
90 7.164860725402832
90 7.170435190200806
90 7.176809310913086
90 7.183089971542358
90 7.189043045043945
90 7.194311857223511
90 7.200258731842041
90 7.206469297409058
90 7.211444854736328
90 7.217435359954834
90 7.222836256027222
90 7.228811740875244
90 7.2358574867248535
90 7.241218328475952
90 7.247212648391724
90 7.252658128738403
90 7.258615732192993
90 7.263812065124512
90 7.2699480056762695
90 7.2761149406433105
90 7.282186031341553
90 7.288298845291138
90 7.293310642242432
90 7.299391984939575
90 7.305475473403931
90 7.3107523918151855
90 7.316890478134155
90 7.328796148300171
90 7.335797548294067
90 7.3411195278167725
90 7.34730339050293
90 7.352702856063843
90 7.358734607696533
90 7.363961935043335
90 7.369873046875
90 7.3758955001831055
90 7.387354135513306
90 7.39279317855835
90 7.39897084236145
90 7.404265642166138
90 7.410344123840332
90 7.416702508926392
90 7.4218525886535645
90 7.4280195236206055
90 7.433976173400879
90 7.439947843551636
90 7.44593358039856
90 7.451057195663452
90 7.4588141441345215
90 7.464073896408081
90 7.469987869262695
90 7.476295709609985
90 7.483028888702393
90 7.489820241928101
90 7.495823621749878
90 7.501357078552246
90 7.507354259490967
90 7.512753486633301
90 7.5186591148376465
90 7.523871660232544
90 7.529966354370117
90 7.537049055099487
90 7.542436599731445
90 7.54839301109314
90 7.5533716678619385
90 7.559309959411621
90 7.564901828765869
90 7.570504188537598
90 7.576697111129761
90 7.581862926483154
90 7.588771104812622
90 7.594016790390015
90 7.600096940994263
90 7.606287717819214
90 7.611248016357422
90 7.617236137390137
90 7.622648000717163
90 7.628567457199097
90 7.6338160037994385
90 7.640526533126831
90 7.646732807159424
90 7.652005910873413
90 7.658247947692871
90 7.663263559341431
90 7.6692280769348145
90 7.674868106842041
90 7.680466175079346
90 7.696598529815674
90 7.70256495475769
90 7.708638668060303
90 7.713898658752441
90 7.723300457000732
90 7.732592344284058
90 7.739393949508667
90 7.745412349700928
90 7.753037691116333
90 7.759112596511841
90 7.764371633529663
90 7.770790100097656
90 7.777086496353149
90 7.782520055770874
90 7.78863263130188
90 7.795445680618286
90 7.800790309906006
90 7.806918382644653
90 7.812303066253662
90 7.818294048309326
90 7.823305368423462
90 7.8292341232299805
90 7.834908962249756
90 7.8418614864349365
90 7.848074197769165
90 7.853090524673462
90 7.859070539474487
90 7.864360094070435
90 7.870296239852905
90 7.876471519470215
90 7.881402254104614
90 7.887351036071777
90 7.893815517425537
90 7.899921417236328
90 7.906121492385864
90 7.911072731018066
90 7.918261766433716
90 7.9232118129730225
90 7.929103374481201
90 7.934329271316528
90 7.940261363983154
90 7.94722843170166
90 7.952591896057129
90 7.958650588989258
90 7.963884115219116
90 7.969765663146973
90 7.975782155990601
90 7.980886459350586
90 7.98691201210022
90 7.9929234981536865
90 7.998896837234497
90 8.004124879837036
90 8.010019302368164
90 8.016380786895752
90 8.021369695663452
90 8.02733564376831
90 8.032718896865845
90 8.03865098953247
90 8.044960737228394
90 8.050772905349731
90 8.05687403678894
90 8.06212830543518
90 8.068196535110474
90 8.073181390762329
90 8.079243659973145
90 8.084871768951416
90 8.090433120727539
90 8.097391366958618
90 8.102808952331543
90 8.108737468719482
90 8.113985538482666
90 8.119867324829102
90 8.13172698020935
90 8.138173341751099
90 8.143165588378906
90 8.150144577026367
90 8.156465291976929
90 8.161442279815674
90 8.167393922805786
90 8.17280387878418
90 8.178851842880249
90 8.184125185012817
90 8.190032005310059
90 8.197105169296265
90 8.202535629272461
90 8.208487510681152
90 8.213449478149414
90 8.219393253326416
90 8.225407123565674
90 8.230591535568237
90 8.236813068389893
90 8.242098093032837
90 8.248804330825806
90 8.25404143333435
90 8.260090351104736
90 8.266283988952637
90 8.271238565444946
90 8.277242183685303
90 8.282642364501953
90 8.288533687591553
90 8.293731927871704
90 8.300474166870117
90 8.306859254837036
90 8.320927381515503
90 8.326981544494629
90 8.33240032196045
90 8.338322162628174
90 8.344037771224976
90 8.350886821746826
90 8.358264684677124
90 8.363229036331177
90 8.369108438491821
90 8.375749111175537
90 8.38107705116272
90 8.387143850326538
90 8.39544939994812
90 8.401761054992676
90 8.407843828201294
90 8.413786172866821
90 8.419744491577148
90 8.425724744796753
90 8.430746793746948
90 8.43708324432373
90 8.44249153137207
90 8.44845461845398
90 8.454845666885376
90 8.461127996444702
90 8.483199119567871
90 8.489825010299683
90 8.514289140701294
90 8.534414529800415
90 8.577321290969849
90 8.59143877029419
90 8.605855226516724
90 8.624199151992798
90 8.632091999053955
90 8.643038511276245
90 8.6558198928833
90 8.666230916976929
90 8.67708444595337
90 8.692063093185425
90 8.708636283874512
90 8.722613334655762
90 8.734280824661255
90 8.74291205406189
90 8.750730991363525
90 8.761340856552124
90 8.767308712005615
90 8.773226499557495
90 8.781710863113403
90 8.787433385848999
90 8.792817115783691
90 8.799331188201904
90 8.814218759536743
90 8.820206880569458
90 8.826560735702515
90 8.832509994506836
90 8.838454723358154
90 8.8434317111969
90 8.849318504333496
90 8.85689401626587
90 8.862421751022339
90 8.868332862854004
90 8.873306035995483
90 8.881718873977661
90 8.88748049736023
90 8.892844676971436
90 8.899243354797363
90 8.905369281768799
90 8.911773204803467
90 8.918786764144897
90 8.92925500869751
90 8.936631679534912
90 8.941781044006348
90 8.948070287704468
90 8.953052043914795
90 8.96024775505066
90 8.966497898101807
90 8.971417665481567
90 8.977822065353394
90 8.982908248901367
90 8.988804340362549
90 8.994083881378174
90 8.999998807907104
90 9.006181716918945
90 9.012367248535156
90 9.018295049667358
90 9.023292064666748
90 9.02919864654541
90 9.03445029258728
90 9.040529489517212
90 9.046871662139893
90 9.052136182785034
90 9.058197021484375
90 9.064345121383667
90 9.070289611816406
90 9.076494932174683
90 9.08142876625061
90 9.088005781173706
90 9.093006134033203
90 9.099079847335815
90 9.104377269744873
90 9.111185550689697
90 9.117180347442627
90 9.122562170028687
90 9.128496408462524
90 9.133490085601807
90 9.139453649520874
90 9.145479440689087
90 9.150722742080688
90 9.157013416290283
90 9.163223505020142
90 9.16912841796875
90 9.174406290054321
90 9.180345058441162
90 9.186549186706543
90 9.191472291946411
90 9.19779109954834
90 9.202932119369507
90 9.20895266532898
90 9.215928316116333
90 9.221251726150513
90 9.227245330810547
90 9.232669115066528
90 9.238575220108032
90 9.243826866149902
90 9.24972128868103
90 9.255750894546509
90 9.26077675819397
90 9.267881631851196
90 9.27297854423523
90 9.279056310653687
90 9.284318447113037
90 9.290241479873657
90 9.296488285064697
90 9.301408290863037
90 9.307373046875
90 9.313472032546997
90 9.319394826889038
90 9.331057786941528
90 9.337324619293213
90 9.342713832855225
90 9.348924160003662
90 9.354168176651001
90 9.360239028930664
90 9.367209434509277
90 9.372580766677856
90 9.378773927688599
90 9.384021997451782
90 9.389984369277954
90 9.39630651473999
90 9.401286125183105
90 9.407317876815796
90 9.412716150283813
90 9.419309616088867
90 9.424906969070435
90 9.430502891540527
90 9.436686515808105
90 9.441839218139648
90 9.447917461395264
90 9.45298957824707
90 9.459108591079712
90 9.466319799423218
90 9.47130036354065
90 9.477432250976562
90 9.482880115509033
90 9.488831281661987
90 9.494083881378174
90 9.50000786781311
90 9.506340742111206
90 9.511301279067993
90 9.51848554611206
90 9.523483514785767
90 9.529372930526733
90 9.535409688949585
90 9.540589094161987
90 9.546820640563965
90 9.55208706855774
90 9.603418350219727
90 9.609757900238037
90 9.615792989730835
90 9.622145414352417
90 9.628289222717285
90 9.633341789245605
90 9.639436721801758
90 9.64547348022461
90 9.65074610710144
90 9.65691614151001
90 9.662256240844727
90 9.6689932346344
90 9.674345254898071
90 9.680323839187622
90 9.686535120010376
90 9.691479682922363
90 9.69804573059082
90 9.70307970046997
90 9.709038257598877
90 9.714317798614502
90 9.721253633499146
90 9.732951164245605
90 9.742672681808472
90 9.748779535293579
90 9.754063129425049
90 9.760303497314453
90 9.766515016555786
90 9.77266526222229
90 9.778586149215698
90 9.783833742141724
90 9.789798259735107
90 9.79590106010437
90 9.80107855796814
90 9.807084560394287
90 9.81249713897705
90 9.818603277206421
90 9.825455665588379
90 9.83071780204773
90 9.836838960647583
90 9.842164278030396
90 9.84823727607727
90 9.853225469589233
90 9.859131097793579
90 9.864403247833252
90 9.870498657226562
90 9.877871751785278
90 9.882962703704834
90 9.888864040374756
90 9.894141435623169
90 9.900120973587036
90 9.90628981590271
90 9.9112229347229
90 9.918273210525513
90 9.924199342727661
90 9.930143356323242
90 9.93649935722351
90 9.941482305526733
90 9.947437763214111
90 9.952868461608887
90 9.958789587020874
90 9.964053392410278
90 9.970007419586182
90 9.9770188331604
90 9.982446908950806
90 9.988417625427246
90 9.993431091308594
90 9.999770879745483
90 10.005824327468872
90 10.011012077331543
90 10.017075777053833
90 10.022516250610352
90 10.029226064682007
90 10.034908294677734
90 10.040502309799194
90 10.04672122001648
90 10.052001953125
90 10.058257579803467
90 10.063341617584229
90 10.069274663925171
90 10.076435565948486
90 10.081414937973022
90 10.087442398071289
90 10.092879056930542
90 10.09883999824524
90 10.104131937026978
90 10.110060691833496
90 10.11643123626709
90 10.121416330337524
90 10.134305477142334
90 10.140403032302856
90 10.146798372268677
90 10.152100801467896
90 10.158294439315796
90 10.163309812545776
90 10.16927433013916
90 10.174962997436523
90 10.181819677352905
90 10.18788194656372
90 10.205428838729858
90 10.211068391799927
90 10.217990636825562
90 10.223052263259888
90 10.230159759521484
90 10.236806869506836
90 10.242143869400024
90 10.248217344284058
90 10.253223419189453
90 10.259336709976196
90 10.265410423278809
90 10.270573616027832
90 10.279764652252197
90 10.285922288894653
90 10.291101455688477
90 10.298083543777466
90 10.303114891052246
90 10.309081792831421
90 10.314367771148682
90 10.320340156555176
90 10.326553344726562
90 10.332714080810547
90 10.338654518127441
90 10.343917608261108
90 10.349868535995483
90 10.355923891067505
90 10.36126184463501
90 10.367283821105957
90 10.37270450592041
90 10.382486581802368
90 10.388678550720215
90 10.393954992294312
90 10.399913787841797
90 10.405936479568481
90 10.411118745803833
90 10.41737413406372
90 10.422794342041016
90 10.428728342056274
90 10.43549132347107
90 10.44078254699707
90 10.446892499923706
90 10.452156782150269
90 10.45823621749878
90 10.463223218917847
90 10.469170093536377
90 10.47448444366455
90 10.481792211532593
90 10.487915754318237
90 10.493014574050903
90 10.49895715713501
90 10.504246950149536
90 10.510226011276245
90 10.516633987426758
90 10.521806240081787
90 10.533026218414307
90 10.540738821029663
90 10.547014474868774
90 10.552428722381592
90 10.558548927307129
90 10.563781261444092
90 10.569492101669312
90 10.575767517089844
90 10.580914497375488
90 10.58804726600647
90 10.593080043792725
90 10.599167823791504
90 10.604480266571045
90 10.610417604446411
90 10.616596221923828
90 10.621769189834595
90 10.62783408164978
90 10.633972883224487
90 10.639897346496582
90 10.646308422088623
90 10.651296377182007
90 10.657435417175293
90 10.662870168685913
90 10.668818473815918
90 10.674084424972534
90 10.680034875869751
90 10.687058925628662
90 10.692508935928345
90 10.698463439941406
90 10.703469038009644
90 10.709404945373535
90 10.715468406677246
90 10.721025228500366
90 10.727046012878418
90 10.732470035552979
90 10.739015340805054
90 10.744315147399902
90 10.750258445739746
90 10.7564537525177
90 10.761421203613281
90 10.767398834228516
90 10.772876501083374
90 10.779018640518188
90 10.78617525100708
90 10.791216373443604
90 10.797200202941895
90 10.80264687538147
90 10.808573246002197
90 10.813814163208008
90 10.819746494293213
90 10.825797080993652
90 10.830917358398438
90 10.838159561157227
90 10.843192100524902
90 10.849130153656006
90 10.85447645187378
90 10.860406875610352
90 10.866585969924927
90 10.871786832809448
90 10.877867221832275
90 10.883018255233765
90 10.890002012252808
90 10.89635944366455
90 10.901381492614746
90 10.90787649154663
90 10.913019180297852
90 10.919853210449219
90 10.925901889801025
90 10.938620328903198
90 10.943880796432495
90 10.949997186660767
90 10.956496715545654
90 10.961807012557983
90 10.967909574508667
90 10.973031520843506
90 10.97897481918335
90 10.984265089035034
90 10.991202592849731
90 10.997238874435425
90 11.002682209014893
90 11.00863528251648
90 11.013869285583496
90 11.020005941390991
90 11.02621054649353
90 11.031209468841553
90 11.037399291992188
90 11.043864727020264
90 11.049779653549194
90 11.055832147598267
90 11.061018466949463
90 11.067047119140625
90 11.072526216506958
90 11.078629493713379
90 11.083868265151978
90 11.090574502944946
90 11.096854209899902
90 11.102151870727539
90 11.108251571655273
90 11.113258600234985
90 11.11921215057373
90 11.124847412109375
90 11.13046145439148
90 11.136839628219604
90 11.143003940582275
90 11.148976564407349
90 11.154298543930054
90 11.16025161743164
90 11.16663384437561
90 11.171843767166138
90 11.178065299987793
90 11.183151960372925
90 11.18911337852478
90 11.196535348892212
90 11.201765537261963
90 11.207881212234497
90 11.213014364242554
90 11.218958616256714
90 11.224266529083252
90 11.230213165283203
90 11.236467123031616
90 11.242558479309082
90 11.248582601547241
90 11.253825664520264
90 11.259932279586792
90 11.266167640686035
90 11.27116870880127
90 11.277162790298462
90 11.282572746276855
90 11.288522958755493
90 11.29492449760437
90 11.300744533538818
90 11.306896924972534
90 11.31230616569519
90 11.318465948104858
90 11.32348918914795
90 11.333879947662354
90 11.341307163238525
90 11.34864091873169
90 11.353891372680664
90 11.360021352767944
90 11.366406440734863
90 11.371453285217285
90 11.377919435501099
90 11.383039236068726
90 11.38905382156372
90 11.396119594573975
90 11.401180982589722
90 11.407177686691284
90 11.412602663040161
90 11.418518304824829
90 11.423756837844849
90 11.429888725280762
90 11.435911655426025
90 11.441259384155273
90 11.448396921157837
90 11.45343542098999
90 11.459398984909058
90 11.465424060821533
90 11.47073745727539
90 11.476901054382324
90 11.48233938217163
90 11.488306283950806
90 11.493366956710815
90 11.500351190567017
90 11.506562948226929
90 11.511759519577026
90 11.517806053161621
90 11.522911310195923
90 11.52881908416748
90 11.53409194946289
90 11.540043354034424
90 11.546254873275757
90 11.552435398101807
90 11.558615684509277
90 11.563943862915039
90 11.569889783859253
90 11.575935125350952
90 11.581107378005981
90 11.587128400802612
90 11.592579364776611
90 11.599358320236206
90 11.605424642562866
90 11.610748529434204
90 11.617064476013184
90 11.622542142868042
90 11.6284818649292
90 11.633484840393066
90 11.639420747756958
90 11.6454758644104
90 11.651861190795898
90 11.65805172920227
90 11.663089275360107
90 11.669018745422363
90 11.674304246902466
90 11.680438756942749
90 11.686819553375244
90 11.692145824432373
90 11.698262453079224
90 11.704350709915161
90 11.710316181182861
90 11.716535568237305
90 11.721710920333862
90 11.727828741073608
90 11.740007877349854
90 11.746397256851196
90 11.752706527709961
90 11.758800983428955
90 11.764087438583374
90 11.770195007324219
90 11.77645468711853
90 11.781458139419556
90 11.787432670593262
90 11.792858362197876
90 11.798969507217407
90 11.806169509887695
90 11.811224222183228
90 11.817405939102173
90 11.822818040847778
90 11.828848123550415
90 11.834110498428345
90 11.840078592300415
90 11.846282958984375
90 11.852466344833374
90 11.858596563339233
90 11.863895893096924
90 11.86990475654602
90 11.875941038131714
90 11.881132364273071
90 11.887158155441284
90 11.892617464065552
90 11.898574829101562
90 11.905334711074829
90 11.910569667816162
90 11.918006658554077
90 11.923066854476929
90 11.929004907608032
90 11.9342782497406
90 11.94022250175476
90 11.94661545753479
90 11.951811075210571
90 11.95865535736084
90 11.963892459869385
90 11.969899415969849
90 11.976268768310547
90 11.98129653930664
90 11.987289190292358
90 11.992697715759277
90 11.998660564422607
90 12.009093284606934
90 12.014446496963501
90 12.020441770553589
90 12.026679515838623
90 12.032020568847656
90 12.03828763961792
90 12.043318748474121
90 12.049258947372437
90 12.05648922920227
90 12.061464786529541
90 12.067439317703247
90 12.072842836380005
90 12.078951358795166
90 12.084240198135376
90 12.090251207351685
90 12.09662938117981
90 12.101839303970337
90 12.108800649642944
90 12.114124298095703
90 12.120068550109863
90 12.126291036605835
90 12.131279468536377
90 12.143310070037842
90 12.149439573287964
90 12.155489921569824
90 12.162159204483032
90 12.168457269668579
90 12.173716306686401
90 12.179474353790283
90 12.18578290939331
90 12.190958261489868
90 12.197086811065674
90 12.202537298202515
90 12.209389925003052
90 12.215706825256348
90 12.221126079559326
90 12.22718095779419
90 12.23263430595398
90 12.238595008850098
90 12.243926048278809
90 12.249922037124634
90 12.256171464920044
90 12.2623872756958
90 12.268387079238892
90 12.273419857025146
90 12.279790163040161
90 12.285840034484863
90 12.291053533554077
90 12.297083139419556
90 12.302560567855835
90 12.309199333190918
90 12.314868211746216
90 12.320492506027222
90 12.326730489730835
90 12.332077980041504
90 12.338386535644531
90 12.343424558639526
90 12.349378824234009
90 12.355416536331177
90 12.362010478973389
90 12.368101835250854
90 12.37312388420105
90 12.3790864944458
90 12.389888763427734
90 12.395931005477905
90 12.401270389556885
90 12.407276153564453
90 12.414135217666626
90 12.420138120651245
90 12.426386833190918
90 12.431350469589233
90 12.437431573867798
90 12.442879676818848
90 12.448826551437378
90 12.45410704612732
90 12.460200309753418
90 12.467389583587646
90 12.47282338142395
90 12.478772401809692
90 12.484025239944458
90 12.489991664886475
90 12.498250484466553
90 12.507059335708618
90 12.513250589370728
90 12.519373893737793
90 12.525419235229492
90 12.530595302581787
90 12.542670965194702
90 12.548744201660156
90 12.554024457931519
90 12.56013035774231
90 12.567242860794067
90 12.572676420211792
90 12.578757286071777
90 12.584002494812012
90 12.589928150177002
90 12.596279621124268
90 12.601285219192505
90 12.607268571853638
90 12.613394737243652
90 12.619410276412964
90 12.625438928604126
90 12.630622386932373
90 12.637000799179077
90 12.64241099357605
90 12.648377180099487
90 12.65339207649231
90 12.659345865249634
90 12.666592359542847
90 12.671767473220825
90 12.677850246429443
90 12.68296480178833
90 12.688891410827637
90 12.694152355194092
90 12.700258016586304
90 12.706480979919434
90 12.711421966552734
90 12.718560457229614
90 12.723805665969849
90 12.729947328567505
90 12.73615050315857
90 12.741139888763428
90 12.747136354446411
90 12.752559185028076
90 12.758673906326294
90 12.763895750045776
90 12.770506143569946
90 12.776750087738037
90 12.782013416290283
90 12.788119077682495
90 12.793152093887329
90 12.7991042137146
90 12.804337739944458
90 12.810291051864624
90 12.817410945892334
90 12.822834014892578
90 12.828783512115479
90 12.834035873413086
90 12.83994746208191
90 12.846148252487183
90 12.851137399673462
90 12.857286214828491
90 12.862699031829834
90 12.869445323944092
90 12.875474214553833
90 12.881078243255615
90 12.88704800605774
90 12.892428874969482
90 12.898411750793457
90 12.903432607650757
90 12.909356117248535
90 12.916476249694824
90 12.922575235366821
90 12.92849588394165
90 12.933488368988037
90 12.946639776229858
90 12.951828241348267
90 12.95812177658081
90 12.963163614273071
90 12.970260620117188
90 12.976483345031738
90 12.981433868408203
90 12.987863302230835
90 12.992948770523071
90 12.999053955078125
90 13.007471084594727
