0 0.0056610107421875
0 0.017420530319213867
2 0.03295183181762695
4 0.04887700080871582
6 0.06712555885314941
6 0.0830221176147461
4 0.09784889221191406
3 0.11655855178833008
3 0.13123679161071777
5 0.14791631698608398
8 0.1626577377319336
12 0.18159079551696777
12 0.1946861743927002
12 0.21076297760009766
11 0.22362756729125977
12 0.24081063270568848
15 0.26110029220581055
18 0.27399134635925293
18 0.3002898693084717
16 0.3164067268371582
15 0.3303699493408203
16 0.3443920612335205
16 0.35594916343688965
18 0.3783912658691406
21 0.3978281021118164
24 0.41382551193237305
24 0.42987823486328125
22 0.4468963146209717
20 0.4626805782318115
20 0.4779660701751709
22 0.49400782585144043
26 0.5127570629119873
30 0.5252723693847656
31 0.5428371429443359
30 0.5576729774475098
28 0.5765926837921143
26 0.591362476348877
26 0.6076149940490723
28 0.6231606006622314
31 0.6360323429107666
34 0.648770809173584
35 0.6638636589050293
33 0.6959171295166016
30 0.711294412612915
26 0.7243986129760742
25 0.7359306812286377
24 0.7495002746582031
26 0.7757816314697266
28 0.7890088558197021
32 0.807391881942749
32 0.8238012790679932
31 0.8386235237121582
30 0.8576343059539795
31 0.8717052936553955
34 0.8878805637359619
36 0.9075663089752197
36 0.9215657711029053
34 0.9408376216888428
33 0.9552874565124512
34 0.971062421798706
36 0.9887521266937256
38 1.0036406517028809
38 1.0225913524627686
37 1.0350282192230225
36 1.0539555549621582
36 1.067460060119629
38 1.0819697380065918
42 1.1016795635223389
44 1.1259584426879883
44 1.139939546585083
42 1.1566121578216553
41 1.1749074459075928
41 1.1879475116729736
43 1.2073543071746826
46 1.2213411331176758
50 1.237349033355713
50 1.25370192527771
50 1.267038106918335
50 1.2785847187042236
52 1.2953248023986816
56 1.3177032470703125
59 1.3357579708099365
60 1.3490171432495117
59 1.367239236831665
56 1.384657621383667
54 1.3976047039031982
54 1.4149694442749023
56 1.4307403564453125
58 1.4437541961669922
60 1.456446886062622
60 1.4687883853912354
60 1.497251272201538
62 1.511530876159668
64 1.5330142974853516
66 1.5489203929901123
66 1.5649685859680176
64 1.5814509391784668
63 1.5990042686462402
63 1.6137523651123047
64 1.6304738521575928
68 1.6454041004180908
70 1.6628248691558838
72 1.6786746978759766
70 1.6939091682434082
68 1.7137808799743652
66 1.72776460647583
66 1.7432949542999268
68 1.7589600086212158
72 1.777571201324463
75 1.7912559509277344
76 1.8039779663085938
76 1.8169491291046143
75 1.828787088394165
74 1.850395679473877
76 1.8726589679718018
79 1.8878717422485352
82 1.9090077877044678
82 1.9240033626556396
79 1.9526424407958984
77 1.9659850597381592
76 1.9831440448760986
78 1.9987866878509521
80 2.014343500137329
83 2.0334198474884033
84 2.0470480918884277
82 2.0659680366516113
79 2.083975315093994
77 2.0986320972442627
76 2.1144087314605713
78 2.1315791606903076
80 2.1463329792022705
82 2.162550449371338
83 2.1760196685791016
83 2.1878323554992676
82 2.2008612155914307
81 2.223783016204834
82 2.2426793575286865
86 2.2610530853271484
88 2.2748587131500244
89 2.297368049621582
88 2.313214063644409
84 2.332585096359253
82 2.3453047275543213
81 2.3619112968444824
82 2.3789942264556885
84 2.3944084644317627
87 2.4126365184783936
88 2.426398515701294
86 2.4429545402526855
83 2.460679769515991
80 2.4747512340545654
80 2.491680383682251
81 2.5065863132476807
83 2.523317813873291
85 2.543548583984375
84 2.5564143657684326
83 2.567967176437378
82 2.5817837715148926
82 2.593611478805542
83 2.6145639419555664
88 2.6417396068573
90 2.6548283100128174
90 2.6712164878845215
88 2.6878623962402344
85 2.7130680084228516
84 2.726257801055908
86 2.7455661296844482
87 2.758638620376587
90 2.774839162826538
90 2.7894856929779053
88 2.8046391010284424
86 2.8232219219207764
86 2.8426289558410645
88 2.855039119720459
90 2.8716959953308105
92 2.8909504413604736
92 2.9040117263793945
90 2.9173123836517334
88 2.928971767425537
88 2.942927360534668
88 2.9543988704681396
88 2.9770429134368896
90 3.001239776611328
91 3.0172715187072754
92 3.032958984375
90 3.051893711090088
88 3.0648317337036133
84 3.082853078842163
84 3.1076622009277344
86 3.1215710639953613
88 3.1377334594726562
90 3.1548614501953125
90 3.172820806503296
90 3.185143232345581
88 3.1988837718963623
87 3.214921236038208
87 3.235926389694214
88 3.252697467803955
90 3.2656922340393066
92 3.2788197994232178
92 3.291560649871826
91 3.3045239448547363
89 3.326439142227173
88 3.337784767150879
90 3.3580119609832764
93 3.3786020278930664
96 3.395815134048462
96 3.409006118774414
96 3.4273481369018555
94 3.441232919692993
90 3.457819938659668
89 3.47632098197937
89 3.490311861038208
92 3.514585256576538
95 3.5303168296813965
96 3.54787015914917
96 3.564329147338867
96 3.578800916671753
93 3.5951499938964844
90 3.6138315200805664
88 3.629969835281372
88 3.643282890319824
89 3.6574106216430664
90 3.6690149307250977
90 3.684847354888916
90 3.696589946746826
90 3.712456703186035
89 3.7345495223999023
88 3.753976821899414
90 3.7747273445129395
92 3.787687063217163
96 3.8075156211853027
96 3.821247100830078
95 3.8339996337890625
94 3.8464608192443848
92 3.870849132537842
94 3.8882906436920166
100 3.911703109741211
102 3.9251279830932617
104 3.940380811691284
104 3.9566547870635986
103 3.971984624862671
100 3.9886293411254883
97 4.0038604736328125
96 4.017934322357178
96 4.030475378036499
98 4.044613361358643
100 4.057705879211426
100 4.07901668548584
96 4.100848197937012
92 4.116291761398315
89 4.135098457336426
88 4.1482720375061035
88 4.167712450027466
90 4.1813271045684814
93 4.197373628616333
94 4.215986728668213
94 4.230289459228516
93 4.245170593261719
90 4.262552738189697
90 4.278650999069214
90 4.293935060501099
91 4.321056604385376
92 4.3369011878967285
92 4.351110935211182
90 4.367326021194458
88 4.3810741901397705
87 4.392771244049072
87 4.40502667427063
89 4.423899412155151
92 4.448401212692261
94 4.462746620178223
93 4.477039575576782
92 4.493229866027832
90 4.512329339981079
91 4.527896165847778
96 4.554715633392334
101 4.5833845138549805
101 4.605065822601318
97 4.632886648178101
90 4.65632963180542
86 4.679011583328247
86 4.709930896759033
90 4.736698865890503
96 4.755804777145386
98 4.774475812911987
98 4.800397872924805
95 4.8203887939453125
91 4.837301731109619
88 4.85843825340271
87 4.873169422149658
88 4.89185643196106
90 4.904840469360352
92 4.924534320831299
92 4.9375317096710205
90 4.95429539680481
88 4.973605155944824
87 4.987030029296875
87 5.00349497795105
89 5.0189595222473145
92 5.037276029586792
93 5.051101922988892
93 5.071550369262695
91 5.084419250488281
89 5.101113557815552
88 5.121386528015137
88 5.133368730545044
90 5.1455769538879395
92 5.157405853271484
93 5.174484729766846
92 5.19599986076355
89 5.21900200843811
88 5.234487533569336
88 5.251047372817993
90 5.26597785949707
92 5.28316068649292
94 5.2988951206207275
93 5.317193984985352
90 5.33185076713562
89 5.344743728637695
88 5.36152195930481
90 5.382412433624268
93 5.39502739906311
96 5.411617755889893
97 5.4280335903167725
96 5.443811655044556
93 5.46302604675293
92 5.477068662643433
91 5.491144895553589
92 5.502933502197266
98 5.5336854457855225
100 5.547435998916626
102 5.566447496414185
101 5.583411455154419
99 5.5969250202178955
98 5.613101005554199
97 5.63255763053894
99 5.6453118324279785
102 5.661876916885376
104 5.678351163864136
105 5.695491313934326
104 5.714489459991455
100 5.73150372505188
98 5.744825839996338
97 5.757970333099365
98 5.77044153213501
102 5.8006932735443115
104 5.816466808319092
106 5.835052490234375
106 5.848272800445557
104 5.861915349960327
102 5.873683452606201
100 5.8912272453308105
100 5.921013832092285
102 5.93558144569397
104 5.954833507537842
104 5.967901945114136
101 5.987542152404785
98 6.001230478286743
96 6.01735258102417
94 6.036339521408081
94 6.050311326980591
96 6.06802225112915
98 6.083641767501831
99 6.10103702545166
99 6.1186182498931885
96 6.13256573677063
94 6.14901876449585
91 6.167755603790283
91 6.183884620666504
92 6.197725534439087
94 6.212591171264648
95 6.2273266315460205
94 6.2388834953308105
91 6.261700391769409
90 6.277376651763916
90 6.294023513793945
93 6.318737506866455
94 6.33324122428894
96 6.351088047027588
95 6.367265224456787
92 6.387100696563721
89 6.401923894882202
88 6.413628339767456
89 6.435411691665649
91 6.4554526805877686
93 6.468611001968384
93 6.487480401992798
92 6.504566669464111
90 6.5177483558654785
88 6.537105321884155
89 6.552646636962891
92 6.567426443099976
93 6.58238959312439
94 6.594974994659424
92 6.607656478881836
90 6.62950873374939
88 6.651939153671265
89 6.665438413619995
91 6.682620048522949
92 6.699001789093018
92 6.724496364593506
91 6.7375452518463135
88 6.757736682891846
86 6.773735284805298
86 6.787699460983276
88 6.807080030441284
90 6.82113242149353
92 6.839439630508423
92 6.85387921333313
90 6.87000298500061
87 6.883805513381958
86 6.89728856086731
85 6.917965650558472
87 6.934641361236572
90 6.949951648712158
93 6.964402198791504
94 6.97594690322876
94 6.988293886184692
94 7.001023054122925
93 7.017211437225342
92 7.028808116912842
91 7.041824579238892
93 7.065138578414917
98 7.088529109954834
102 7.107633829116821
103 7.130312919616699
102 7.145935773849487
100 7.161111116409302
98 7.175978899002075
98 7.193974256515503
100 7.21172833442688
100 7.224885940551758
100 7.242967844009399
99 7.260744333267212
96 7.274483919143677
95 7.28947377204895
94 7.305734872817993
96 7.320918560028076
98 7.3332977294921875
100 7.344900369644165
100 7.374400615692139
98 7.387540578842163
94 7.404274940490723
92 7.420798301696777
92 7.435851812362671
92 7.454453468322754
94 7.468377590179443
94 7.487162828445435
94 7.501073122024536
92 7.52696418762207
90 7.54135274887085
90 7.559411525726318
91 7.574495315551758
92 7.590982913970947
93 7.605474472045898
92 7.6249680519104
90 7.638031721115112
87 7.654439210891724
86 7.668405055999756
87 7.680920839309692
88 7.69310736656189
89 7.704617500305176
89 7.720770835876465
88 7.732007741928101
86 7.752690076828003
86 7.7840282917022705
88 7.797404050827026
91 7.815119981765747
93 7.828882932662964
94 7.8450634479522705
92 7.863234043121338
88 7.88048791885376
86 7.8959434032440186
84 7.909960746765137
86 7.936010837554932
88 7.949970245361328
90 7.968008279800415
90 7.984968185424805
88 7.9978320598602295
86 8.016035795211792
85 8.031165838241577
86 8.04592514038086
87 8.059919118881226
88 8.072881698608398
88 8.085724353790283
86 8.114349126815796
83 8.127499341964722
82 8.14706540107727
82 8.161000728607178
84 8.176453351974487
86 8.191277980804443
88 8.206430673599243
88 8.226572036743164
86 8.2410728931427
84 8.257130146026611
84 8.274788856506348
84 8.288818359375
86 8.30482530593872
90 8.325618267059326
92 8.34758472442627
91 8.361923456192017
88 8.377690076828003
88 8.395023107528687
88 8.410897970199585
89 8.423711061477661
90 8.4365713596344
90 8.448599338531494
90 8.471511840820312
88 8.49319314956665
86 8.506001234054565
86 8.522031307220459
88 8.541452169418335
90 8.554821968078613
92 8.571693658828735
92 8.59086799621582
90 8.603716373443604
88 8.621053218841553
86 8.636335611343384
87 8.653311014175415
89 8.669427633285522
91 8.684726238250732
92 8.703037738800049
90 8.72779893875122
86 8.743133544921875
84 8.761923551559448
82 8.774827718734741
83 8.787923097610474
85 8.803489208221436
86 8.815015077590942
87 8.831685066223145
85 8.856959819793701
82 8.8733229637146
79 8.887878894805908
78 8.905287504196167
78 8.92107605934143
80 8.935880661010742
82 8.950965642929077
84 8.962701082229614
86 8.983645915985107
85 9.003083229064941
82 9.01595950126648
81 9.032973051071167
80 9.04881477355957
82 9.065007448196411
84 9.081547021865845
86 9.097052812576294
87 9.114372491836548
85 9.13583755493164
82 9.149009466171265
80 9.162782430648804
79 9.17450499534607
79 9.185979843139648
80 9.20590591430664
86 9.232714891433716
88 9.24794054031372
88 9.264649868011475
88 9.283121824264526
86 9.295849084854126
84 9.313774347305298
84 9.329442024230957
86 9.347222328186035
88 9.361833810806274
88 9.377959251403809
88 9.39586615562439
87 9.410696268081665
86 9.425798416137695
87 9.444278478622437
89 9.458441734313965
90 9.472468376159668
90 9.491444826126099
89 9.50750732421875
86 9.527669191360474
86 9.548620223999023
88 9.580917835235596
92 9.60111951828003
94 9.627156496047974
92 9.64998745918274
86 9.67697024345398
82 9.701411247253418
82 9.72186279296875
84 9.746899127960205
88 9.764902353286743
92 9.781150341033936
92 9.807228803634644
90 9.827479362487793
87 9.842400074005127
86 9.861756324768066
86 9.877745866775513
88 9.891581058502197
90 9.904832124710083
91 9.917198896408081
91 9.943168878555298
88 9.965394973754883
84 9.983639240264893
82 9.997108459472656
82 10.01183795928955
82 10.031978130340576
85 10.045028686523438
88 10.065272808074951
90 10.081966638565063
91 10.094874858856201
89 10.114489793777466
86 10.127523422241211
84 10.145962238311768
83 10.163074493408203
84 10.175840616226196
86 10.193930864334106
87 10.21129035949707
86 10.224393844604492
86 10.237548589706421
84 10.250011205673218
84 10.263357877731323
84 10.274832963943481
85 10.286555528640747
88 10.311851739883423
87 10.343703508377075
85 10.3572518825531
83 10.375028848648071
83 10.39158320426941
84 10.40736436843872
86 10.423877716064453
88 10.44086742401123
88 10.455926418304443
86 10.472618103027344
84 10.488550901412964
84 10.506649255752563
84 10.521079063415527
86 10.537142038345337
89 10.555061101913452
90 10.56897234916687
90 10.58776330947876
88 10.603856086730957
86 10.620962619781494
84 10.633806705474854
84 10.645441770553589
85 10.657554149627686
88 10.681697130203247
88 10.702435493469238
87 10.716878652572632
85 10.742931365966797
86 10.756008863449097
88 10.77558946609497
89 10.789029121398926
89 10.805667638778687
88 10.82444429397583
86 10.837443351745605
85 10.856247186660767
86 10.871207237243652
88 10.884425163269043
90 10.896385908126831
90 10.915083885192871
90 10.934265375137329
89 10.950338125228882
88 10.965586423873901
88 10.982779502868652
89 10.995409727096558
90 11.007368564605713
92 11.020322561264038
90 11.044305086135864
86 11.063961744308472
84 11.078941106796265
84 11.095633506774902
84 11.111117362976074
86 11.13602590560913
88 11.150377750396729
90 11.16857624053955
90 11.18641209602356
89 11.199972152709961
88 11.215852975845337
87 11.23497986793518
88 11.247930526733398
90 11.267032623291016
92 11.281810283660889
92 11.301190376281738
90 11.314781188964844
88 11.33346176147461
86 11.347046375274658
86 11.360944747924805
88 11.372638463973999
90 11.385563850402832
90 11.401595115661621
90 11.423184394836426
88 11.442813158035278
88 11.457516431808472
88 11.473946809768677
88 11.490988492965698
89 11.504019021987915
90 11.518741607666016
88 11.552951574325562
85 11.566290378570557
82 11.586401224136353
80 11.59990930557251
81 11.619903087615967
83 11.63345980644226
84 11.650475263595581
84 11.66627287864685
82 11.683081865310669
81 11.69878602027893
80 11.71467137336731
82 11.72767949104309
83 11.742986917495728
84 11.754574537277222
84 11.775322675704956
82 11.79687762260437
79 11.810999631881714
78 11.826857328414917
79 11.845321416854858
80 11.858501195907593
82 11.877382040023804
82 11.89185357093811
80 11.90803599357605
78 11.924605131149292
78 11.947022914886475
80 11.963809251785278
84 11.97943377494812
86 11.998478412628174
88 12.012592554092407
87 12.025871515274048
84 12.045318603515625
82 12.06144666671753
82 12.080842971801758
83 12.094666004180908
85 12.10830807685852
86 12.120953798294067
87 12.133137941360474
86 12.14991569519043
84 12.162688255310059
82 12.187543630599976
84 12.201369285583496
88 12.225950479507446
90 12.244986057281494
90 12.261332750320435
88 12.277629613876343
86 12.293185472488403
84 12.310926675796509
84 12.331965923309326
87 12.346645832061768
91 12.366012573242188
93 12.379499673843384
94 12.395745515823364
92 12.413311243057251
90 12.429422378540039
87 12.447278499603271
86 12.462000846862793
86 12.474892377853394
88 12.48666000366211
91 12.507554531097412
92 12.52661657333374
91 12.54502534866333
88 12.558891534805298
86 12.575706720352173
85 12.591835975646973
86 12.607877254486084
88 12.62647032737732
90 12.640345811843872
91 12.661542415618896
90 12.675461530685425
86 12.691202878952026
84 12.708503007888794
83 12.724533319473267
84 12.748462200164795
88 12.766281366348267
90 12.780280351638794
90 12.793605327606201
90 12.805023670196533
89 12.822690963745117
88 12.834451675415039
88 12.848016023635864
88 12.861420392990112
90 12.876457214355469
92 12.907953977584839
92 12.930969476699829
89 12.943974256515503
86 12.960915088653564
84 12.976449012756348
84 12.995103359222412
86 13.01455020904541
