0 0.0075991153717041016
0 0.01876974105834961
0 0.025490283966064453
0 0.030418872833251953
1 0.05578446388244629
2 0.06671023368835449
3 0.08136677742004395
5 0.10032153129577637
7 0.11801981925964355
9 0.13821697235107422
13 0.1563553810119629
15 0.16327905654907227
16 0.16853737831115723
17 0.17465972900390625
17 0.1799938678741455
19 0.18585515022277832
20 0.1907963752746582
21 0.19669866561889648
22 0.2038419246673584
23 0.20872139930725098
24 0.21478509902954102
25 0.22013354301452637
26 0.22604608535766602
28 0.23789572715759277
29 0.24417710304260254
30 0.24944806098937988
31 0.2564232349395752
32 0.26161885261535645
33 0.2676968574523926
34 0.2739720344543457
35 0.27889323234558105
36 0.2847871780395508
37 0.2901194095611572
38 0.29599714279174805
39 0.3009049892425537
39 0.3078114986419678
41 0.3139629364013672
41 0.31882405281066895
43 0.32469630241394043
43 0.33001184463500977
44 0.33603858947753906
45 0.3411712646484375
46 0.34685778617858887
47 0.35279107093811035
48 0.3588218688964844
49 0.3647735118865967
49 0.37015199661254883
50 0.37612414360046387
51 0.3812880516052246
52 0.38739919662475586
53 0.39336681365966797
53 0.39864182472229004
54 0.4057190418243408
55 0.4106712341308594
55 0.41655445098876953
56 0.42177820205688477
57 0.42767810821533203
57 0.43381381034851074
59 0.4386746883392334
59 0.4446566104888916
59 0.45000243186950684
61 0.45678186416625977
61 0.4627985954284668
62 0.46790385246276855
63 0.4741199016571045
63 0.47922754287719727
63 0.484896183013916
64 0.49021053314208984
65 0.49976444244384766
66 0.5095117092132568
67 0.521435022354126
68 0.5318479537963867
69 0.5441954135894775
71 0.5566756725311279
71 0.5678372383117676
72 0.5788223743438721
73 0.5932607650756836
74 0.6060314178466797
77 0.6575882434844971
78 0.6804115772247314
79 0.704240083694458
79 0.7168548107147217
80 0.7277138233184814
80 0.7342300415039062
80 0.7394325733184814
81 0.7453439235687256
81 0.7503271102905273
81 0.756350040435791
81 0.7615272998809814
81 0.7674927711486816
81 0.7743487358093262
81 0.7796788215637207
81 0.7856056690216064
81 0.7905402183532715
81 0.7963693141937256
81 0.8015792369842529
81 0.8074314594268799
81 0.8137166500091553
81 0.8186488151550293
81 0.8256320953369141
81 0.8305611610412598
81 0.8363978862762451
81 0.8415923118591309
81 0.8474810123443604
81 0.8536067008972168
81 0.8584718704223633
81 0.8643856048583984
81 0.8697350025177002
81 0.8765549659729004
81 0.88175368309021
81 0.8876211643218994
81 0.8937597274780273
81 0.8986132144927979
81 0.9047348499298096
81 0.9100608825683594
81 0.9159338474273682
81 0.9208142757415771
81 0.9276766777038574
81 0.9339966773986816
81 0.9388751983642578
81 0.951453685760498
81 0.9573483467102051
81 0.9632861614227295
81 0.9682173728942871
81 0.9742567539215088
81 0.9803390502929688
81 0.9862143993377686
81 0.9915060997009277
81 0.9993367195129395
81 1.0053236484527588
81 1.0103418827056885
81 1.016179084777832
81 1.0213313102722168
81 1.027958631515503
81 1.0465340614318848
81 1.0645043849945068
81 1.0782742500305176
81 1.096015214920044
81 1.1113438606262207
81 1.126405954360962
81 1.1449146270751953
81 1.15883207321167
81 1.1648287773132324
81 1.1706411838531494
81 1.1767187118530273
81 1.1838335990905762
81 1.1893413066864014
81 1.1953067779541016
81 1.200310468673706
81 1.2061901092529297
81 1.2113540172576904
81 1.217237949371338
81 1.2231941223144531
81 1.2280399799346924
81 1.2354786396026611
81 1.2404086589813232
81 1.246248722076416
81 1.2514674663543701
81 1.2573306560516357
81 1.2632553577423096
81 1.2682173252105713
81 1.2742526531219482
81 1.2795274257659912
81 1.2861049175262451
81 1.291262149810791
81 1.2973382472991943
81 1.3033053874969482
81 1.3085620403289795
81 1.3144776821136475
81 1.3197460174560547
81 1.3256480693817139
81 1.3305656909942627
81 1.3374648094177246
81 1.3436014652252197
81 1.3485667705535889
81 1.3546862602233887
81 1.359980583190918
81 1.3658256530761719
81 1.3708434104919434
81 1.3766450881958008
81 1.3818187713623047
81 1.3886950016021729
81 1.394578456878662
81 1.3998849391937256
81 1.4057128429412842
81 1.4106059074401855
81 1.4166064262390137
81 1.4217708110809326
81 1.42763090133667
81 1.438734531402588
81 1.4462778568267822
81 1.4514579772949219
81 1.4574923515319824
81 1.4637479782104492
81 1.4686717987060547
81 1.4747540950775146
81 1.48006272315979
81 1.4865899085998535
81 1.491790771484375
81 1.497666835784912
81 1.5038297176361084
81 1.508697748184204
81 1.5146396160125732
81 1.5199437141418457
81 1.525810956954956
81 1.5307109355926514
81 1.5376965999603271
81 1.5438201427459717
81 1.5487146377563477
81 1.55458402633667
81 1.5599315166473389
81 1.5657970905303955
81 1.5707035064697266
81 1.576749563217163
81 1.5818865299224854
81 1.5887537002563477
81 1.594778060913086
81 1.6000895500183105
81 1.6059541702270508
81 1.610837697982788
81 1.616624355316162
81 1.6217668056488037
81 1.627624273300171
81 1.633711338043213
81 1.639538288116455
81 1.6454854011535645
81 1.6503946781158447
81 1.6564035415649414
81 1.6615877151489258
81 1.667557954788208
81 1.673652172088623
81 1.678551435470581
81 1.6846024990081787
81 1.6906888484954834
81 1.696580171585083
81 1.701763391494751
81 1.7075996398925781
81 1.7139194011688232
81 1.7187774181365967
81 1.7246568202972412
81 1.7299623489379883
81 1.7358267307281494
81 1.7417106628417969
81 1.7476036548614502
81 1.7537009716033936
81 1.7585868835449219
81 1.7645020484924316
81 1.7697992324829102
81 1.7758338451385498
81 1.7807610034942627
81 1.7865657806396484
81 1.7936131954193115
81 1.7985379695892334
81 1.8046107292175293
81 1.8099305629730225
81 1.8157939910888672
81 1.82069993019104
81 1.8265540599822998
81 1.831751823425293
81 1.8455517292022705
81 1.8505299091339111
81 1.8565189838409424
81 1.861691951751709
81 1.867736577987671
81 1.8738255500793457
81 1.8787169456481934
81 1.8845899105072021
81 1.8899171352386475
81 1.8966388702392578
81 1.9018175601959229
81 1.907759428024292
81 1.9138376712799072
81 1.9187076091766357
81 1.9245810508728027
81 1.929908037185669
81 1.935969352722168
81 1.9408626556396484
81 1.9476196765899658
81 1.9538676738739014
81 1.9588773250579834
81 1.9647839069366455
81 1.9701240062713623
81 1.9759774208068848
81 1.9808883666992188
81 1.986750602722168
81 1.993879795074463
81 1.9987306594848633
81 2.004641056060791
81 2.009953260421753
81 2.016011953353882
81 2.020916700363159
81 2.026794672012329
81 2.033912181854248
81 2.0387818813323975
81 2.0458099842071533
81 2.0507407188415527
81 2.056553602218628
81 2.061748504638672
81 2.0678534507751465
81 2.074113368988037
81 2.079238176345825
81 2.08489990234375
81 2.0902154445648193
81 2.0968539714813232
81 2.1027672290802
81 2.1078882217407227
81 2.1139636039733887
81 2.1188244819641113
81 2.12469744682312
81 2.1300461292266846
81 2.136129379272461
81 2.141296625137329
81 2.1480181217193604
81 2.154177665710449
81 2.159292459487915
81 2.1652371883392334
81 2.170253276824951
81 2.1761083602905273
81 2.1812844276428223
81 2.1868934631347656
81 2.19284725189209
81 2.199336051940918
81 2.2053141593933105
81 2.210360050201416
81 2.217867612838745
81 2.223954200744629
81 2.229837656021118
81 2.240009069442749
81 2.2485241889953613
81 2.254730463027954
81 2.2601215839385986
81 2.2661139965057373
81 2.271263599395752
81 2.2768962383270264
81 2.282822608947754
81 2.2878754138946533
81 2.2939453125
81 2.299971103668213
81 2.305821657180786
81 2.3107540607452393
81 2.3167171478271484
81 2.3218514919281006
81 2.3278496265411377
81 2.333949327468872
81 2.338801622390747
81 2.3446438312530518
81 2.3507561683654785
81 2.3565680980682373
81 2.3617453575134277
81 2.367631435394287
81 2.37388014793396
81 2.3787150382995605
81 2.3846099376678467
81 2.38993501663208
81 2.395792245864868
81 2.401801824569702
81 2.4076504707336426
81 2.4137637615203857
81 2.418630361557007
81 2.4245619773864746
81 2.4298770427703857
81 2.4359021186828613
81 2.4407827854156494
81 2.446592330932617
81 2.453873634338379
81 2.45873761177063
81 2.464632987976074
81 2.4699485301971436
81 2.4758546352386475
81 2.480752944946289
81 2.4865646362304688
81 2.491751194000244
81 2.497781991958618
81 2.504638433456421
81 2.509948968887329
81 2.515801429748535
81 2.525304079055786
81 2.530344009399414
81 2.5362303256988525
81 2.541444778442383
81 2.547276020050049
81 2.554351568222046
81 2.559614896774292
81 2.5655643939971924
81 2.5704808235168457
81 2.576323986053467
81 2.5815069675445557
81 2.587578058242798
81 2.5936777591705322
81 2.598571538925171
81 2.6055805683135986
81 2.610490560531616
81 2.616492986679077
81 2.621699571609497
81 2.6275696754455566
81 2.6336851119995117
81 2.6446640491485596
81 2.6503140926361084
81 2.6572506427764893
81 2.663194179534912
81 2.668358087539673
81 2.67445707321167
81 2.679797410964966
81 2.6856677532196045
81 2.690582036972046
81 2.6964192390441895
81 2.701636552810669
81 2.7082018852233887
81 2.714416980743408
81 2.719757080078125
81 2.7256288528442383
81 2.730551242828369
81 2.736586570739746
81 2.741751194000244
81 2.747626543045044
81 2.753774404525757
81 2.759906768798828
81 2.765756130218506
81 2.7706480026245117
81 2.776480197906494
81 2.781681537628174
81 2.7875328063964844
81 2.7937979698181152
81 2.7987236976623535
81 2.805781126022339
81 2.8107552528381348
81 2.816566228866577
81 2.8217549324035645
81 2.827615737915039
81 2.833777904510498
81 2.8386383056640625
81 2.8447265625
81 2.8500468730926514
81 2.8567328453063965
81 2.862354040145874
81 2.867872476577759
81 2.8739683628082275
81 2.878819704055786
81 2.884713888168335
81 2.890018939971924
81 2.895904302597046
81 2.900810956954956
81 2.9076313972473145
81 2.9139654636383057
81 2.9192066192626953
81 2.924889087677002
81 2.9302072525024414
81 2.936117172241211
81 2.9412920475006104
81 2.9472177028656006
81 2.9531495571136475
81 2.959272623062134
81 2.9652504920959473
81 2.970301628112793
81 2.976367473602295
81 2.981527090072632
81 2.9874107837677
81 2.993340492248535
81 2.998384952545166
81 3.004385471343994
81 3.0104730129241943
81 3.0163111686706543
81 3.0215210914611816
81 3.027508497238159
81 3.0344278812408447
81 3.0465497970581055
81 3.051774263381958
81 3.057823896408081
81 3.0648858547210693
81 3.0701920986175537
81 3.076204538345337
81 3.081374406814575
81 3.0872175693511963
81 3.0931546688079834
81 3.09835147857666
81 3.104494094848633
81 3.1105198860168457
81 3.116395950317383
81 3.1215720176696777
81 3.12744140625
81 3.1335952281951904
81 3.138469696044922
81 3.144408702850342
81 3.14973521232605
81 3.1557998657226562
81 3.1616909503936768
81 3.167558431625366
81 3.1736795902252197
81 3.178567886352539
81 3.1845405101776123
81 3.1898906230926514
81 3.1957499980926514
81 3.200676441192627
81 3.206514835357666
81 3.213819980621338
81 3.2187230587005615
81 3.224616527557373
81 3.229928493499756
81 3.235966205596924
81 3.2408950328826904
81 3.246767282485962
81 3.2522871494293213
81 3.2598836421966553
81 3.2664968967437744
81 3.2716715335845947
81 3.2795932292938232
81 3.2855725288391113
81 3.2905075550079346
81 3.296342134475708
81 3.3023149967193604
81 3.3078253269195557
81 3.3146753311157227
81 3.3200297355651855
81 3.325897455215454
81 3.330811023712158
81 3.3368091583251953
81 3.342761993408203
81 3.3478829860687256
81 3.3539910316467285
81 3.35884690284729
81 3.3659157752990723
81 3.370900869369507
81 3.376758337020874
81 3.3822715282440186
81 3.3877758979797363
81 3.3940811157226562
81 3.399268627166748
81 3.4053404331207275
81 3.4103798866271973
81 3.4172680377960205
81 3.4232306480407715
81 3.4281935691833496
81 3.4342539310455322
81 3.4446640014648438
81 3.45127534866333
81 3.457481622695923
81 3.4637651443481445
81 3.469944953918457
81 3.4759981632232666
81 3.480896472930908
81 3.486757516860962
81 3.491896390914917
81 3.4992406368255615
81 3.5053207874298096
81 3.5103437900543213
81 3.5173137187957764
81 3.5232861042022705
81 3.5282819271087646
81 3.534290313720703
81 3.539515495300293
81 3.5455353260040283
81 3.5504586696624756
81 3.5563135147094727
81 3.561509370803833
81 3.5683112144470215
81 3.574434757232666
81 3.5796871185302734
81 3.5856194496154785
81 3.5905463695526123
81 3.5963776111602783
81 3.601569890975952
81 3.607426404953003
81 3.6135644912719727
81 3.6195437908172607
81 3.6256933212280273
81 3.630591869354248
81 3.6366031169891357
81 3.64180850982666
81 3.6477458477020264
81 3.653818130493164
81 3.658684015274048
81 3.664578914642334
81 3.670694589614868
81 3.6765260696411133
81 3.681692123413086
81 3.687558650970459
81 3.6938140392303467
81 3.698727607727051
81 3.7046496868133545
81 3.7099714279174805
81 3.7158427238464355
81 3.721737861633301
81 3.7276389598846436
81 3.733750104904175
81 3.73860764503479
81 3.744511604309082
81 3.749870538711548
81 3.7559549808502197
81 3.7608468532562256
81 3.766653299331665
81 3.7737038135528564
81 3.778610944747925
81 3.784517288208008
81 3.7898364067077637
81 3.7956807613372803
81 3.800577163696289
81 3.8064441680908203
81 3.811645030975342
81 3.817661762237549
81 3.8245890140533447
81 3.8299267292022705
81 3.835843324661255
81 3.8462352752685547
81 3.8538095951080322
81 3.858745574951172
81 3.864802360534668
81 3.870091438293457
81 3.8769028186798096
81 3.882835626602173
81 3.888204336166382
81 3.894282579421997
81 3.8995349407196045
81 3.905507802963257
81 3.910428524017334
81 3.9163026809692383
81 3.923196792602539
81 3.9281647205352783
81 3.9344022274017334
81 3.939905881881714
81 3.9457690715789795
81 3.950688600540161
81 3.9565272331237793
81 3.961688280105591
81 3.967554807662964
81 3.974353313446045
81 3.9796102046966553
81 3.9855260848999023
81 3.9904613494873047
81 3.996525287628174
81 4.001742601394653
81 4.007606267929077
81 4.013895034790039
81 4.018741846084595
81 4.025737047195435
81 4.030632019042969
81 4.037372350692749
81 4.043323993682861
81 4.048342227935791
81 4.054536581039429
81 4.059858322143555
81 4.065701723098755
81 4.070592880249023
81 4.077455759048462
81 4.083601951599121
81 4.088478088378906
81 4.094409227371216
81 4.099754095077515
81 4.105647087097168
81 4.110566854476929
81 4.116563320159912
81 4.121751070022583
81 4.128636360168457
81 4.134568214416504
81 4.139910697937012
81 4.145951509475708
81 4.150853157043457
81 4.156653642654419
81 4.161855697631836
81 4.167723655700684
81 4.173991680145264
81 4.180075407028198
81 4.18591046333313
81 4.190848112106323
81 4.196679592132568
81 4.201878547668457
81 4.207744359970093
81 4.213866472244263
81 4.2187793254852295
81 4.224664926528931
81 4.230819940567017
81 4.236788988113403
81 4.248471975326538
81 4.254581928253174
81 4.259894847869873
81 4.265927791595459
81 4.2708446979522705
81 4.2779083251953125
81 4.284069299697876
81 4.288909673690796
81 4.318689346313477
81 4.348822355270386
81 4.364254474639893
81 4.380409002304077
81 4.391820192337036
81 4.405823230743408
81 4.421589374542236
81 4.437852144241333
81 4.451388835906982
81 4.466756343841553
81 4.48485541343689
81 4.490119695663452
81 4.498674154281616
81 4.504784822463989
81 4.510111093521118
81 4.515961647033691
81 4.520868301391602
81 4.526681661605835
81 4.53397011756897
81 4.539236545562744
81 4.545229196548462
81 4.5502400398254395
81 4.556153297424316
81 4.561372756958008
81 4.567330360412598
81 4.573309898376465
81 4.578351736068726
81 4.585444450378418
81 4.590419769287109
81 4.596431732177734
81 4.601626873016357
81 4.6074934005737305
81 4.61361026763916
81 4.618525266647339
81 4.624444484710693
81 4.62975549697876
81 4.636380434036255
81 4.646744728088379
81 4.654695749282837
81 4.660055875778198
81 4.666277647018433
81 4.67151141166687
81 4.677533149719238
81 4.683684349060059
81 4.6898109912872314
81 4.695688486099243
81 4.700602769851685
81 4.7064597606658936
81 4.711679935455322
81 4.71773886680603
81 4.7238545417785645
81 4.728731155395508
81 4.7357988357543945
81 4.740778923034668
81 4.74816107749939
81 4.754263401031494
81 4.75950026512146
81 4.765486001968384
81 4.77042031288147
81 4.776443004608154
81 4.781675815582275
81 4.788571119308472
81 4.7946977615356445
81 4.8000404834747314
81 4.805923223495483
81 4.8108508586883545
81 4.816691160202026
81 4.82187032699585
81 4.827747106552124
81 4.834012985229492
81 4.840103387832642
81 4.845954656600952
81 4.850879907608032
81 4.856740236282349
81 4.862313508987427
81 4.86782431602478
81 4.873977184295654
81 4.878849744796753
81 4.884737968444824
81 4.890859603881836
81 4.89687180519104
81 4.902827978134155
81 4.907957553863525
81 4.917435646057129
81 4.9237446784973145
81 4.9286582469940186
81 4.934582471847534
81 4.940680265426636
81 4.946560859680176
81 4.951744318008423
81 4.957803726196289
81 4.963943719863892
81 4.968829870223999
81 4.974798679351807
81 4.980119943618774
81 4.985999584197998
81 4.991908073425293
81 4.997770309448242
81 5.00391960144043
81 5.008749485015869
81 5.015273094177246
81 5.020296335220337
81 5.0261781215667725
81 5.031419277191162
81 5.037908315658569
81 5.050479888916016
81 5.056657314300537
81 5.061858892440796
81 5.0678794384002686
81 5.074317693710327
81 5.0796802043914795
81 5.08560848236084
81 5.091478109359741
81 5.0973711013793945
81 5.103343486785889
81 5.108466863632202
81 5.114429473876953
81 5.119732618331909
81 5.125653505325317
81 5.130603075027466
81 5.1366167068481445
81 5.143787145614624
81 5.148681879043579
81 5.1546008586883545
81 5.159964561462402
81 5.165863037109375
81 5.17076563835144
81 5.17659330368042
81 5.181798219680786
81 5.187815189361572
81 5.194820404052734
81 5.200108051300049
81 5.205957651138306
81 5.21088171005249
81 5.216742753982544
81 5.2223217487335205
81 5.227817058563232
81 5.233947992324829
81 5.238821506500244
81 5.245879411697388
81 5.250794887542725
81 5.259575843811035
81 5.265612602233887
81 5.270556211471558
81 5.276449203491211
81 5.281665325164795
81 5.28756308555603
81 5.294363975524902
81 5.299771547317505
81 5.305673122406006
81 5.310606956481934
81 5.316648244857788
81 5.321838855743408
81 5.327722787857056
81 5.335619926452637
81 5.340585231781006
81 5.347486972808838
81 5.354182004928589
81 5.359351396560669
81 5.365346908569336
81 5.370385408401489
81 5.376863718032837
81 5.382780313491821
81 5.387893915176392
81 5.393992185592651
81 5.400089502334595
81 5.405988693237305
81 5.410902500152588
81 5.416778087615967
81 5.422356843948364
81 5.427870273590088
81 5.434139251708984
81 5.43930459022522
81 5.450506687164307
81 5.4579315185546875
81 5.4642333984375
81 5.46946382522583
81 5.475606918334961
81 5.480538845062256
81 5.486539125442505
81 5.491746664047241
81 5.501901149749756
81 5.507845401763916
81 5.513955354690552
81 5.518820762634277
81 5.524657487869263
81 5.529971599578857
81 5.535889387130737
81 5.5407891273498535
81 5.546617269515991
81 5.55391001701355
81 5.558764219284058
81 5.564665079116821
81 5.570011615753174
81 5.576038599014282
81 5.581170320510864
81 5.5868847370147705
81 5.592845439910889
81 5.597912788391113
81 5.604792833328247
81 5.61011004447937
81 5.616139888763428
81 5.621344566345215
81 5.627230882644653
81 5.633185863494873
81 5.63805079460144
81 5.646827220916748
81 5.656623363494873
81 5.666872024536133
81 5.672791481018066
81 5.678181886672974
81 5.684280157089233
81 5.689530372619629
81 5.695525646209717
81 5.701414346694946
81 5.70749306678772
81 5.713652610778809
81 5.71856427192688
81 5.7244873046875
81 5.729787349700928
81 5.735827445983887
81 5.740777969360352
81 5.746586561203003
81 5.753595590591431
81 5.758522033691406
81 5.764442205429077
81 5.769805669784546
81 5.775675296783447
81 5.7805845737457275
81 5.786461353302002
81 5.791665315628052
81 5.797746896743774
81 5.8046183586120605
81 5.809961318969727
81 5.815809488296509
81 5.8207597732543945
81 5.826616525650024
81 5.831815958023071
81 5.837832689285278
81 5.843961238861084
81 5.856452226638794
81 5.861667156219482
81 5.867731094360352
81 5.874010324478149
81 5.878887891769409
81 5.884806156158447
81 5.890117645263672
81 5.8959879875183105
81 5.901179790496826
81 5.907851219177246
81 5.9141223430633545
81 5.919237852096558
81 5.924902677536011
81 5.9302427768707275
81 5.9361138343811035
81 5.941282510757446
81 5.947198390960693
81 5.953191041946411
81 5.9593346118927
81 5.965580701828003
81 5.970531940460205
81 5.976552963256836
81 5.981757402420044
81 5.987669467926025
81 5.993816375732422
81 5.998715877532959
81 6.004644393920898
81 6.010805606842041
81 6.016660451889038
81 6.02185320854187
81 6.027720212936401
81 6.0346503257751465
81 6.040013313293457
81 6.046001434326172
81 6.050920009613037
81 6.057763338088989
81 6.063929319381714
81 6.068835258483887
81 6.074737548828125
81 6.080078363418579
81 6.085921764373779
81 6.090819358825684
81 6.096848487854004
81 6.102768421173096
81 6.108871936798096
81 6.114806652069092
81 6.120093107223511
81 6.125980615615845
81 6.1309051513671875
81 6.136761903762817
81 6.142270803451538
81 6.147772789001465
81 6.1540446281433105
81 6.160111665725708
81 6.165979862213135
81 6.170881032943726
81 6.176726341247559
81 6.1818907260894775
81 6.187774181365967
81 6.193897724151611
81 6.198756456375122
81 6.204671144485474
81 6.210694074630737
81 6.21670126914978
81 6.221848726272583
81 6.22787070274353
81 6.233983755111694
81 6.238826751708984
81 6.244681358337402
81 6.256757736206055
81 6.263981103897095
81 6.26884651184082
81 6.275448799133301
81 6.280391693115234
81 6.2863829135894775
81 6.291547060012817
81 6.297405481338501
81 6.303579330444336
81 6.308457851409912
81 6.31554913520813
81 6.320476770401001
81 6.326308012008667
81 6.331491231918335
81 6.3375115394592285
81 6.343681573867798
81 6.348588943481445
81 6.354664087295532
81 6.360019683837891
81 6.366652488708496
81 6.371835231781006
81 6.379777908325195
81 6.38565993309021
81 6.390609979629517
81 6.397210121154785
81 6.404332160949707
81 6.409545660018921
81 6.416247844696045
81 6.421855211257935
81 6.427711725234985
81 6.433821678161621
81 6.438670873641968
81 6.444619417190552
81 6.449936151504517
81 6.455979108810425
81 6.46088171005249
81 6.467692613601685
81 6.473843336105347
81 6.478705883026123
81 6.484780311584473
81 6.490096807479858
81 6.499958038330078
81 6.506643772125244
81 6.511829376220703
81 6.518786191940308
81 6.52484917640686
81 6.530127048492432
81 6.536035776138306
81 6.541156053543091
81 6.5468127727508545
81 6.552386283874512
81 6.557857513427734
81 6.563954830169678
81 6.570042133331299
81 6.576033592224121
81 6.58121395111084
81 6.5868706703186035
81 6.592771530151367
81 6.597893953323364
81 6.603960990905762
81 6.608842134475708
81 6.616015911102295
81 6.621227979660034
81 6.626865863800049
81 6.632400035858154
81 6.6380531787872314
81 6.644235849380493
81 6.654767990112305
81 6.661418676376343
81 6.668390512466431
81 6.6745593547821045
81 6.679871320724487
81 6.685916423797607
81 6.690809965133667
81 6.696782350540161
81 6.702357769012451
81 6.707911252975464
81 6.714069843292236
81 6.72015118598938
81 6.726027488708496
81 6.731179237365723
81 6.736860990524292
81 6.7428367137908936
81 6.748276472091675
81 6.7544450759887695
81 6.75976300239563
81 6.765644788742065
81 6.7715229988098145
81 6.77738881111145
81 6.783344507217407
81 6.788356065750122
81 6.794356346130371
81 6.799679756164551
81 6.805562973022461
81 6.810489892959595
81 6.816483736038208
81 6.823625326156616
81 6.8285231590271
81 6.834436416625977
81 6.83974552154541
81 6.845640659332275
81 6.850550889968872
81 6.856455564498901
81 6.86163592338562
81 6.86750602722168
81 6.874593734741211
81 6.879964828491211
81 6.885833978652954
81 6.890753269195557
81 6.896593809127808
81 6.901793003082275
81 6.907703399658203
81 6.913817882537842
81 6.918693780899048
81 6.9256463050842285
81 6.930575847625732
81 6.936607837677002
81 6.941810131072998
81 6.94766640663147
81 6.9537670612335205
81 6.958627223968506
81 6.964568138122559
81 6.970571756362915
81 6.976465225219727
81 6.9816741943359375
81 6.9875524044036865
81 6.9940102100372314
81 6.9988813400268555
81 7.005262136459351
81 7.010301351547241
81 7.016168117523193
81 7.0229082107543945
81 7.028010606765747
81 7.034854888916016
81 7.040160655975342
81 7.046045541763306
81 7.056579351425171
81 7.0641326904296875
81 7.069318532943726
81 7.076202392578125
81 7.081403017044067
81 7.0874598026275635
81 7.093612909317017
81 7.098578214645386
81 7.10452675819397
81 7.109833240509033
81 7.115873336791992
81 7.120775938034058
81 7.127707481384277
81 7.133983373641968
81 7.138840913772583
81 7.144668102264404
81 7.149992227554321
81 7.155897617340088
81 7.160845041275024
81 7.166707992553711
81 7.171893835067749
81 7.178829908370972
81 7.184764385223389
81 7.190087080001831
81 7.195933103561401
81 7.20087194442749
81 7.206702470779419
81 7.211902379989624
81 7.217791557312012
81 7.228170156478882
81 7.234428882598877
81 7.239742040634155
81 7.2456114292144775
81 7.250517845153809
81 7.256392240524292
81 7.261578321456909
81 7.267625093460083
81 7.2737438678741455
81 7.2798802852630615
81 7.285756826400757
81 7.2907116413116455
81 7.296718597412109
81 7.3018879890441895
81 7.3077709674835205
81 7.313868284225464
81 7.3187525272369385
81 7.324664354324341
81 7.330770015716553
81 7.336602210998535
81 7.341800212860107
81 7.347707509994507
81 7.353976726531982
81 7.358820199966431
81 7.364674806594849
81 7.369987487792969
81 7.375899791717529
81 7.381834983825684
81 7.387720823287964
81 7.394057512283325
81 7.398916959762573
81 7.404825687408447
81 7.410144567489624
81 7.456016302108765
81 7.476455450057983
81 7.495979309082031
81 7.5012030601501465
81 7.50735330581665
81 7.5133044719696045
81 7.518330335617065
81 7.5243000984191895
81 7.5303566455841064
81 7.536362409591675
81 7.541546821594238
81 7.547426462173462
81 7.5537145137786865
81 7.558657884597778
81 7.5646445751190186
81 7.569960594177246
81 7.575833559036255
81 7.581661701202393
81 7.587553262710571
81 7.593807935714722
81 7.598837852478027
81 7.604706764221191
81 7.610074758529663
81 7.616095781326294
81 7.6212732791900635
81 7.627205848693848
81 7.634191989898682
81 7.6395018100738525
81 7.645524024963379
81 7.650475740432739
81 7.656496286392212
81 7.661712646484375
81 7.667644262313843
81 7.673794507980347
81 7.6786932945251465
81 7.685981035232544
81 7.6909215450286865
81 7.696861743927002
81 7.702781915664673
81 7.707922697067261
81 7.714268207550049
81 7.719527959823608
81 7.725556373596191
81 7.730498313903809
81 7.737290143966675
81 7.743252515792847
81 7.750122547149658
81 7.756052732467651
81 7.761221647262573
81 7.7673659324646
81 7.773355484008789
81 7.778646945953369
81 7.785749912261963
81 7.790735721588135
81 7.796593904495239
81 7.801819801330566
81 7.807769298553467
81 7.813920259475708
81 7.818821668624878
81 7.824709892272949
81 7.830087423324585
81 7.8368000984191895
81 7.842812776565552
81 7.847920179367065
81 7.859880447387695
81 7.865957498550415
81 7.870893955230713
81 7.8771467208862305
81 7.88317346572876
81 7.889611721038818
81 7.895807266235352
81 7.900765895843506
81 7.906604290008545
81 7.911837100982666
81 7.9177422523498535
81 7.923860788345337
81 7.928755044937134
81 7.93579626083374
81 7.940847873687744
81 7.946716070175171
81 7.951900243759155
81 7.957968711853027
81 7.9642860889434814
81 7.96956729888916
81 7.975574493408203
81 7.980525970458984
81 7.9873621463775635
81 7.993366479873657
81 7.998452425003052
81 8.004419326782227
81 8.009754180908203
81 8.015814304351807
81 8.020769834518433
81 8.026673078536987
81 8.033751487731934
81 8.03995394706726
81 8.04583740234375
81 8.050797700881958
81 8.056656837463379
81 8.061867713928223
81 8.067903995513916
81 8.07417631149292
81 8.079437494277954
81 8.085433006286621
81 8.091416835784912
81 8.097346782684326
81 8.10334324836731
81 8.108381748199463
81 8.114418268203735
81 8.119763135910034
81 8.125667095184326
81 8.130633354187012
81 8.13667893409729
81 8.143877267837524
81 8.148762941360474
81 8.154643058776855
81 8.160048007965088
81 8.165915250778198
81 8.170887231826782
81 8.176806449890137
81 8.182765245437622
81 8.189259767532349
81 8.19558835029602
81 8.200560092926025
81 8.206457376480103
81 8.211671113967896
81 8.217597961425781
81 8.223761796951294
81 8.228657484054565
81 8.23460841178894
81 8.240603685379028
81 8.24649453163147
81 8.251696825027466
81 8.264307498931885
81 8.26968789100647
81 8.275803565979004
81 8.280780792236328
81 8.286778450012207
81 8.293915510177612
81 8.298821449279785
81 8.304691076278687
81 8.310083389282227
81 8.316161394119263
81 8.321419954299927
81 8.327319145202637
81 8.33333134651184
81 8.338455438613892
81 8.345559120178223
81 8.350548505783081
81 8.356452465057373
81 8.361684560775757
81 8.367579221725464
81 8.373893022537231
81 8.378856658935547
81 8.384797096252441
81 8.390172481536865
81 8.396870374679565
81 8.402838706970215
81 8.408005237579346
81 8.414199590682983
81 8.419505834579468
81 8.425546169281006
81 8.430507183074951
81 8.436585426330566
81 8.443891048431396
81 8.448863506317139
81 8.456580638885498
81 8.461852073669434
81 8.467755317687988
81 8.473954200744629
81 8.48059344291687
81 8.48647427558899
81 8.491703033447266
81 8.49933385848999
81 8.505668640136719
81 8.510639667510986
81 8.516508340835571
81 8.521747350692749
81 8.527668714523315
81 8.533908367156982
81 8.53882908821106
81 8.54590368270874
81 8.550867795944214
81 8.557147741317749
81 8.563161611557007
81 8.568041563034058
81 8.574414253234863
81 8.579760551452637
81 8.58565902709961
81 8.590632438659668
81 8.597536563873291
81 8.603692293167114
81 8.60860538482666
81 8.614701747894287
81 8.620076894760132
81 8.625974416732788
81 8.630902767181396
81 8.636783361434937
81 8.642381429672241
81 8.648842811584473
81 8.66040301322937
81 8.66654348373413
81 8.671818733215332
81 8.678025484085083
81 8.684329271316528
81 8.689584732055664
81 8.695626258850098
81 8.701641082763672
81 8.707726240158081
81 8.713850498199463
81 8.718737363815308
81 8.724676370620728
81 8.730026245117188
81 8.736037015914917
81 8.741197347640991
81 8.74791145324707
81 8.754127025604248
81 8.759256362915039
81 8.765253782272339
81 8.770271301269531
81 8.776180982589722
81 8.78143835067749
81 8.7873215675354
81 8.79328727722168
81 8.799680948257446
81 8.805861234664917
81 8.810786247253418
81 8.81663966178894
81 8.82185173034668
81 8.82774543762207
81 8.83406925201416
81 8.839247465133667
81 8.845258235931396
81 8.851279735565186
81 8.857386112213135
81 8.863579511642456
81 8.8684823513031
81 8.874434232711792
81 8.879754543304443
81 8.885655403137207
81 8.89061975479126
81 8.896472930908203
81 8.903593301773071
81 8.9085054397583
81 8.914596796035767
81 8.919975757598877
81 8.925828695297241
81 8.9307861328125
81 8.93663477897644
81 8.941845178604126
81 8.947740316390991
81 8.954560041427612
81 8.95995283126831
81 8.96601128578186
81 8.971211433410645
81 8.977351188659668
81 8.983339548110962
81 8.988378524780273
81 8.99440884590149
81 8.999794483184814
81 9.00647497177124
81 9.011682987213135
81 9.017602920532227
81 9.023769855499268
81 9.028698921203613
81 9.035850524902344
81 9.040782928466797
81 9.04665756225586
81 9.053865671157837
81 9.065770387649536
81 9.070730447769165
81 9.076752424240112
81 9.082373142242432
81 9.08800745010376
81 9.094472885131836
81 9.099953889846802
81 9.106606245040894
81 9.111871242523193
81 9.117794752120972
81 9.123955488204956
81 9.128849744796753
81 9.134774684906006
81 9.140095233917236
81 9.145982265472412
81 9.150919914245605
81 9.157838821411133
81 9.163947582244873
81 9.168821811676025
81 9.174726486206055
81 9.180070400238037
81 9.185922622680664
81 9.190868616104126
81 9.196730375289917
81 9.20190167427063
81 9.208776235580444
81 9.214825868606567
81 9.220141649246216
81 9.22617483139038
81 9.23135757446289
81 9.237260818481445
81 9.243230104446411
81 9.248281478881836
81 9.25428295135498
81 9.260399341583252
81 9.266289710998535
81 9.271535158157349
81 9.27762770652771
81 9.28377628326416
81 9.288667440414429
81 9.294579029083252
81 9.299962759017944
81 9.306491374969482
81 9.311729907989502
81 9.317606925964355
81 9.323747396469116
81 9.328643560409546
81 9.334710359573364
81 9.340085744857788
81 9.345948696136475
81 9.350882530212402
81 9.357962369918823
81 9.364123106002808
81 9.369436502456665
81 9.37542176246643
81 9.380388259887695
81 9.386301517486572
81 9.391605615615845
81 9.397663116455078
81 9.403780221939087
81 9.409956455230713
81 9.415822744369507
81 9.420745611190796
81 9.426571130752563
81 9.431776523590088
81 9.490619421005249
81 9.498216390609741
81 9.504327535629272
81 9.510429620742798
81 9.517248630523682
81 9.523181915283203
81 9.528014421463013
81 9.534452438354492
81 9.539775371551514
81 9.545629739761353
81 9.550524234771729
81 9.556344270706177
81 9.563267230987549
81 9.568351030349731
81 9.574522256851196
81 9.57985806465149
81 9.585707664489746
81 9.590618371963501
81 9.596464395523071
81 9.601617813110352
81 9.607470035552979
81 9.61452031135559
81 9.619860887527466
81 9.625692129135132
81 9.630581378936768
81 9.640182256698608
81 9.646044492721558
81 9.65118956565857
81 9.656858205795288
81 9.663957595825195
81 9.668812036514282
81 9.674670457839966
81 9.679995775222778
81 9.68580412864685
81 9.690745115280151
81 9.696696281433105
81 9.701828956604004
81 9.707692861557007
81 9.714460849761963
81 9.719731092453003
81 9.725610971450806
81 9.7305166721344
81 9.736416816711426
81 9.741610527038574
81 9.74765157699585
81 9.75389575958252
81 9.758768320083618
81 9.76579999923706
81 9.770698070526123
81 9.776509523391724
81 9.781675100326538
81 9.78761100769043
81 9.793741464614868
81 9.798611640930176
81 9.80452299118042
81 9.809860944747925
81 9.816499710083008
81 9.821683168411255
81 9.827569723129272
81 9.833667516708374
81 9.838550090789795
81 9.84451699256897
81 9.849840641021729
81 9.855713367462158
81 9.868200778961182
81 9.87457823753357
81 9.879904508590698
81 9.885963916778564
81 9.890872240066528
81 9.896878242492676
81 9.902761697769165
81 9.907885074615479
81 9.914004802703857
81 9.920109510421753
81 9.925965547561646
81 9.930899143218994
81 9.937270164489746
81 9.943252086639404
81 9.94828462600708
81 9.954276084899902
81 9.959531307220459
81 9.96618103981018
81 9.9714674949646
81 9.977348566055298
81 9.983349323272705
81 9.98837161064148
81 9.994516849517822
81 9.99984359741211
81 10.00590205192566
81 10.010828495025635
81 10.0176842212677
81 10.023828268051147
81 10.028705358505249
81 10.0356924533844
81 10.04060697555542
81 10.04644250869751
81 10.051628828048706
81 10.061880588531494
81 10.068792819976807
81 10.074713706970215
81 10.080032110214233
81 10.085902214050293
81 10.09081220626831
81 10.096647500991821
81 10.101843357086182
81 10.107715845108032
81 10.114025354385376
81 10.12011432647705
81 10.125988721847534
81 10.131149768829346
81 10.137263298034668
81 10.143253564834595
81 10.148296356201172
81 10.154306650161743
81 10.159584522247314
81 10.165603876113892
81 10.171529293060303
81 10.177597999572754
81 10.183732032775879
81 10.188627243041992
81 10.19457745552063
81 10.199900150299072
81 10.205796718597412
81 10.210742712020874
81 10.216541528701782
81 10.223696231842041
81 10.228600978851318
81 10.23468828201294
81 10.240014791488647
81 10.245886325836182
81 10.250803232192993
81 10.256624698638916
81 10.268615007400513
81 10.27594542503357
81 10.280872106552124
81 10.286899089813232
81 10.292845010757446
81 10.298338413238525
81 10.304401397705078
81 10.309681177139282
81 10.31560492515564
81 10.321440935134888
81 10.32737684249878
81 10.333333492279053
81 10.338348865509033
81 10.344329118728638
81 10.349543333053589
81 10.355711936950684
81 10.360633373260498
81 10.366445541381836
81 10.373215198516846
81 10.378220558166504
81 10.384331464767456
81 10.3895845413208
81 10.395713567733765
81 10.400631666183472
81 10.406482696533203
81 10.411678791046143
81 10.417725801467896
81 10.424551725387573
81 10.429898738861084
81 10.435754537582397
81 10.440707445144653
81 10.44655442237854
81 10.451754331588745
81 10.45763874053955
81 10.463737964630127
81 10.468608379364014
81 10.475759029388428
81 10.480668067932129
81 10.486517190933228
81 10.491662740707397
81 10.501314640045166
81 10.507270574569702
81 10.513252973556519
81 10.518219709396362
81 10.525592803955078
81 10.530536890029907
81 10.537442922592163
81 10.543710708618164
81 10.548641204833984
81 10.554731607437134
81 10.560042142868042
81 10.566043615341187
81 10.571199178695679
81 10.577856302261353
81 10.583969116210938
81 10.58882212638855
81 10.594870567321777
81 10.600235939025879
81 10.606141567230225
81 10.611316204071045
81 10.617273092269897
81 10.623221635818481
81 10.629494905471802
81 10.635506629943848
81 10.640450239181519
81 10.646296739578247
81 10.651503801345825
81 10.657641887664795
81 10.669490814208984
81 10.675631523132324
81 10.6816725730896
81 10.687760829925537
81 10.694031000137329
81 10.698906898498535
81 10.704800605773926
81 10.710161924362183
81 10.716181516647339
81 10.721378564834595
81 10.72786283493042
81 10.73403811454773
81 10.738890886306763
81 10.74477767944336
81 10.750079154968262
81 10.755924940109253
81 10.760837078094482
81 10.766707420349121
81 10.771877527236938
81 10.778876781463623
81 10.785277128219604
81 10.790325403213501
81 10.796178340911865
81 10.801392078399658
81 10.807289361953735
81 10.813223600387573
81 10.818305253982544
81 10.824381351470947
81 10.830422163009644
81 10.836462259292603
81 10.841648578643799
81 10.847606182098389
81 10.853771209716797
81 10.85867428779602
81 10.864596605300903
81 10.869934797286987
81 10.875823020935059
81 10.881675958633423
81 10.887568473815918
81 10.893831014633179
81 10.89873194694519
81 10.904672384262085
81 10.91001272201538
81 10.91602110862732
81 10.921177625656128
81 10.926814079284668
81 10.933953046798706
81 10.938801288604736
81 10.944645643234253
81 10.9499671459198
81 10.955993175506592
81 10.960896730422974
81 10.966733694076538
81 10.971884489059448
81 10.977747917175293
81 10.984646081924438
81 10.989954471588135
81 10.995795249938965
81 11.000706195831299
81 11.006574392318726
81 11.011780261993408
81 11.017782211303711
81 11.023844003677368
81 11.028711557388306
81 11.036328792572021
81 11.041511535644531
81 11.047554969787598
81 11.05364465713501
81 11.058540344238281
81 11.07061243057251
81 11.076676845550537
81 11.081864356994629
81 11.088695287704468
81 11.094777345657349
81 11.100083351135254
81 11.105910539627075
81 11.11079740524292
81 11.116604089736938
81 11.121805429458618
81 11.127655982971191
81 11.134560823440552
81 11.139929294586182
81 11.145811796188354
81 11.15073537826538
81 11.156551122665405
81 11.161746263504028
81 11.167616367340088
81 11.17392897605896
81 11.178791284561157
81 11.185794353485107
81 11.19072151184082
81 11.196696996688843
81 11.201876163482666
81 11.20773959159851
81 11.213844537734985
81 11.218725204467773
81 11.224609375
81 11.22994875907898
81 11.236546754837036
81 11.241740942001343
81 11.247587442398071
81 11.253864049911499
81 11.258738040924072
81 11.264611721038818
81 11.26990270614624
81 11.275758981704712
81 11.280660152435303
81 11.287516593933105
81 11.293676853179932
81 11.298541069030762
81 11.304597854614258
81 11.309925556182861
81 11.315950632095337
81 11.320847511291504
81 11.326624870300293
81 11.331801176071167
81 11.33864426612854
81 11.344574213027954
81 11.349907636642456
81 11.355752944946289
81 11.360657691955566
81 11.366521120071411
81 11.371722936630249
81 11.377740144729614
81 11.383831977844238
81 11.389794111251831
81 11.395682096481323
81 11.400572061538696
81 11.406393766403198
81 11.411583662033081
81 11.417422771453857
81 11.423602104187012
81 11.428477048873901
81 11.434594869613647
81 11.440661430358887
81 11.446519613265991
81 11.451715469360352
81 11.457556009292603
81 11.467975854873657
81 11.475457668304443
81 11.480390071868896
81 11.486398458480835
81 11.493277072906494
81 11.510396003723145
81 11.516451120376587
81 11.523135662078857
81 11.52837061882019
81 11.534458875656128
81 11.540818929672241
81 11.546645164489746
81 11.551838636398315
81 11.557821273803711
81 11.564092874526978
81 11.569195747375488
81 11.57487940788269
81 11.580205202102661
81 11.586049318313599
81 11.592288494110107
81 11.597769021987915
81 11.603838205337524
81 11.608725786209106
81 11.61476445198059
81 11.62007999420166
81 11.625909328460693
81 11.630833148956299
81 11.63666820526123
81 11.643770217895508
81 11.648633480072021
81 11.654527187347412
81 11.65988039970398
81 11.665753364562988
81 11.670673847198486
81 11.676657676696777
81 11.68184781074524
81 11.687701940536499
81 11.69461703300476
81 11.699938297271729
81 11.705774307250977
81 11.710728883743286
81 11.716572284698486
81 11.72180438041687
81 11.72767686843872
81 11.73391056060791
81 11.73877239227295
81 11.745840072631836
81 11.750744581222534
81 11.756565570831299
81 11.761737823486328
81 11.767613410949707
81 11.773776054382324
81 11.778636455535889
81 11.784554243087769
81 11.789896249771118
81 11.79659914970398
81 11.801810026168823
81 11.807665824890137
81 11.813753366470337
81 11.818607568740845
81 11.82467794418335
81 11.830021858215332
81 11.835862159729004
81 11.84077501296997
81 11.847623825073242
81 11.853914976119995
81 11.86324954032898
81 11.87490963935852
81 11.880231380462646
81 11.886238098144531
81 11.891430616378784
81 11.898452520370483
81 11.904415845870972
81 11.90967321395874
81 11.915726900100708
81 11.920655488967896
81 11.92648434638977
81 11.931648015975952
81 11.937531232833862
81 11.943626880645752
81 11.949609279632568
81 11.955754280090332
81 11.960676908493042
81 11.966529846191406
81 11.971729040145874
81 11.977762222290039
81 11.983845472335815
81 11.9887216091156
81 11.994611024856567
81 12.000678539276123
81 12.006531953811646
81 12.011693954467773
81 12.01765751838684
81 12.023749351501465
81 12.028618097305298
81 12.047955513000488
81 12.061407089233398
81 12.073280811309814
81 12.08876347541809
81 12.104706048965454
81 12.120301961898804
81 12.14412784576416
81 12.151373147964478
81 12.157615423202515
81 12.163880586624146
81 12.168739795684814
81 12.174671173095703
81 12.180018901824951
81 12.185866117477417
81 12.190760612487793
81 12.196579933166504
81 12.203596591949463
81 12.208516836166382
81 12.214681625366211
81 12.220013856887817
81 12.22583794593811
81 12.230764865875244
81 12.236631155014038
81 12.241822004318237
81 12.24765419960022
81 12.254541397094727
81 12.25989556312561
81 12.270057439804077
81 12.277280569076538
81 12.283214092254639
81 12.288537502288818
81 12.294655561447144
81 12.29996395111084
81 12.306540250778198
81 12.311727285385132
81 12.317618608474731
81 12.323697566986084
81 12.328572988510132
81 12.334651231765747
81 12.339963436126709
81 12.346008062362671
81 12.350917100906372
81 12.357753276824951
81 12.36383581161499
81 12.368732690811157
81 12.374656677246094
81 12.379965782165527
81 12.385815143585205
81 12.390740394592285
81 12.396709442138672
81 12.403748273849487
81 12.408686637878418
81 12.41459584236145
81 12.419930696487427
81 12.425820589065552
81 12.430766820907593
81 12.43659234046936
81 12.441796779632568
81 12.447702407836914
81 12.454597234725952
81 12.459972381591797
81 12.465837717056274
81 12.470771789550781
81 12.47675609588623
81 12.482292413711548
81 12.487765073776245
81 12.49387001991272
81 12.498717069625854
81 12.505821228027344
81 12.510789394378662
81 12.516770601272583
81 12.522284269332886
81 12.527801036834717
81 12.535807371139526
81 12.54076361656189
81 12.546558856964111
81 12.553192853927612
81 12.55935525894165
81 12.565345048904419
81 12.570745706558228
81 12.576717376708984
81 12.58188772201538
81 12.587790250778198
81 12.593923091888428
81 12.59879183769226
81 12.604803562164307
81 12.610882997512817
81 12.616755962371826
81 12.6218740940094
81 12.627740383148193
81 12.63397765159607
81 12.638810157775879
81 12.644685983657837
81 12.649991750717163
81 12.655823230743408
81 12.661767721176147
81 12.672430515289307
81 12.679682731628418
81 12.68579626083374
81 12.690707921981812
81 12.699454307556152
81 12.71161150932312
81 12.717507123947144
81 12.723612308502197
81 12.728511571884155
81 12.734577894210815
81 12.739925146102905
81 12.745805025100708
81 12.75072956085205
81 12.756701231002808
81 12.76391863822937
81 12.768764019012451
81 12.77469253540039
81 12.78000545501709
81 12.785829067230225
81 12.790739059448242
81 12.796600341796875
81 12.801815748214722
81 12.80767273902893
81 12.814646244049072
81 12.82001781463623
81 12.825860261917114
81 12.830768346786499
81 12.836591720581055
81 12.841802835464478
81 12.847636938095093
81 12.85378885269165
81 12.85866904258728
81 12.865809440612793
81 12.870725870132446
81 12.876718044281006
81 12.881872415542603
81 12.887750625610352
81 12.89385724067688
81 12.89868688583374
81 12.904565811157227
81 12.910640954971313
81 12.916528463363647
81 12.92171311378479
81 12.927566766738892
81 12.933850049972534
81 12.938727855682373
81 12.94463324546814
81 12.949944019317627
81 12.95581865310669
81 12.961727619171143
81 12.967676401138306
81 12.97380781173706
81 12.978654146194458
81 12.98457407951355
81 12.989908933639526
81 12.995999097824097
81 13.00424075126648
