0 0.006834268569946289
0 0.02029705047607422
0 0.026015520095825195
0 0.03202009201049805
0 0.036942243576049805
1 0.0428164005279541
1 0.04804730415344238
2 0.05629849433898926
2 0.06288337707519531
2 0.06849002838134766
3 0.07473397254943848
4 0.08090567588806152
4 0.0862269401550293
5 0.09209084510803223
6 0.09704947471618652
6 0.10295772552490234
7 0.10849118232727051
8 0.11504554748535156
9 0.12094902992248535
10 0.12631773948669434
10 0.13222050666809082
11 0.13712167739868164
12 0.1434803009033203
13 0.1494433879852295
14 0.1543886661529541
16 0.16065430641174316
16 0.16681718826293945
18 0.17864251136779785
20 0.18425440788269043
20 0.19071245193481445
22 0.19606614112854004
22 0.20222210884094238
24 0.20740103721618652
25 0.21400141716003418
26 0.2201976776123047
27 0.2250528335571289
28 0.23142743110656738
29 0.23660039901733398
30 0.24247503280639648
31 0.24767112731933594
32 0.25357675552368164
33 0.25954651832580566
34 0.266094446182251
36 0.27201342582702637
36 0.2769496440887451
38 0.28294944763183594
38 0.2885313034057617
40 0.2940974235534668
40 0.3002955913543701
42 0.30535435676574707
42 0.31105494499206543
44 0.3170595169067383
44 0.3230738639831543
46 0.32862043380737305
46 0.3341081142425537
48 0.3403923511505127
48 0.345564603805542
50 0.35155725479125977
50 0.35661935806274414
52 0.36255931854248047
53 0.3734617233276367
54 0.37942934036254883
55 0.38543200492858887
56 0.3910989761352539
56 0.39645934104919434
58 0.4023871421813965
58 0.4080328941345215
59 0.4140625
60 0.42094850540161133
61 0.42630958557128906
62 0.432208776473999
62 0.4374051094055176
64 0.44350719451904297
64 0.4495580196380615
65 0.45466017723083496
66 0.46062564849853516
66 0.46603989601135254
68 0.4728262424468994
68 0.4780890941619873
68 0.4840087890625
70 0.49030160903930664
70 0.49546241760253906
70 0.5017178058624268
72 0.5067076683044434
72 0.5125713348388672
72 0.5194852352142334
74 0.5245101451873779
74 0.5305492877960205
74 0.5358982086181641
75 0.541893720626831
76 0.546818733215332
76 0.5527112483978271
77 0.5579252243041992
78 0.5640101432800293
78 0.5757360458374023
79 0.5828251838684082
80 0.5880246162414551
80 0.5940916538238525
80 0.6004009246826172
81 0.6055412292480469
82 0.6116845607757568
82 0.6166636943817139
82 0.6236202716827393
83 0.6297607421875
84 0.6346867084503174
84 0.6406657695770264
84 0.646024227142334
84 0.6520004272460938
84 0.6569497585296631
85 0.6628198623657227
86 0.6680655479431152
86 0.6749331951141357
86 0.6810412406921387
86 0.6863613128662109
86 0.6922523975372314
87 0.6974520683288574
87 0.7031261920928955
88 0.709094762802124
88 0.7142033576965332
88 0.72037672996521
88 0.7338747978210449
88 0.7401912212371826
89 0.7450757026672363
89 0.751044511795044
90 0.7563505172729492
90 0.7622480392456055
90 0.7673976421356201
90 0.7741115093231201
90 0.7804164886474609
90 0.7855415344238281
90 0.791825532913208
90 0.7967302799224854
90 0.8027219772338867
90 0.8079266548156738
91 0.8137927055358887
91 0.819943904876709
91 0.8260574340820312
91 0.8319785594940186
90 0.8369450569152832
90 0.8427863121032715
90 0.847980260848999
90 0.8538568019866943
90 0.8601474761962891
90 0.8650140762329102
90 0.8708691596984863
90 0.8769018650054932
90 0.8827393054962158
90 0.8879637718200684
90 0.8938322067260742
90 0.9006285667419434
90 0.9059655666351318
90 0.9120039939880371
90 0.9169540405273438
90 0.9229445457458496
90 0.9301478862762451
90 0.9349725246429443
90 0.9408328533172607
90 0.9462032318115234
90 0.9520626068115234
90 0.9569802284240723
90 0.9628005027770996
90 0.9679915904998779
90 0.9809732437133789
90 0.9866244792938232
90 0.9926888942718506
90 0.9978833198547363
90 1.0038864612579346
90 1.010000228881836
90 1.014847993850708
90 1.0207743644714355
90 1.0268065929412842
90 1.032663345336914
90 1.0378501415252686
90 1.043874979019165
90 1.0500550270080566
90 1.054868459701538
90 1.0607423782348633
90 1.0660474300384521
90 1.072021245956421
90 1.0779433250427246
90 1.0838005542755127
90 1.0898947715759277
90 1.0947597026824951
90 1.1007921695709229
90 1.106144905090332
90 1.1119990348815918
90 1.1169028282165527
90 1.1226952075958252
90 1.1298303604125977
90 1.1346797943115234
90 1.140672206878662
90 1.1458992958068848
90 1.1517705917358398
90 1.1566503047943115
90 1.1627171039581299
90 1.16788911819458
90 1.1739249229431152
90 1.180790901184082
90 1.186143398284912
90 1.1920008659362793
90 1.1969273090362549
90 1.202786922454834
90 1.2080342769622803
90 1.2139086723327637
90 1.220191240310669
90 1.2250378131866455
90 1.231975793838501
90 1.2368583679199219
90 1.2427165508270264
90 1.2478885650634766
90 1.253756046295166
90 1.2598669528961182
90 1.2647490501403809
90 1.2706530094146729
90 1.275979995727539
90 1.282696008682251
90 1.2878797054290771
90 1.2937157154083252
90 1.3000056743621826
90 1.304880142211914
90 1.3107893466949463
90 1.316119909286499
90 1.321969985961914
90 1.3269333839416504
90 1.3338007926940918
90 1.3400518894195557
90 1.3449316024780273
90 1.3508169651031494
90 1.3561534881591797
90 1.3621132373809814
90 1.367008924484253
90 1.372875452041626
90 1.3857004642486572
90 1.391831636428833
90 1.3968069553375244
90 1.4029369354248047
90 1.4081015586853027
90 1.414092779159546
90 1.4201915264129639
90 1.4250106811523438
90 1.4310717582702637
90 1.437394142150879
90 1.4448976516723633
90 1.4507946968078613
90 1.4561541080474854
90 1.4626107215881348
90 1.4678094387054443
90 1.4745309352874756
90 1.480520486831665
90 1.4865729808807373
90 1.4928021430969238
90 1.497978687286377
90 1.5038607120513916
90 1.5100071430206299
90 1.514845371246338
90 1.5208842754364014
90 1.526198387145996
90 1.5320830345153809
90 1.5379300117492676
90 1.5438144207000732
90 1.5499353408813477
90 1.5547993183135986
90 1.5608923435211182
90 1.5662140846252441
90 1.5720622539520264
90 1.5769684314727783
90 1.5829401016235352
90 1.5901412963867188
90 1.5950086116790771
90 1.6008801460266113
90 1.6062660217285156
90 1.612104892730713
90 1.6170215606689453
90 1.6228218078613281
90 1.6280150413513184
90 1.6338884830474854
90 1.640928030014038
90 1.6462655067443848
90 1.6521170139312744
90 1.6574010848999023
90 1.6630585193634033
90 1.6690549850463867
90 1.6741869449615479
90 1.6803081035614014
90 1.6862103939056396
90 1.6922807693481445
90 1.6974143981933594
90 1.7034952640533447
90 1.7094225883483887
90 1.7143936157226562
90 1.720482587814331
90 1.7256968021392822
90 1.7317092418670654
90 1.737633466720581
90 1.7434899806976318
90 1.7494330406188965
90 1.7543888092041016
90 1.7606289386749268
90 1.7658870220184326
90 1.771805763244629
90 1.7822163105010986
90 1.790231466293335
90 1.7950937747955322
90 1.8015093803405762
90 1.8065462112426758
90 1.8125622272491455
90 1.8177440166473389
90 1.8237907886505127
90 1.82987642288208
90 1.8347961902618408
90 1.8418912887573242
90 1.8468143939971924
90 1.8526737689971924
90 1.857882022857666
90 1.863792896270752
90 1.8698959350585938
90 1.8747782707214355
90 1.8808720111846924
90 1.886178731918335
90 1.8927109241485596
90 1.8994967937469482
90 1.9045867919921875
90 1.9105567932128906
90 1.9158248901367188
90 1.9220349788665771
90 1.9269700050354004
90 1.9327919483184814
90 1.9379870891571045
90 1.9448883533477783
90 1.9509737491607666
90 1.956383466720581
90 1.962231159210205
90 1.9671244621276855
90 1.9729905128479004
90 1.9785652160644531
90 1.984062910079956
90 1.9902613162994385
90 1.996370792388916
90 2.002397298812866
90 2.0075531005859375
90 2.013425588607788
90 2.019350051879883
90 2.0242257118225098
90 2.0303781032562256
90 2.035470962524414
90 2.042278289794922
90 2.047471761703491
90 2.0530989170074463
90 2.059049129486084
90 2.064371109008789
90 2.070441722869873
90 2.0755462646484375
90 2.081796407699585
90 2.0866892337799072
90 2.093538522720337
90 2.099574565887451
90 2.1045830249786377
90 2.110543727874756
90 2.115757942199707
90 2.121885299682617
90 2.126802921295166
90 2.132659435272217
90 2.1378612518310547
90 2.144740343093872
90 2.1506447792053223
90 2.1558997631073
90 2.1618077754974365
90 2.1667675971984863
90 2.172593355178833
90 2.1828057765960693
90 2.1903462409973145
90 2.1963770389556885
90 2.2023699283599854
90 2.207528591156006
90 2.2136716842651367
90 2.2198240756988525
90 2.228480815887451
90 2.233975887298584
90 2.240206718444824
90 2.246260643005371
90 2.252087116241455
90 2.256986379623413
90 2.262803554534912
90 2.2679669857025146
90 2.273808002471924
90 2.2799277305603027
90 2.284789800643921
90 2.290670394897461
90 2.296635150909424
90 2.3026745319366455
90 2.3078486919403076
90 2.313673496246338
90 2.319782018661499
90 2.3246896266937256
90 2.3306288719177246
90 2.3358898162841797
90 2.3419575691223145
90 2.347745418548584
90 2.3535711765289307
90 2.359508514404297
90 2.3703956604003906
90 2.3754749298095703
90 2.381753444671631
90 2.3866660594940186
90 2.3926477432250977
90 2.3995518684387207
90 2.4046969413757324
90 2.4106409549713135
90 2.4159421920776367
90 2.421940803527832
90 2.426811695098877
90 2.4326441287994385
90 2.437873363494873
90 2.443742513656616
90 2.4506218433380127
90 2.4559011459350586
90 2.4618282318115234
90 2.466780424118042
90 2.4727931022644043
90 2.477987766265869
90 2.486024856567383
90 2.4919016361236572
90 2.498521327972412
90 2.5040295124053955
90 2.5101375579833984
90 2.5157439708709717
90 2.5217440128326416
90 2.526669502258301
90 2.5324954986572266
90 2.5376880168914795
90 2.5437235832214355
90 2.5505776405334473
90 2.555798292160034
90 2.5617716312408447
90 2.5666866302490234
90 2.5725650787353516
90 2.577747106552124
90 2.5900731086730957
90 2.5949716567993164
90 2.602241039276123
90 2.6071290969848633
90 2.6131250858306885
90 2.6190598011016846
90 2.624235153198242
90 2.6304938793182373
90 2.635723352432251
90 2.6416783332824707
90 2.6466081142425537
90 2.6535019874572754
90 2.659428119659424
90 2.6645748615264893
90 2.6705129146575928
90 2.67570424079895
90 2.681558847427368
90 2.686506986618042
90 2.6923141479492188
90 2.697409152984619
90 2.704054117202759
90 2.7101407051086426
90 2.714972972869873
90 2.720968723297119
90 2.726264476776123
90 2.7322747707366943
90 2.737464666366577
90 2.7430553436279297
90 2.7490084171295166
90 2.755082607269287
90 2.760951042175293
90 2.7661914825439453
90 2.7720227241516113
90 2.7768795490264893
90 2.782827854156494
90 2.787994146347046
90 2.7938168048858643
90 2.8000268936157227
90 2.8061277866363525
90 2.8119349479675293
90 2.816821813583374
90 2.8226380348205566
90 2.8277640342712402
90 2.833571434020996
90 2.8394181728363037
90 2.8445985317230225
90 2.8505725860595703
90 2.8566677570343018
90 2.8626577854156494
90 2.8677968978881836
90 2.8736393451690674
90 2.8795385360717773
90 2.884418487548828
90 2.890427350997925
90 2.8954951763153076
90 2.9023776054382324
90 2.909041166305542
90 2.91409969329834
90 2.920180320739746
90 2.9250128269195557
90 2.930854320526123
90 2.93613600730896
90 2.941915512084961
90 2.9467670917510986
90 2.9525797367095947
90 2.9595022201538086
90 2.9647693634033203
90 2.970644950866699
90 2.9758076667785645
90 2.987109661102295
90 2.9934158325195312
90 2.999077796936035
90 3.0043623447418213
90 3.011460304260254
90 3.016425371170044
90 3.022383689880371
90 3.0274693965911865
90 3.033088207244873
90 3.0385854244232178
90 3.04403018951416
90 3.0500876903533936
90 3.0549209117889404
90 3.0620062351226807
90 3.0668795108795166
90 3.072676658630371
90 3.0778398513793945
90 3.083813190460205
90 3.089902400970459
90 3.0947651863098145
90 3.1006453037261963
90 3.105893135070801
90 3.112527370452881
90 3.1176955699920654
90 3.1236684322357178
90 3.1297736167907715
90 3.134571075439453
90 3.1406469345092773
90 3.1459603309631348
90 3.151780605316162
90 3.1566529273986816
90 3.1634256839752197
90 3.16911244392395
90 3.1741726398468018
90 3.180234432220459
90 3.185016393661499
90 3.1908488273620605
90 3.196162462234497
90 3.202136993408203
90 3.2069804668426514
90 3.2136874198913574
90 3.2195587158203125
90 3.2245640754699707
90 3.230491876602173
90 3.235729932785034
90 3.2415618896484375
90 3.2465107440948486
90 3.2524895668029785
90 3.2576379776000977
90 3.264266014099121
90 3.2703638076782227
90 3.275395631790161
90 3.280998468399048
90 3.2862765789031982
90 3.292085647583008
90 3.296963691711426
90 3.302757740020752
90 3.3079209327697754
90 3.3147451877593994
90 3.3207902908325195
90 3.326066017150879
90 3.3318428993225098
90 3.3368849754333496
90 3.342684268951416
90 3.347827434539795
90 3.353644371032715
90 3.359546184539795
90 3.3763647079467773
90 3.3954079151153564
90 3.4050509929656982
90 3.4179437160491943
90 3.431715488433838
90 3.442443370819092
90 3.455781936645508
90 3.4647462368011475
90 3.4770331382751465
90 3.491462230682373
90 3.4976933002471924
90 3.503666639328003
90 3.5095720291137695
90 3.5147790908813477
90 3.5223615169525146
90 3.527468204498291
90 3.5334341526031494
90 3.5391130447387695
90 3.555521011352539
90 3.564526081085205
90 3.5724403858184814
90 3.5779800415039062
90 3.5838170051574707
90 3.589902639389038
90 3.594738006591797
90 3.601771593093872
90 3.606696844100952
90 3.6125104427337646
90 3.6176767349243164
90 3.6236579418182373
90 3.6297597885131836
90 3.634568452835083
90 3.6406502723693848
90 3.646554946899414
90 3.6524696350097656
90 3.6576650142669678
90 3.6634654998779297
90 3.669414520263672
90 3.674233913421631
90 3.6804754734039307
90 3.685673952102661
90 3.6915102005004883
90 3.6974358558654785
90 3.7030832767486572
90 3.708587169647217
90 3.7142114639282227
90 3.7203235626220703
90 3.7251315116882324
90 3.730987310409546
90 3.7362613677978516
90 3.7422614097595215
90 3.748018264770508
90 3.7538888454437256
90 3.7599451541900635
90 3.764787197113037
90 3.7708117961883545
90 3.7761054039001465
90 3.781912088394165
90 3.7936880588531494
90 3.8007829189300537
90 3.8060920238494873
90 3.812037944793701
90 3.816950798034668
90 3.822758674621582
90 3.827899217605591
90 3.833695888519287
90 3.83958101272583
90 3.844595193862915
90 3.851482629776001
90 3.8564460277557373
90 3.8624143600463867
90 3.8675103187561035
90 3.8734066486358643
90 3.879103422164917
90 3.884136915206909
90 3.8901829719543457
90 3.8950002193450928
90 3.9028148651123047
90 3.9079701900482178
90 3.9137980937957764
90 3.920016288757324
90 3.9248392581939697
90 3.9307336807250977
90 3.9360110759735107
90 3.94183611869812
90 3.9467151165008545
90 3.9535064697265625
90 3.95941424369812
90 3.964235544204712
90 3.9703125953674316
90 3.9753477573394775
90 3.981450080871582
90 3.9864373207092285
90 3.99224853515625
90 3.9971110820770264
90 4.003835916519165
90 4.010065793991089
90 4.0148913860321045
90 4.0207359790802
90 4.0260093212127686
90 4.032031774520874
90 4.036925554275513
90 4.042880535125732
90 4.0480475425720215
90 4.0548415184021
90 4.060746908187866
90 4.066072702407837
90 4.071978330612183
90 4.0768396854400635
90 4.082646608352661
90 4.087800741195679
90 4.093667984008789
90 4.099550008773804
90 4.106038331985474
90 4.111859321594238
90 4.1167237758636475
90 4.1225597858428955
90 4.12769341468811
90 4.133484601974487
90 4.139371156692505
90 4.144209861755371
90 4.150309085845947
90 4.156280040740967
90 4.162251710891724
90 4.167120933532715
90 4.173040151596069
90 4.179044485092163
90 4.187007904052734
90 4.196285009384155
90 4.202239990234375
90 4.208097696304321
90 4.2141172885894775
90 4.220403671264648
90 4.225452184677124
90 4.2310872077941895
90 4.236339330673218
90 4.2421417236328125
90 4.2469964027404785
90 4.252788782119751
90 4.259882688522339
90 4.264720439910889
90 4.270630359649658
90 4.2758049964904785
90 4.281930208206177
90 4.286822080612183
90 4.292803049087524
90 4.298067808151245
90 4.303906202316284
90 4.310726642608643
90 4.315987586975098
90 4.321835517883301
90 4.326716899871826
90 4.332509517669678
90 4.337661027908325
90 4.343669176101685
90 4.3497536182403564
90 4.354557514190674
90 4.361565589904785
90 4.366605520248413
90 4.37247633934021
90 4.37762713432312
90 4.383450508117676
90 4.389082670211792
90 4.3941428661346436
90 4.4005208015441895
90 4.405684947967529
90 4.4123382568359375
90 4.417466640472412
90 4.423495769500732
90 4.429374694824219
90 4.434206008911133
90 4.4402852058410645
90 4.445073843002319
90 4.450936794281006
90 4.456211090087891
90 4.462897300720215
90 4.4680256843566895
90 4.473844528198242
90 4.4799439907073975
90 4.484773874282837
90 4.490638971328735
90 4.495885372161865
90 4.5018181800842285
90 4.506706714630127
90 4.513360977172852
90 4.519034147262573
90 4.527823209762573
90 4.533679485321045
90 4.539761543273926
90 4.544537782669067
90 4.550627946853638
90 4.555886268615723
90 4.562523603439331
90 4.567655563354492
90 4.573498725891113
90 4.579403877258301
90 4.590283632278442
90 4.5963685512542725
90 4.602333307266235
90 4.607458829879761
90 4.614245653152466
90 4.620459794998169
90 4.625535488128662
90 4.631502628326416
90 4.63650369644165
90 4.642459869384766
90 4.647616147994995
90 4.653423547744751
90 4.659069776535034
90 4.665100812911987
90 4.670950412750244
90 4.6762213706970215
90 4.682238578796387
90 4.687120676040649
90 4.692955493927002
90 4.698084592819214
90 4.70407772064209
90 4.710158586502075
90 4.716200351715088
90 4.722074508666992
90 4.72697639465332
90 4.732788324356079
90 4.737957954406738
90 4.743776798248291
90 4.749874591827393
90 4.754730224609375
90 4.760789155960083
90 4.76685357093811
90 4.772666692733765
90 4.777870416641235
90 4.783658504486084
90 4.78957462310791
90 4.794536113739014
90 4.800487995147705
90 4.805699825286865
90 4.811779737472534
90 4.817646503448486
90 4.823653697967529
90 4.829758167266846
90 4.834562063217163
90 4.840493440628052
90 4.845646142959595
90 4.851499557495117
90 4.856451988220215
90 4.862279653549194
90 4.868591785430908
90 4.874035596847534
90 4.8826868534088135
90 4.887873888015747
90 4.89371395111084
90 4.900451421737671
90 4.905531406402588
90 4.911132097244263
90 4.917393207550049
90 4.9229958057403564
90 4.928488731384277
90 4.933945894241333
90 4.940231800079346
90 4.94503116607666
90 4.950873374938965
90 4.956131219863892
90 4.9619200229644775
90 4.967751502990723
90 4.973543405532837
90 4.979412078857422
90 4.984224081039429
90 4.996283054351807
90 5.002443313598633
90 5.00759482383728
90 5.013596057891846
90 5.020639419555664
90 5.0258142948150635
90 5.03175163269043
90 5.036640405654907
90 5.042457818984985
90 5.047658443450928
90 5.05347204208374
90 5.0593743324279785
90 5.064504146575928
90 5.07163667678833
90 5.076542854309082
90 5.082386493682861
90 5.087504148483276
90 5.093106031417847
90 5.098983287811279
90 5.104106664657593
90 5.110150337219238
90 5.114940166473389
90 5.122082233428955
90 5.126971960067749
90 5.132763385772705
90 5.137893915176392
90 5.1437087059021
90 5.149808168411255
90 5.15467381477356
90 5.160635471343994
90 5.1658244132995605
90 5.172400712966919
90 5.177516222000122
90 5.183557510375977
90 5.189444541931152
90 5.1942455768585205
90 5.200516700744629
90 5.205683946609497
90 5.21152138710022
90 5.216496229171753
90 5.2230870723724365
90 5.228600025177002
90 5.234022855758667
90 5.240254640579224
90 5.245056867599487
90 5.250890493392944
90 5.25618314743042
90 5.262040138244629
90 5.266929388046265
90 5.273770570755005
90 5.279816627502441
90 5.284586191177368
90 5.290489196777344
90 5.295664548873901
90 5.301801919937134
90 5.3066651821136475
90 5.312474727630615
90 5.317621946334839
90 5.324158191680908
90 5.330437660217285
90 5.3355395793914795
90 5.341432094573975
90 5.346402406692505
90 5.352222442626953
90 5.357073068618774
90 5.363001585006714
90 5.368487596511841
90 5.37502121925354
90 5.38089919090271
90 5.386217832565308
90 5.397659540176392
90 5.403673410415649
90 5.409902811050415
90 5.41478419303894
90 5.420895576477051
90 5.427002191543579
90 5.432809829711914
90 5.43794322013855
90 5.443766117095947
90 5.449821710586548
90 5.454596519470215
90 5.460766315460205
90 5.466062784194946
90 5.4718708992004395
90 5.47773289680481
90 5.483715057373047
90 5.489812850952148
90 5.494592189788818
90 5.500492811203003
90 5.50565767288208
90 5.511517763137817
90 5.516474962234497
90 5.522278070449829
90 5.5285422801971436
90 5.534025430679321
90 5.540251731872559
90 5.545055627822876
90 5.55086874961853
90 5.556122779846191
90 5.561917066574097
90 5.566785573959351
90 5.572572946548462
90 5.579462051391602
90 5.5842554569244385
90 5.590492010116577
90 5.595683336257935
90 5.60177755355835
90 5.606662034988403
90 5.612475872039795
90 5.617616415023804
90 5.623435020446777
90 5.630240201950073
90 5.635042667388916
90 5.64097785949707
90 5.646260976791382
90 5.652104616165161
90 5.65696907043457
90 5.662899017333984
90 5.668041467666626
90 5.6738550662994385
90 5.680748701095581
90 5.6860082149505615
90 5.692015886306763
90 5.696878433227539
90 5.702682733535767
90 5.707843780517578
90 5.7136452198028564
90 5.7195446491241455
90 5.72476601600647
90 5.731706380844116
90 5.736628532409668
90 5.7424139976501465
90 5.747540473937988
90 5.753130197525024
90 5.75861668586731
90 5.764061689376831
90 5.770110607147217
90 5.774923086166382
90 5.782095909118652
90 5.786963939666748
90 5.799992561340332
90 5.804843187332153
90 5.810853958129883
90 5.816162347793579
90 5.822155952453613
90 5.827006816864014
90 5.833682298660278
90 5.839940071105957
90 5.844794750213623
90 5.850813150405884
90 5.856119871139526
90 5.8619208335876465
90 5.866945266723633
90 5.872736692428589
90 5.877925157546997
90 5.884674072265625
90 5.890507459640503
90 5.895710468292236
90 5.902411222457886
90 5.907500743865967
90 5.91310453414917
90 5.918604850769043
90 5.92408561706543
90 5.9301438331604
90 5.93614935874939
90 5.941972494125366
90 5.946843147277832
90 5.952688455581665
90 5.957839727401733
90 5.96380615234375
90 5.969878196716309
90 5.974700450897217
90 5.980787992477417
90 5.9868245124816895
90 5.992593765258789
90 5.9977126121521
90 6.010114908218384
90 6.014917373657227
90 6.020929574966431
90 6.026194095611572
90 6.032040357589722
90 6.03796911239624
90 6.043807506561279
90 6.049891948699951
90 6.054719686508179
90 6.060620546340942
90 6.065809965133667
90 6.071734428405762
90 6.076628923416138
90 6.0825865268707275
90 6.089558839797974
90 6.094489336013794
90 6.100465536117554
90 6.105539560317993
90 6.111726760864258
90 6.116621494293213
90 6.12241268157959
90 6.127536058425903
90 6.133133411407471
90 6.140361547470093
90 6.145401477813721
90 6.151018381118774
90 6.156287670135498
90 6.162075519561768
90 6.166980266571045
90 6.172768831253052
90 6.177885293960571
90 6.1837122440338135
90 6.195113658905029
90 6.202380895614624
90 6.2074830532073975
90 6.213464975357056
90 6.219387531280518
90 6.224525213241577
90 6.2304465770721436
90 6.236461877822876
90 6.24248743057251
90 6.2476561069488525
90 6.253473520278931
90 6.259343147277832
90 6.26442813873291
90 6.270466327667236
90 6.275656223297119
90 6.281733989715576
90 6.287585973739624
90 6.293424606323242
90 6.299090385437012
90 6.304168462753296
90 6.310249328613281
90 6.315075874328613
90 6.321115255355835
90 6.326404809951782
90 6.332220792770386
90 6.347031354904175
90 6.362237215042114
90 6.384898662567139
90 6.4141435623168945
90 6.420878887176514
90 6.426158428192139
90 6.4324424266815186
90 6.440957307815552
90 6.459472179412842
90 6.4643590450286865
90 6.470395088195801
90 6.475449562072754
90 6.4819395542144775
90 6.486816644668579
90 6.49370551109314
90 6.499923467636108
90 6.504833221435547
90 6.512804269790649
90 6.517974138259888
90 6.523810386657715
90 6.529907941818237
90 6.535454988479614
90 6.542166233062744
90 6.547103643417358
90 6.552903413772583
90 6.558080673217773
90 6.564039468765259
90 6.570057153701782
90 6.5748937129974365
90 6.5807483196258545
90 6.586099624633789
90 6.598085403442383
90 6.604049205780029
90 6.610302925109863
90 6.615128040313721
90 6.6215269565582275
90 6.626477003097534
90 6.632467031478882
90 6.63763165473938
90 6.644217491149902
90 6.650302886962891
90 6.65556263923645
90 6.661508083343506
90 6.666481018066406
90 6.672318935394287
90 6.677439451217651
90 6.683436155319214
90 6.689095735549927
90 6.695388317108154
90 6.701099395751953
90 6.706362962722778
90 6.712158679962158
90 6.717024326324463
90 6.722833156585693
90 6.727985382080078
90 6.733816146850586
90 6.740017890930176
90 6.746123552322388
90 6.751941680908203
90 6.756825923919678
90 6.762800931930542
90 6.767967700958252
90 6.773803949356079
90 6.779848575592041
90 6.784693717956543
90 6.790600299835205
90 6.796588897705078
90 6.802602052688599
90 6.807755947113037
90 6.8135926723480225
90 6.819494962692261
90 6.824373483657837
90 6.830411911010742
90 6.835463523864746
90 6.841055631637573
90 6.846930265426636
90 6.852779388427734
90 6.8579747676849365
90 6.870027780532837
90 6.874861478805542
90 6.880730867385864
90 6.886027812957764
90 6.8920183181762695
90 6.89946985244751
90 6.904510974884033
90 6.910463809967041
90 6.915677309036255
90 6.921808481216431
90 6.926676988601685
90 6.932481527328491
90 6.9376220703125
90 6.943527460098267
90 6.950364828109741
90 6.95541787147522
90 6.963653087615967
90 6.971006870269775
90 6.976282835006714
90 6.9822516441345215
90 6.987364053726196
90 7.0004918575286865
90 7.005666017532349
90 7.0117480754852295
90 7.016656160354614
90 7.022713661193848
90 7.027889966964722
90 7.03370213508606
90 7.0399250984191895
90 7.0448338985443115
90 7.051822662353516
90 7.056700706481934
90 7.062499284744263
90 7.067658185958862
90 7.073541641235352
90 7.079444169998169
90 7.084371089935303
90 7.0903544425964355
90 7.095388174057007
90 7.102170944213867
90 7.107020854949951
90 7.1128013134002686
90 7.117961883544922
90 7.123803377151489
90 7.129894971847534
90 7.134744882583618
90 7.140639543533325
90 7.145895004272461
90 7.152718782424927
90 7.157886743545532
90 7.163902521133423
90 7.170140981674194
90 7.174953937530518
90 7.1807849407196045
90 7.186107873916626
90 7.191941976547241
90 7.196944236755371
90 7.203951597213745
90 7.210049152374268
90 7.214913368225098
90 7.220931768417358
90 7.234864950180054
90 7.241803884506226
90 7.246716022491455
90 7.253612279891968
90 7.260122299194336
90 7.2649242877960205
90 7.270840406417847
90 7.276120185852051
90 7.282093524932861
90 7.290207862854004
90 7.295019865036011
90 7.300867795944214
90 7.306925535202026
90 7.313480854034424
90 7.319372653961182
90 7.324383020401001
90 7.3304150104522705
90 7.335474729537964
90 7.341630458831787
90 7.346527576446533
90 7.352509021759033
90 7.359416961669922
90 7.369563579559326
90 7.374576807022095
90 7.380496978759766
90 7.386217355728149
90 7.397061109542847
90 7.405503273010254
90 7.412019729614258
90 7.4169020652771
90 7.422947645187378
90 7.428073167800903
90 7.433860540390015
90 7.439932107925415
90 7.444787979125977
90 7.450688123703003
90 7.456752300262451
90 7.462700605392456
90 7.467834949493408
90 7.473657846450806
90 7.479565382003784
90 7.4845452308654785
90 7.490489721298218
90 7.495648145675659
90 7.5017242431640625
90 7.50763201713562
90 7.513478994369507
90 7.519132852554321
90 7.524419069290161
90 7.530468463897705
90 7.535540342330933
90 7.5411341190338135
90 7.546402931213379
90 7.552180051803589
90 7.557959079742432
90 7.563791990280151
90 7.569821834564209
90 7.574783563613892
90 7.580798864364624
90 7.586087942123413
90 7.592080354690552
90 7.5969624519348145
90 7.602757453918457
90 7.609797477722168
90 7.614589691162109
90 7.620507717132568
90 7.625743389129639
90 7.6316492557525635
90 7.636593580245972
90 7.642609119415283
90 7.647768020629883
90 7.653584957122803
90 7.660398244857788
90 7.665431976318359
90 7.671042203903198
90 7.676283121109009
90 7.682046175003052
90 7.6869306564331055
90 7.69288969039917
90 7.698076248168945
90 7.704050064086914
90 7.710848093032837
90 7.716114282608032
90 7.721940279006958
90 7.726818799972534
90 7.73259711265564
90 7.737718820571899
90 7.743540048599243
90 7.7494800090789795
90 7.754418611526489
90 7.761520147323608
90 7.766469478607178
90 7.772270441055298
90 7.777374982833862
90 7.7829718589782715
90 7.788115978240967
90 7.798681735992432
90 7.806026458740234
90 7.81274151802063
90 7.817890882492065
90 7.823999404907227
90 7.830186128616333
90 7.835071086883545
90 7.840901136398315
90 7.8461830615997314
90 7.852015018463135
90 7.85689902305603
90 7.863759517669678
90 7.86980676651001
90 7.874576807022095
90 7.880648374557495
90 7.885953903198242
90 7.891808271408081
90 7.89675760269165
90 7.903437614440918
90 7.909080266952515
90 7.915109157562256
90 7.921507120132446
90 7.926480770111084
90 7.932320833206177
90 7.937426805496216
90 7.943477153778076
90 7.949387788772583
90 7.954222679138184
90 7.960294723510742
90 7.966320037841797
90 7.972178220748901
90 7.977040767669678
90 7.982820749282837
90 7.987966299057007
90 7.993816375732422
90 8.000096559524536
90 8.004939317703247
90 8.010818481445312
90 8.0169038772583
90 8.022703886032104
90 8.027897357940674
90 8.03371548652649
90 8.039804697036743
90 8.044676780700684
90 8.050729036331177
90 8.05609917640686
90 8.062101364135742
90 8.067997217178345
90 8.073846340179443
90 8.079975843429565
90 8.084803342819214
90 8.090709686279297
90 8.096146821975708
90 8.101961135864258
90 8.106853008270264
90 8.112673282623291
90 8.119523286819458
90 8.12473177909851
90 8.130631923675537
90 8.135948896408081
90 8.141776323318481
90 8.146657705307007
90 8.15245795249939
90 8.157620429992676
90 8.163450241088867
90 8.170297145843506
90 8.175099849700928
90 8.181113481521606
90 8.186397314071655
90 8.192233085632324
90 8.20383596420288
90 8.210049390792847
90 8.214917421340942
90 8.222060680389404
90 8.226937532424927
90 8.232887744903564
90 8.23801326751709
90 8.244066715240479
90 8.250133037567139
90 8.254930973052979
90 8.260793209075928
90 8.266063690185547
90 8.272671937942505
90 8.277810096740723
90 8.28363299369812
90 8.289496898651123
90 8.294389247894287
90 8.30058765411377
90 8.305744171142578
90 8.311805009841919
90 8.31667947769165
90 8.323432683944702
90 8.329355478286743
90 8.334182500839233
90 8.340240001678467
90 8.345020055770874
90 8.350850343704224
90 8.356128454208374
90 8.365699052810669
90 8.37238335609436
90 8.377496480941772
90 8.383095502853394
90 8.390281677246094
90 8.395557403564453
90 8.403066158294678
90 8.408576250076294
90 8.414569616317749
90 8.42169713973999
90 8.426623821258545
90 8.442038297653198
90 8.44766092300415
90 8.469572305679321
90 8.490303754806519
90 8.495349884033203
90 8.500990867614746
90 8.50629734992981
90 8.51243782043457
90 8.517614603042603
90 8.524217367172241
90 8.53031873703003
90 8.53535008430481
90 8.541131258010864
90 8.546403646469116
90 8.55221176147461
90 8.558491706848145
90 8.575356483459473
90 8.581833362579346
90 8.5867440700531
90 8.59254002571106
90 8.604837417602539
90 8.61089825630188
90 8.61617112159729
90 8.62217664718628
90 8.631031036376953
90 8.63628339767456
90 8.642093896865845
90 8.646974325180054
90 8.653495073318481
90 8.659409284591675
90 8.66457200050354
90 8.670495748519897
90 8.676508903503418
90 8.682358741760254
90 8.68748164176941
90 8.693097591400146
90 8.698981285095215
90 8.704214572906494
90 8.710289001464844
90 8.715344190597534
90 8.721434593200684
90 8.72743844985962
90 8.733058452606201
90 8.738609075546265
90 8.744507551193237
90 8.75047779083252
90 8.755537271499634
90 8.761464834213257
90 8.766535997390747
90 8.77238917350769
90 8.778984308242798
90 8.784186363220215
90 8.790268898010254
90 8.795100927352905
90 8.800959825515747
90 8.806222200393677
90 8.812041521072388
90 8.816929817199707
90 8.82274317741394
90 8.829533576965332
90 8.834749937057495
90 8.840787887573242
90 8.846082210540771
90 8.851938962936401
90 8.856801748275757
90 8.862582683563232
90 8.867703199386597
90 8.873521327972412
90 8.880415201187134
90 8.88564419746399
90 8.891518592834473
90 8.896473407745361
90 8.903111457824707
90 8.909055709838867
90 8.914096117019653
90 8.920158863067627
90 8.924938440322876
90 8.931998252868652
90 8.9368577003479
90 8.942670345306396
90 8.947815895080566
90 8.953620910644531
90 8.959537267684937
90 8.964778184890747
90 8.970639705657959
90 8.975825548171997
90 8.982432126998901
90 8.987595081329346
90 8.993419170379639
90 9.00499439239502
90 9.011084079742432
90 9.016324043273926
90 9.022414207458496
90 9.02754521369934
90 9.034414768218994
90 9.040440320968628
90 9.045479774475098
90 9.051113605499268
90 9.056424140930176
90 9.062232732772827
90 9.067129135131836
90 9.072921752929688
90 9.07808232307434
90 9.084859848022461
90 9.13712477684021
90 9.143101930618286
90 9.149018287658691
90 9.154113054275513
90 9.16021466255188
90 9.16507625579834
90 9.170948505401611
90 9.176286697387695
90 9.182893514633179
90 9.188082933425903
90 9.193919658660889
90 9.200217247009277
90 9.205106258392334
90 9.211014032363892
90 9.216291427612305
90 9.22226071357727
90 9.227126836776733
90 9.242646217346191
90 9.247857809066772
90 9.253883838653564
90 9.26052713394165
90 9.265744686126709
90 9.27631163597107
90 9.282146692276001
90 9.28807258605957
90 9.294416427612305
90 9.300462245941162
90 9.305696487426758
90 9.311558485031128
90 9.316527128219604
90 9.324753522872925
90 9.330708980560303
90 9.336793184280396
90 9.343381881713867
90 9.349066972732544
90 9.354398727416992
90 9.360467195510864
90 9.382121801376343
90 9.393866062164307
90 9.406225442886353
90 9.412978649139404
90 9.418485641479492
90 9.42410683631897
90 9.430312633514404
90 9.436201572418213
90 9.443859338760376
90 9.450433015823364
90 9.455533504486084
90 9.46153998374939
90 9.466516256332397
90 9.472813844680786
90 9.477977991104126
90 9.483988523483276
90 9.490800619125366
90 9.496102809906006
90 9.502121925354004
90 9.506978273391724
90 9.512794971466064
90 9.517972946166992
90 9.52379584312439
90 9.529897928237915
90 9.534749507904053
90 9.541787147521973
90 9.546683073043823
90 9.552500247955322
90 9.557703971862793
90 9.563693284988403
90 9.56957459449768
90 9.574533462524414
90 9.580491781234741
90 9.58571743965149
90 9.592278003692627
90 9.597353458404541
90 9.602959394454956
90 9.608116388320923
90 9.614102602005005
90 9.620325326919556
90 9.625364303588867
90 9.630983829498291
90 9.63626217842102
90 9.642782926559448
90 9.64795470237732
90 9.653770923614502
90 9.65982699394226
90 9.664706230163574
90 9.670618057250977
90 9.675902128219604
90 9.68192982673645
90 9.686816930770874
90 9.693664312362671
90 9.699565172195435
90 9.704550743103027
90 9.710474967956543
90 9.715538024902344
90 9.72147822380066
90 9.72647213935852
90 9.732297897338867
90 9.737389087677002
90 9.744252443313599
90 9.750402688980103
90 9.755457639694214
90 9.761098146438599
90 9.76639723777771
90 9.772193908691406
90 9.77710485458374
90 9.782926082611084
90 9.788083791732788
90 9.79490613937378
90 9.80504846572876
90 9.812671899795532
90 9.817815780639648
90 9.823847532272339
90 9.830172300338745
90 9.834999084472656
90 9.840869903564453
90 9.84692931175232
90 9.852766990661621
90 9.857970237731934
90 9.865785598754883
90 9.871895551681519
90 9.876787185668945
90 9.882629632949829
90 9.887802362442017
90 9.894583702087402
90 9.901488304138184
90 9.906485319137573
90 9.912379026412964
90 9.917511701583862
90 9.923545598983765
90 9.929492473602295
90 9.934394359588623
90 9.940468072891235
90 9.946571588516235
90 9.952403545379639
90 9.957548141479492
90 9.963408708572388
90 9.969131708145142
90 9.974191188812256
90 9.980461120605469
90 9.98566222190857
90 9.991516351699829
90 9.997551679611206
90 10.003567695617676
90 10.009494066238403
90 10.014395236968994
90 10.020431756973267
90 10.025537252426147
90 10.031464099884033
90 10.036452054977417
90 10.04246997833252
90 10.04934024810791
90 10.054202318191528
90 10.060296058654785
90 10.065129518508911
90 10.070970296859741
90 10.076302766799927
90 10.08215618133545
90 10.08702564239502
90 10.092800378799438
90 10.099985599517822
90 10.104888916015625
90 10.110793590545654
90 10.116111040115356
90 10.121969938278198
90 10.126864433288574
90 10.13284707069397
90 10.138013362884521
90 10.143855571746826
90 10.150665044784546
90 10.155892848968506
90 10.161959886550903
90 10.166895866394043
90 10.172708988189697
90 10.177870988845825
90 10.183728694915771
90 10.18986439704895
90 10.194698810577393
90 10.20706558227539
90 10.213029623031616
90 10.218533515930176
90 10.224245548248291
90 10.2304527759552
90 10.235675573348999
90 10.241567373275757
90 10.246511936187744
90 10.25296401977539
90 10.258087396621704
90 10.264086484909058
90 10.27017092704773
90 10.274973154067993
90 10.281002283096313
90 10.286296606063843
90 10.292121648788452
90 10.297011852264404
90 10.303840637207031
90 10.309945583343506
90 10.31481671333313
90 10.320715427398682
90 10.32596731185913
90 10.331828117370605
90 10.336704730987549
90 10.342690706253052
90 10.347839832305908
90 10.35440182685852
90 10.360441446304321
90 10.365558862686157
90 10.37155795097351
90 10.376528978347778
90 10.382394313812256
90 10.387503147125244
90 10.393540382385254
90 10.399448156356812
90 10.406004428863525
90 10.411832571029663
90 10.416727304458618
90 10.42253851890564
90 10.427674531936646
90 10.433529376983643
90 10.439428091049194
90 10.444398403167725
90 10.450441837310791
90 10.45647668838501
90 10.462488651275635
90 10.467662572860718
90 10.473518371582031
90 10.479402780532837
90 10.486220359802246
90 10.492191314697266
90 10.497096061706543
90 10.503979206085205
90 10.510235071182251
90 10.515355110168457
90 10.521525382995605
90 10.526513814926147
90 10.532397747039795
90 10.537550687789917
90 10.543435096740723
90 10.549351215362549
90 10.555444478988647
90 10.561088562011719
90 10.566391944885254
90 10.572261571884155
90 10.577362060546875
90 10.583362102508545
90 10.589070081710815
90 10.594110488891602
90 10.600213766098022
90 10.612701177597046
90 10.617887735366821
90 10.623926877975464
90 10.630163192749023
90 10.634995937347412
90 10.640998125076294
90 10.646295547485352
90 10.652246475219727
90 10.658097267150879
90 10.663981676101685
90 10.670029878616333
90 10.674865245819092
90 10.680769443511963
90 10.686044692993164
90 10.691874980926514
90 10.696756362915039
90 10.702714681625366
90 10.709846258163452
90 10.714692115783691
90 10.720602989196777
90 10.725815773010254
90 10.73178243637085
90 10.736701488494873
90 10.742506742477417
90 10.74765658378601
90 10.753474950790405
90 10.760510206222534
90 10.765731573104858
90 10.771638631820679
90 10.77656602859497
90 10.782551527023315
90 10.787729740142822
90 10.793545246124268
90 10.799464464187622
90 10.804378509521484
90 10.811110258102417
90 10.816475629806519
90 10.822442293167114
90 10.82758378982544
90 10.833478450775146
90 10.83937668800354
90 10.844231367111206
90 10.850312232971191
90 10.855354309082031
90 10.862154006958008
90 10.867071628570557
90 10.872893571853638
90 10.878052234649658
90 10.884039163589478
90 10.890090227127075
90 10.894927978515625
90 10.901868343353271
90 10.906733512878418
90 10.913676500320435
90 10.919759511947632
90 10.924664497375488
90 10.930595874786377
90 10.935778617858887
90 10.941871404647827
90 10.946772336959839
90 10.952577114105225
90 10.957767486572266
90 10.964419841766357
90 10.970442771911621
90 10.975527286529541
90 10.981465816497803
90 10.986459493637085
90 10.992274284362793
90 10.997127056121826
90 11.008072137832642
90 11.01604413986206
90 11.022036790847778
90 11.026931762695312
90 11.03297233581543
90 11.038114309310913
90 11.044202327728271
90 11.050291538238525
90 11.055102825164795
90 11.062255859375
90 11.067116975784302
90 11.072903156280518
90 11.078056573867798
90 11.083882570266724
90 11.090009927749634
90 11.094826221466064
90 11.100737810134888
90 11.106059551239014
90 11.11265516281128
90 11.117853164672852
90 11.123821020126343
90 11.129907131195068
90 11.13476300239563
90 11.140644311904907
90 11.145980834960938
90 11.151836156845093
90 11.156750917434692
90 11.163453578948975
90 11.169402837753296
90 11.174568891525269
90 11.18065619468689
90 11.18590235710144
90 11.191783666610718
90 11.196689367294312
90 11.202516555786133
90 11.207677602767944
90 11.214392900466919
90 11.220446109771729
90 11.225645065307617
90 11.231497764587402
90 11.236475229263306
90 11.242470741271973
90 11.247628927230835
90 11.253481388092041
90 11.259369850158691
90 11.265469551086426
90 11.271119356155396
90 11.27640151977539
90 11.282246351242065
90 11.287119150161743
90 11.292914867401123
90 11.298056602478027
90 11.304054737091064
90 11.310143232345581
90 11.316158056259155
90 11.322023391723633
90 11.326926469802856
90 11.332754135131836
90 11.337928533554077
90 11.343770503997803
90 11.349873065948486
90 11.35476565361023
90 11.360802173614502
90 11.366860389709473
90 11.37272834777832
90 11.377887964248657
90 11.383707523345947
90 11.389812469482422
90 11.394679307937622
90 11.400589942932129
90 11.41260576248169
90 11.420058012008667
90 11.424938678741455
90 11.431098461151123
90 11.436407566070557
90 11.442394733428955
90 11.447511196136475
90 11.453113555908203
90 11.458984851837158
90 11.464046001434326
90 11.470834016799927
90 11.476128339767456
90 11.482135534286499
90 11.486988544464111
90 11.49279522895813
90 11.497974157333374
90 11.503822088241577
90 11.52398133277893
90 11.530069589614868
90 11.534932136535645
90 11.540969610214233
90 11.546266794204712
90 11.552121877670288
90 11.557014465332031
90 11.562949180603027
90 11.569906234741211
90 11.574783563613892
90 11.580716609954834
90 11.585993766784668
90 11.591838598251343
90 11.596740484237671
90 11.602710485458374
90 11.607877016067505
90 11.613706588745117
90 11.620560646057129
90 11.625771045684814
90 11.631750106811523
90 11.636682748794556
90 11.64250659942627
90 11.647691249847412
90 11.653502225875854
90 11.659433126449585
90 11.664576053619385
90 11.671513795852661
90 11.67650294303894
90 11.682355642318726
90 11.687487602233887
90 11.69352674484253
90 11.699431896209717
90 11.704370498657227
90 11.710391521453857
90 11.715506553649902
90 11.722388744354248
90 11.72756314277649
90 11.733386754989624
90 11.739095687866211
90 11.744158029556274
90 11.750208139419556
90 11.755058526992798
90 11.760938882827759
90 11.766261339187622
90 11.772867679595947
90 11.77805495262146
90 11.784037590026855
90 11.790154457092285
90 11.794984102249146
90 11.800864696502686
90 11.812592267990112
90 11.817872047424316
90 11.82497525215149
90 11.831002473831177
90 11.83629822731018
90 11.84236216545105
90 11.847474813461304
90 11.85309648513794
90 11.858984231948853
90 11.864083051681519
90 11.870153427124023
90 11.8762366771698
90 11.882077932357788
90 11.886968851089478
90 11.892767906188965
90 11.89952564239502
90 11.90480375289917
90 11.91069769859314
90 11.91598105430603
90 11.921818494796753
90 11.927713394165039
90 11.93354868888855
90 11.939441680908203
90 11.944419384002686
90 11.950615644454956
90 11.955820560455322
90 11.961946249008179
90 11.966828107833862
90 11.972647905349731
90 11.979823350906372
90 11.984668016433716
90 11.990621089935303
90 11.995822668075562
90 12.002003908157349
90 12.006897687911987
90 12.012709856033325
90 12.017886638641357
90 12.023897409439087
90 12.030741930007935
90 12.036072015762329
90 12.041932821273804
90 12.046829223632812
90 12.052696466445923
90 12.057884931564331
90 12.063771963119507
90 12.069912195205688
90 12.07481837272644
90 12.082065343856812
90 12.087001323699951
90 12.092843055725098
90 12.098085641860962
90 12.103975772857666
90 12.110077142715454
90 12.114946603775024
90 12.120862245559692
90 12.126888751983643
90 12.132798671722412
90 12.13803243637085
90 12.144059658050537
90 12.150174140930176
90 12.155070066452026
90 12.16096305847168
90 12.166287422180176
90 12.172167539596558
90 12.178046464920044
90 12.183908224105835
90 12.190035104751587
90 12.194875717163086
90 12.20094919204712
90 12.211871862411499
90 12.21811318397522
90 12.22411298751831
90 12.231126308441162
90 12.236440181732178
90 12.242440938949585
90 12.247631549835205
90 12.253538846969604
90 12.259540796279907
90 12.264790773391724
90 12.270707368850708
90 12.276033878326416
90 12.2826087474823
90 12.287797689437866
90 12.293645143508911
90 12.299563884735107
90 12.304585695266724
90 12.310545444488525
90 12.315789937973022
90 12.321919441223145
90 12.326825857162476
90 12.333571195602417
90 12.33949589729309
90 12.344740629196167
90 12.350651979446411
90 12.355952501296997
90 12.361835479736328
90 12.37745976448059
90 12.3901207447052
90 12.394979476928711
90 12.401684522628784
90 12.406617879867554
90 12.412638425827026
90 12.41783094406128
90 12.423715591430664
90 12.42987608909607
90 12.435940980911255
90 12.44195008277893
90 12.446835041046143
90 12.45270848274231
90 12.457873344421387
90 12.463782548904419
90 12.470035076141357
90 12.474928379058838
90 12.480841398239136
90 12.486816883087158
90 12.492665529251099
90 12.497843742370605
90 12.50384259223938
90 12.509967565536499
90 12.51481008529663
90 12.52071738243103
90 12.526033163070679
90 12.53187894821167
90 12.537868976593018
90 12.543733596801758
90 12.549838781356812
90 12.554732322692871
90 12.560784339904785
90 12.566152095794678
90 12.572026491165161
90 12.57694959640503
90 12.583788394927979
90 12.590039253234863
90 12.594902753829956
90 12.600971937179565
90 12.606292009353638
90 12.617911338806152
90 12.624029397964478
90 12.63029408454895
90 12.636321783065796
90 12.642383813858032
90 12.647535800933838
90 12.6533944606781
90 12.659101009368896
90 12.664241313934326
90 12.670379638671875
90 12.675458669662476
90 12.681678056716919
90 12.687655687332153
90 12.693516254425049
90 12.69948148727417
90 12.704425573348999
90 12.710500478744507
90 12.71572208404541
90 12.721683740615845
90 12.726650953292847
90 12.732689380645752
90 12.739925146102905
90 12.744828939437866
90 12.750734806060791
90 12.756102323532104
90 12.761998176574707
90 12.766898155212402
90 12.772727489471436
90 12.777906656265259
90 12.783806085586548
90 12.79064655303955
90 12.795939922332764
90 12.801993608474731
90 12.806916952133179
90 12.812794923782349
90 12.81798505783081
90 12.82386827468872
90 12.83013653755188
90 12.834999799728394
90 12.842094659805298
90 12.846997022628784
90 12.85282564163208
90 12.85799241065979
90 12.86605453491211
90 12.871891260147095
90 12.876820087432861
90 12.882656335830688
90 12.889582395553589
90 12.894682884216309
90 12.90165090560913
90 12.906575441360474
90 12.912394523620605
90 12.917552709579468
90 12.92358660697937
90 12.929518461227417
90 12.934492349624634
90 12.941511869430542
90 12.946518421173096
90 12.952388763427734
90 12.957546710968018
90 12.963430404663086
90 12.969347953796387
90 12.974233627319336
90 12.980523586273193
90 12.985756158828735
90 12.992494106292725
90 12.997693538665771
90 13.006117105484009
