0 0.006872653961181641
0 0.018028736114501953
0 0.02285027503967285
0 0.02947998046875
0 0.035350799560546875
0 0.041208505630493164
1 0.04685163497924805
2 0.05203104019165039
2 0.060146331787109375
2 0.06535720825195312
3 0.07136058807373047
4 0.07728767395019531
5 0.08395051956176758
6 0.08978772163391113
6 0.09464359283447266
8 0.10042643547058105
8 0.1055293083190918
10 0.1114351749420166
10 0.11734390258789062
12 0.12253618240356445
13 0.12842941284179688
14 0.13439536094665527
16 0.14024972915649414
17 0.14540314674377441
18 0.15123200416564941
20 0.15716028213500977
22 0.16204333305358887
22 0.16811466217041016
24 0.17316055297851562
26 0.17922139167785645
28 0.1852588653564453
29 0.1909165382385254
31 0.19679045677185059
32 0.20198678970336914
34 0.20805001258850098
36 0.2128467559814453
38 0.21874523162841797
39 0.2239987850189209
40 0.229783296585083
42 0.23463034629821777
44 0.24466991424560547
48 0.25382304191589355
50 0.2599787712097168
52 0.2648494243621826
54 0.27075648307800293
56 0.2758758068084717
58 0.28186941146850586
60 0.2887570858001709
61 0.29401063919067383
63 0.2999918460845947
65 0.30486369132995605
67 0.31067347526550293
68 0.3157949447631836
70 0.32161784172058105
72 0.32785606384277344
74 0.3326716423034668
76 0.3396036624908447
78 0.34449148178100586
80 0.3502488136291504
81 0.35545849800109863
83 0.3614540100097656
85 0.3673429489135742
86 0.37229442596435547
88 0.3782496452331543
90 0.3833427429199219
92 0.39006614685058594
94 0.3949122428894043
95 0.4007608890533447
96 0.40586328506469727
98 0.411693811416626
100 0.41795921325683594
102 0.4227745532989502
103 0.4286653995513916
104 0.43398451805114746
106 0.441436767578125
108 0.44736647605895996
110 0.4523487091064453
112 0.4585399627685547
112 0.46385955810546875
114 0.46979808807373047
116 0.4747295379638672
118 0.4806954860687256
118 0.4858715534210205
120 0.492617130279541
122 0.49851393699645996
122 0.5038402080535889
124 0.5096890926361084
126 0.5145912170410156
126 0.5203757286071777
128 0.5256052017211914
129 0.5314607620239258
130 0.5377547740936279
132 0.5438764095306396
132 0.5497334003448486
134 0.5546345710754395
135 0.5604431629180908
136 0.5656499862670898
136 0.5714764595031738
138 0.5775811672210693
138 0.5823638439178467
140 0.5885097980499268
140 0.5945751667022705
142 0.6005315780639648
142 0.6057064533233643
143 0.611497163772583
144 0.6175861358642578
144 0.622443437576294
145 0.6283860206604004
145 0.6336812973022461
146 0.6395480632781982
147 0.6518259048461914
148 0.6581637859344482
148 0.6632509231567383
148 0.669414758682251
149 0.6743810176849365
150 0.6803677082061768
150 0.6855030059814453
150 0.6913285255432129
150 0.6982638835906982
150 0.7035062313079834
151 0.7156405448913574
151 0.7216973304748535
152 0.7278141975402832
152 0.7326865196228027
152 0.7385380268096924
152 0.7445826530456543
152 0.7504115104675293
151 0.7556569576263428
151 0.7614846229553223
151 0.7677164077758789
151 0.7725784778594971
150 0.7787172794342041
150 0.784041166305542
150 0.7898666858673096
150 0.7957847118377686
150 0.8016180992126465
150 0.8077061176300049
150 0.8125655651092529
149 0.818432092666626
149 0.823601484298706
148 0.8295578956604004
148 0.83441162109375
148 0.8403687477111816
148 0.8472175598144531
147 0.8523623943328857
147 0.8582794666290283
146 0.8634378910064697
146 0.8693110942840576
146 0.874213695526123
145 0.8801589012145996
144 0.8852620124816895
144 0.8908684253692627
144 0.8980472087860107
143 0.9028470516204834
142 0.9087240695953369
142 0.913966178894043
142 0.9198009967803955
141 0.9246695041656494
140 0.9304821491241455
140 0.9356253147125244
139 0.9414463043212891
138 0.9483067989349365
138 0.9535155296325684
137 0.959566593170166
136 0.9644260406494141
136 0.970198392868042
135 0.975346565246582
134 0.9813289642333984
134 0.987210750579834
133 0.9920201301574707
132 0.9987888336181641
132 1.0040864944458008
130 1.0098636150360107
130 1.0147209167480469
129 1.0206975936889648
128 1.0258402824401855
128 1.0316479206085205
126 1.037663221359253
126 1.0424644947052002
124 1.0552349090576172
123 1.0612046718597412
122 1.0672166347503662
121 1.0723586082458496
120 1.07851243019104
120 1.0837531089782715
119 1.089540958404541
118 1.09440016746521
117 1.1011970043182373
116 1.10687255859375
115 1.1122074127197266
114 1.1182100772857666
114 1.1232614517211914
112 1.1288723945617676
112 1.1341137886047363
111 1.14009690284729
110 1.14518141746521
109 1.1517722606658936
108 1.1578211784362793
107 1.16261887550354
106 1.1685073375701904
106 1.1737303733825684
104 1.1795191764831543
104 1.1844160556793213
102 1.1901936531066895
102 1.1953465938568115
101 1.202178716659546
100 1.208162784576416
99 1.2131428718566895
98 1.2187538146972656
98 1.2240629196166992
97 1.2298543453216553
96 1.2347300052642822
95 1.240678071975708
94 1.2457871437072754
94 1.2525835037231445
92 1.2585549354553223
92 1.2638192176818848
91 1.2696099281311035
90 1.274458408355713
90 1.2802083492279053
89 1.2852563858032227
88 1.290846824645996
88 1.2958958148956299
86 1.3027067184448242
86 1.3085722923278809
85 1.3138208389282227
84 1.3197741508483887
83 1.324594497680664
82 1.3303930759429932
82 1.3355364799499512
81 1.3412866592407227
80 1.3471524715423584
80 1.3520445823669434
79 1.3588662147521973
78 1.3641455173492432
78 1.3700740337371826
77 1.374873399734497
76 1.3808231353759766
76 1.3859081268310547
76 1.3916852474212646
74 1.3977277278900146
74 1.4025511741638184
74 1.4093515872955322
73 1.4142608642578125
72 1.4200446605682373
72 1.4248781204223633
72 1.4306387901306152
71 1.437732219696045
70 1.4425976276397705
69 1.4548609256744385
68 1.4608213901519775
68 1.4663183689117432
68 1.4718549251556396
68 1.4780137538909912
67 1.4827957153320312
66 1.4885811805725098
66 1.4938557147979736
66 1.4998219013214111
66 1.5056092739105225
65 1.5113685131072998
64 1.5172607898712158
64 1.5221517086029053
64 1.5281171798706055
64 1.5328586101531982
64 1.5386438369750977
63 1.5438718795776367
63 1.5496788024902344
62 1.5544774532318115
62 1.561405897140503
62 1.5672762393951416
62 1.5722713470458984
62 1.578183650970459
62 1.5832054615020752
62 1.5887601375579834
62 1.5939443111419678
62 1.5996918678283691
61 1.6045093536376953
61 1.6112446784973145
61 1.6168158054351807
61 1.6219418048858643
61 1.6281867027282715
61 1.6332616806030273
61 1.6392593383789062
61 1.6441912651062012
61 1.649975061416626
61 1.6547904014587402
62 1.6614651679992676
62 1.6673171520233154
62 1.6720354557037354
62 1.6782293319702148
62 1.6832566261291504
62 1.6888480186462402
62 1.6940360069274902
61 1.6997935771942139
61 1.7046175003051758
61 1.7113666534423828
61 1.7172162532806396
61 1.7219822406768799
61 1.7280235290527344
61 1.732771873474121
62 1.7389168739318848
62 1.7442519664764404
62 1.7500371932983398
62 1.754866600036621
62 1.7618522644042969
62 1.767927885055542
61 1.7727365493774414
61 1.7785732746124268
61 1.7837979793548584
61 1.7895877361297607
61 1.7944960594177246
61 1.8004586696624756
61 1.8055369853973389
62 1.812009334564209
62 1.8180632591247559
62 1.822819709777832
62 1.8286206722259521
62 1.83384370803833
62 1.8396193981170654
62 1.8444647789001465
61 1.8568658828735352
61 1.8635101318359375
61 1.869572639465332
61 1.8744094371795654
62 1.8803045749664307
62 1.8854258060455322
62 1.891369342803955
62 1.8972244262695312
62 1.902034044265747
62 1.9129128456115723
62 1.9192891120910645
62 1.924208641052246
62 1.9305012226104736
62 1.9357469081878662
62 1.9415829181671143
62 1.9480516910552979
62 1.9528720378875732
62 1.958667278289795
62 1.9646573066711426
62 1.970447301864624
62 1.975532054901123
62 1.9815568923950195
62 1.9875969886779785
62 1.9923427104949951
62 1.998246192932129
62 2.0033082962036133
62 2.009211778640747
62 2.014892578125
62 2.020853281021118
62 2.0262722969055176
62 2.0317094326019287
62 2.0379550457000732
62 2.042766571044922
62 2.048584461212158
62 2.0538370609283447
62 2.059769868850708
62 2.0656566619873047
62 2.071451425552368
62 2.0773251056671143
62 2.0821738243103027
62 2.088146209716797
62 2.093188762664795
62 2.0989201068878174
62 2.104140281677246
62 2.1098949909210205
62 2.115665912628174
62 2.1214938163757324
62 2.1275675296783447
62 2.1358420848846436
62 2.1416478157043457
62 2.147873878479004
62 2.1526618003845215
62 2.158653497695923
62 2.1639223098754883
62 2.1704347133636475
62 2.175586700439453
62 2.181367874145508
62 2.1872503757476807
62 2.192018508911133
62 2.1980576515197754
62 2.2028679847717285
63 2.208652973175049
63 2.213909149169922
64 2.22054123878479
64 2.225633144378662
64 2.2315211296081543
65 2.2375495433807373
66 2.242321252822876
66 2.2528305053710938
67 2.259936809539795
68 2.2647671699523926
68 2.271730422973633
69 2.278045654296875
70 2.28288197517395
70 2.2887492179870605
70 2.29396915435791
71 2.299752950668335
72 2.304586410522461
72 2.3103861808776855
73 2.315507650375366
74 2.3219797611236572
74 2.328050374984741
76 2.3328118324279785
76 2.338805913925171
76 2.3440632820129395
78 2.3498501777648926
78 2.354735851287842
79 2.360490560531616
80 2.3656747341156006
80 2.372380495071411
81 2.3782756328582764
82 2.3834280967712402
82 2.3892569541931152
84 2.394212007522583
84 2.4001576900482178
84 2.4053263664245605
86 2.411329746246338
86 2.4172143936157227
87 2.423208713531494
88 2.42879056930542
88 2.4340686798095703
90 2.440492868423462
90 2.445664882659912
90 2.4514338970184326
92 2.457304000854492
92 2.462491035461426
93 2.4683825969696045
94 2.4744296073913574
94 2.4802396297454834
95 2.4853391647338867
96 2.491234540939331
96 2.4971609115600586
97 2.502013921737671
98 2.5080761909484863
98 2.5131616592407227
99 2.519228935241699
100 2.525243043899536
100 2.530874729156494
100 2.536358594894409
101 2.541916847229004
102 2.5480525493621826
102 2.5529074668884277
103 2.5587642192840576
104 2.564042568206787
104 2.5698671340942383
104 2.575812816619873
106 2.581778049468994
106 2.587864875793457
106 2.5926764011383057
107 2.5985255241394043
108 2.6038026809692383
108 2.609656810760498
108 2.6145517826080322
109 2.620347261428833
110 2.6272735595703125
110 2.6321775913238525
110 2.6383566856384277
110 2.6435678005218506
112 2.654789447784424
112 2.660717248916626
112 2.6658775806427
112 2.6731948852539062
113 2.6792972087860107
114 2.684292793273926
114 2.690394639968872
114 2.6955058574676514
114 2.7014431953430176
115 2.707338333129883
115 2.7122771739959717
116 2.718409776687622
116 2.7244062423706055
116 2.7302119731903076
116 2.735360860824585
116 2.7412004470825195
116 2.7469115257263184
116 2.751944065093994
117 2.7581686973571777
117 2.763216972351074
117 2.7688121795654297
117 2.7747278213500977
118 2.7805356979370117
118 2.785645008087158
118 2.7914483547210693
118 2.797337055206299
118 2.8022165298461914
118 2.808349132537842
118 2.813520669937134
118 2.8195619583129883
118 2.8254177570343018
118 2.8312344551086426
118 2.8371312618255615
118 2.8419272899627686
118 2.8481428623199463
118 2.8531486988067627
118 2.858783721923828
118 2.8640520572662354
118 2.870009183883667
118 2.8756916522979736
118 2.8817451000213623
118 2.8877601623535156
118 2.892557382583618
118 2.898408889770508
118 2.9035730361938477
118 2.909555673599243
118 2.914426803588867
118 2.920179605484009
118 2.9252309799194336
118 2.9317283630371094
118 2.937971353530884
118 2.9427287578582764
118 2.9485228061676025
118 2.9536049365997314
118 2.9594838619232178
118 2.964311361312866
118 2.9701333045959473
118 2.975234031677246
118 2.9836103916168213
118 2.990053176879883
118 2.994863986968994
118 3.000809669494629
118 3.005875587463379
118 3.0118939876556396
118 3.0181097984313965
118 3.022890329360962
118 3.029771089553833
118 3.0345840454101562
118 3.0403249263763428
118 3.0455169677734375
118 3.058274269104004
118 3.063321113586426
118 3.0694642066955566
118 3.0742955207824707
118 3.0812036991119385
118 3.0868515968322754
118 3.091843843460083
118 3.097904920578003
118 3.102673053741455
118 3.1086513996124268
118 3.1139321327209473
118 3.1199800968170166
118 3.124856948852539
118 3.131606101989746
118 3.137709617614746
118 3.14253306388855
118 3.148397207260132
118 3.1536006927490234
118 3.1595077514648438
118 3.164376974105835
118 3.1701419353485107
118 3.1752278804779053
118 3.1820290088653564
118 3.188084363937378
118 3.192887306213379
118 3.19864559173584
118 3.2038779258728027
118 3.20987868309021
118 3.214736223220825
118 3.220524549484253
118 3.225633382797241
118 3.2323551177978516
118 3.238450765609741
118 3.2435951232910156
118 3.249539375305176
118 3.2543890476226807
118 3.2602555751800537
118 3.2653698921203613
118 3.271235227584839
118 3.2768561840057373
118 3.2828311920166016
118 3.288640260696411
118 3.2939107418060303
118 3.29984712600708
118 3.3046953678131104
118 3.3104817867279053
118 3.3156089782714844
118 3.321542739868164
118 3.3275837898254395
118 3.333326578140259
118 3.3392457962036133
118 3.344247579574585
118 3.3500289916992188
118 3.3548481464385986
118 3.3607382774353027
118 3.3658385276794434
118 3.371621608734131
118 3.3776695728302
118 3.3824546337127686
118 3.3892605304718018
118 3.394212007522583
118 3.4000208377838135
118 3.404869318008423
118 3.4106216430664062
118 3.415740728378296
117 3.4217309951782227
117 3.4278087615966797
117 3.432602643966675
116 3.440359354019165
116 3.445455312728882
116 3.458104133605957
116 3.4632086753845215
115 3.4741625785827637
114 3.480254650115967
114 3.4871606826782227
113 3.4927825927734375
112 3.498784303665161
112 3.5040276050567627
112 3.5098061561584473
110 3.5146381855010986
110 3.5204169750213623
110 3.5255396366119385
109 3.5313668251037598
108 3.5383074283599854
108 3.5434951782226562
107 3.5493175983428955
106 3.554269552230835
106 3.560218334197998
105 3.565291404724121
104 3.5713255405426025
104 3.577169418334961
102 3.582322597503662
102 3.5893118381500244
101 3.5942254066467285
100 3.600165605545044
100 3.6052310466766357
99 3.6108295917510986
98 3.615905284881592
98 3.6217031478881836
96 3.6277639865875244
96 3.6325771808624268
95 3.6395010948181152
94 3.6443755626678467
94 3.6502161026000977
93 3.6552867889404297
92 3.661322593688965
92 3.667178153991699
91 3.671931743621826
90 3.6779472827911377
89 3.6827151775360107
88 3.6897847652435303
88 3.6946003437042236
87 3.700521945953369
86 3.7055928707122803
86 3.7113523483276367
84 3.71720027923584
84 3.7222962379455566
83 3.7281956672668457
82 3.7332136631011963
82 3.739902973175049
81 3.744758367538452
80 3.750506639480591
80 3.755594253540039
80 3.7613635063171387
78 3.7672529220581055
78 3.772033929824829
78 3.778263807296753
77 3.7833199501037598
76 3.789212226867676
76 3.7948482036590576
75 3.800617218017578
74 3.805724859237671
74 3.811527729034424
73 3.8173701763153076
72 3.8222718238830566
72 3.8283915519714355
72 3.833556890487671
71 3.839676856994629
70 3.8455448150634766
70 3.8542895317077637
69 3.863229751586914
68 3.8692545890808105
68 3.874251127243042
68 3.8802671432495117
67 3.8853564262390137
66 3.8921639919281006
66 3.8983054161071777
65 3.913240671157837
64 3.9192466735839844
64 3.9242496490478516
64 3.930168867111206
64 3.9352612495422363
63 3.9411697387695312
62 3.9548532962799072
62 3.967925786972046
62 3.980208158493042
61 3.9912185668945312
60 4.003807544708252
60 4.014658451080322
60 4.030436992645264
60 4.038698673248291
60 4.051704406738281
60 4.064133167266846
60 4.072387456893921
60 4.078409433364868
60 4.08353066444397
60 4.089575290679932
60 4.0944013595581055
60 4.100161790847778
60 4.105284214019775
60 4.119764804840088
60 4.130528688430786
60 4.138691186904907
60 4.144283771514893
60 4.150036096572876
60 4.15485405921936
60 4.160549640655518
60 4.16561484336853
60 4.172275543212891
60 4.178186416625977
60 4.183175325393677
60 4.188729524612427
60 4.19391942024231
60 4.199847221374512
60 4.204665422439575
60 4.210383653640747
60 4.215454578399658
60 4.221411228179932
60 4.228370189666748
60 4.233514785766602
60 4.239297866821289
60 4.244225740432739
60 4.250011205673218
60 4.261898040771484
60 4.268078327178955
60 4.274106740951538
60 4.280069828033447
60 4.284868955612183
60 4.2907633781433105
60 4.295827388763428
60 4.301556825637817
60 4.307589054107666
60 4.3123273849487305
60 4.318376064300537
60 4.32435154914856
60 4.330186367034912
60 4.335291147232056
60 4.340825080871582
60 4.345876693725586
60 4.351787805557251
60 4.357803583145142
60 4.362584829330444
60 4.3684210777282715
60 4.373556852340698
60 4.383806467056274
60 4.389620065689087
60 4.394440412521362
60 4.400161027908325
60 4.405212163925171
60 4.410780429840088
60 4.415875196456909
60 4.421658754348755
60 4.4284093379974365
60 4.433581590652466
60 4.453550338745117
60 4.464451551437378
60 4.478304862976074
60 4.494143962860107
60 4.5154876708984375
60 4.531431198120117
60 4.542458534240723
60 4.560154676437378
61 4.572039842605591
61 4.579484224319458
62 4.584387302398682
62 4.590311050415039
62 4.595431089401245
62 4.601212978363037
62 4.606893539428711
63 4.612051963806152
64 4.618387222290039
64 4.623582601547241
64 4.630281686782837
65 4.635441541671753
66 4.641261100769043
66 4.647162914276123
66 4.651970386505127
68 4.6640589237213135
68 4.6700356006622314
69 4.674883127212524
70 4.682032346725464
70 4.688270330429077
71 4.6933510303497314
72 4.699324369430542
72 4.70426344871521
73 4.71006441116333
74 4.714917421340942
74 4.720728158950806
74 4.725826740264893
76 4.732579231262207
76 4.738602638244629
77 4.743918180465698
78 4.749711036682129
78 4.754546403884888
79 4.76032018661499
80 4.765458106994629
80 4.771319627761841
82 4.777153730392456
82 4.783164739608765
82 4.788761854171753
83 4.793970823287964
84 4.799978971481323
85 4.804782390594482
86 4.810570001602173
86 4.815676689147949
87 4.821446418762207
88 4.827575445175171
88 4.833477258682251
89 4.8392980098724365
90 4.844224214553833
90 4.850003719329834
91 4.854813575744629
92 4.86072850227356
92 4.865813970565796
93 4.871740341186523
94 4.877777338027954
94 4.883732557296753
95 4.889604330062866
96 4.894452095031738
96 4.900211572647095
97 4.905317783355713
98 4.911235809326172
98 4.919988393783569
99 4.924797773361206
100 4.9305596351623535
100 4.937547922134399
101 4.9423322677612305
102 4.948265790939331
102 4.953323125839233
102 4.958883047103882
103 4.964133262634277
104 4.969940900802612
104 4.974753141403198
104 4.980694532394409
105 4.987752437591553
106 4.992612600326538
106 4.9986255168914795
106 5.0039098262786865
107 5.009674787521362
108 5.014544486999512
108 5.020358324050903
108 5.025484800338745
109 5.031352996826172
110 5.038331508636475
110 5.043522119522095
110 5.049473285675049
110 5.054314613342285
113 5.101629257202148
114 5.129354476928711
116 5.144320249557495
116 5.150173187255859
116 5.155351638793945
116 5.16132926940918
116 5.167169809341431
116 5.171919584274292
116 5.1779749393463135
117 5.182733774185181
117 5.189603805541992
117 5.194413185119629
117 5.20020318031311
117 5.2053022384643555
117 5.210860967636108
117 5.216295480728149
117 5.221798658370972
117 5.22780704498291
117 5.23254132270813
117 5.239522218704224
117 5.244407415390015
117 5.250198841094971
117 5.255283832550049
117 5.261338233947754
117 5.267242431640625
117 5.272027015686035
117 5.278247117996216
116 5.283327341079712
116 5.290098667144775
116 5.295231580734253
116 5.30392599105835
116 5.309681415557861
116 5.314513206481934
116 5.320268630981445
116 5.325366258621216
116 5.331178188323975
116 5.336820602416992
116 5.343263149261475
116 5.348871231079102
116 5.354076623916626
116 5.359869003295898
116 5.364745140075684
116 5.370533227920532
116 5.375651836395264
116 5.381451845169067
116 5.387331485748291
116 5.393685817718506
116 5.401285409927368
116 5.407180547714233
116 5.411965847015381
116 5.418011426925659
116 5.422776460647583
116 5.428616285324097
116 5.433867692947388
116 5.440267562866211
116 5.44684910774231
116 5.451876640319824
116 5.46360445022583
116 5.469659805297852
116 5.474494934082031
116 5.480474948883057
116 5.48558783531189
116 5.491519212722778
116 5.498395919799805
116 5.50354790687561
116 5.509312391281128
116 5.514222621917725
116 5.5201873779296875
116 5.525292158126831
116 5.530900001525879
116 5.5363781452178955
116 5.541828393936157
116 5.548589706420898
116 5.553813695907593
116 5.559656858444214
116 5.564523935317993
116 5.570298671722412
116 5.575423240661621
116 5.5814244747161865
116 5.587347745895386
116 5.592216968536377
116 5.598869800567627
116 5.6041083335876465
116 5.609877586364746
116 5.614750862121582
116 5.620506525039673
116 5.625613689422607
116 5.631390571594238
116 5.637277126312256
116 5.642538070678711
116 5.649690389633179
116 5.654557943344116
116 5.6603312492370605
116 5.665444374084473
116 5.671252965927124
116 5.677127838134766
116 5.681914806365967
116 5.687940359115601
116 5.692697286605835
116 5.699920415878296
116 5.704751253128052
116 5.710510492324829
116 5.715646743774414
116 5.721433877944946
116 5.7273547649383545
116 5.732274770736694
116 5.738206624984741
116 5.743252754211426
116 5.750032186508179
116 5.754876136779785
116 5.760811805725098
116 5.765890121459961
116 5.771688461303711
116 5.777878046035767
116 5.782718896865845
116 5.788537979125977
116 5.7937798500061035
116 5.800267934799194
116 5.805360794067383
116 5.811191558837891
116 5.81676721572876
116 5.822179079055786
116 5.828199625015259
116 5.833265781402588
116 5.838872671127319
116 5.8440773487091064
116 5.8504884243011475
116 5.855637311935425
116 5.868067741394043
116 5.872888803482056
116 5.879448652267456
115 5.8843770027160645
114 5.8903467655181885
114 5.895460367202759
114 5.9020233154296875
114 5.908318996429443
114 5.913520336151123
113 5.919312953948975
112 5.924231767654419
112 5.930011987686157
112 5.934849500656128
111 5.940846920013428
110 5.946372747421265
110 5.952777624130249
109 5.958627700805664
108 5.963862657546997
108 5.969797849655151
108 5.974622488021851
106 5.980368375778198
106 5.985497951507568
106 5.991297245025635
105 5.997164249420166
104 6.003472566604614
104 6.009290456771851
102 6.014214754104614
102 6.020019292831421
102 6.024884939193726
101 6.030639886856079
100 6.035752296447754
100 6.041796922683716
99 6.047807455062866
98 6.053929805755615
98 6.0598883628845215
96 6.064746379852295
96 6.070507287979126
96 6.0756144523620605
94 6.081463575363159
94 6.087580680847168
93 6.092325925827026
92 6.098244905471802
92 6.104262351989746
91 6.110066890716553
90 6.114877939224243
90 6.120820760726929
89 6.125878572463989
88 6.131673812866211
88 6.137726306915283
87 6.142532110214233
86 6.148387908935547
85 6.154449462890625
84 6.1601972579956055
84 6.165339469909668
84 6.171371698379517
82 6.177208662033081
82 6.18233847618103
81 6.188405752182007
81 6.193597078323364
80 6.199495315551758
80 6.205287456512451
79 6.21087121963501
78 6.216791152954102
78 6.221976041793823
77 6.228042840957642
76 6.232799053192139
76 6.238770961761475
76 6.243987798690796
75 6.249791383743286
74 6.255548000335693
73 6.268242359161377
72 6.273333787918091
72 6.279454946517944
72 6.284297943115234
71 6.290287494659424
71 6.295421600341797
70 6.301398038864136
70 6.308421850204468
70 6.3135576248168945
69 6.319496154785156
68 6.32440710067749
68 6.330270051956177
68 6.335359573364258
67 6.340862512588501
67 6.346341371536255
66 6.3517444133758545
66 6.358720064163208
66 6.363933324813843
66 6.369894742965698
65 6.374748945236206
65 6.380507707595825
64 6.38561487197876
64 6.391402244567871
64 6.3972227573394775
64 6.401975393295288
64 6.408714294433594
64 6.413917303085327
63 6.419820070266724
63 6.424644470214844
62 6.430396556854248
62 6.4355268478393555
62 6.459725856781006
62 6.470452070236206
62 6.48233962059021
62 6.5017523765563965
62 6.514023303985596
62 6.528027057647705
62 6.551361799240112
62 6.559418439865112
61 6.564297914505005
61 6.570657730102539
61 6.575761795043945
61 6.581567287445068
61 6.5879127979278564
61 6.592669248580933
61 6.598652601242065
61 6.60388445854187
62 6.610574960708618
62 6.6157004833221436
62 6.62148380279541
62 6.627354621887207
62 6.632170915603638
62 6.638109445571899
61 6.642870903015137
61 6.648787498474121
61 6.654042959213257
61 6.666403770446777
61 6.6719043254852295
61 6.678093910217285
62 6.682873010635376
62 6.688810586929321
62 6.694056034088135
62 6.6999592781066895
62 6.7047951221466064
62 6.711706876754761
61 6.717876434326172
61 6.722679376602173
61 6.72851037979126
61 6.733732461929321
61 6.739541292190552
61 6.744369268417358
62 6.750136137008667
62 6.755146026611328
62 6.760709285736084
62 6.7677834033966064
62 6.772555589675903
62 6.778548240661621
62 6.783767461776733
62 6.7895894050598145
62 6.794427394866943
62 6.803599834442139
62 6.809498310089111
62 6.815420150756836
62 6.821390390396118
62 6.827252388000488
62 6.8320229053497314
62 6.838257551193237
62 6.843347072601318
62 6.848913669586182
62 6.8541529178619385
62 6.859949827194214
62 6.865728855133057
62 6.871536731719971
62 6.877340316772461
62 6.882166385650635
62 6.888125658035278
62 6.892888784408569
62 6.8989033699035645
62 6.904288053512573
62 6.91016411781311
62 6.915898323059082
62 6.921695232391357
62 6.927741527557373
62 6.932539701461792
62 6.938542127609253
62 6.943817853927612
62 6.949622869491577
62 6.9544572830200195
62 6.960368394851685
62 6.967190742492676
62 6.971939563751221
62 6.977959871292114
62 6.982687711715698
62 6.9884960651397705
62 6.993600845336914
62 6.999494791030884
62 7.004405498504639
62 7.01017689704895
62 7.0163750648498535
62 7.021933317184448
62 7.027942180633545
62 7.032688617706299
62 7.038533687591553
62 7.0436789989471436
62 7.049514532089233
62 7.054356098175049
62 7.0648438930511475
62 7.072652578353882
62 7.078796863555908
62 7.0840678215026855
63 7.0899786949157715
63 7.094781160354614
64 7.100507020950317
64 7.107251167297363
64 7.112022876739502
65 7.118762254714966
66 7.124008655548096
66 7.129815578460693
66 7.134636878967285
67 7.140635013580322
68 7.145740747451782
68 7.151538372039795
68 7.1573591232299805
69 7.162286043167114
70 7.168875694274902
70 7.174104690551758
71 7.17988395690918
72 7.184738874435425
72 7.190499782562256
73 7.195663690567017
74 7.201686143875122
74 7.207750082015991
75 7.212575912475586
76 7.2196056842803955
76 7.224453926086426
77 7.230203151702881
78 7.235293626785278
78 7.2408764362335205
79 7.246340751647949
80 7.251783132553101
80 7.257967233657837
81 7.262744426727295
82 7.268521785736084
82 7.274566173553467
84 7.280328750610352
84 7.285484075546265
85 7.2912492752075195
86 7.297128438949585
86 7.3019349575042725
87 7.308042049407959
88 7.312812328338623
88 7.318803071975708
89 7.32476019859314
90 7.330667018890381
90 7.3358070850372314
91 7.341566324234009
92 7.347639799118042
92 7.352387428283691
94 7.358270168304443
94 7.363434076309204
94 7.369256258010864
96 7.375168323516846
96 7.381171464920044
96 7.386799097061157
97 7.391843795776367
98 7.397956848144531
98 7.402786493301392
99 7.408634424209595
100 7.413903713226318
100 7.4197304248809814
101 7.425557851791382
102 7.4313695430755615
102 7.43836522102356
102 7.44355320930481
103 7.4494194984436035
104 7.454298257827759
105 7.464620351791382
106 7.472743272781372
106 7.483883857727051
107 7.489881992340088
108 7.494705677032471
108 7.500771760940552
108 7.507272481918335
109 7.512343168258667
110 7.518293857574463
110 7.524242639541626
110 7.530041217803955
110 7.5349037647247314
111 7.540917634963989
112 7.546852111816406
112 7.551880836486816
112 7.5580832958221436
112 7.562868356704712
113 7.568718671798706
113 7.574567794799805
114 7.580358982086182
114 7.58548641204834
114 7.591449975967407
114 7.597357511520386
115 7.602279424667358
115 7.608241319656372
116 7.6133036613464355
116 7.620838165283203
116 7.627969741821289
116 7.633568048477173
116 7.63962721824646
116 7.64446234703064
116 7.650268793106079
117 7.655804872512817
117 7.661661386489868
117 7.667687654495239
117 7.67249321937561
117 7.679680824279785
117 7.684536457061768
117 7.69032096862793
117 7.6954216957092285
118 7.7012481689453125
118 7.7071263790130615
118 7.711918115615845
118 7.718102693557739
118 7.723196744918823
118 7.729948997497559
118 7.734781742095947
118 7.740700006484985
118 7.7458107471466064
118 7.751599550247192
118 7.757698059082031
118 7.7625415325164795
118 7.768420219421387
118 7.773604393005371
118 7.780185222625732
118 7.785348415374756
118 7.791167497634888
118 7.796844244003296
118 7.8020336627960205
118 7.8081090450286865
118 7.813182830810547
118 7.818771600723267
118 7.8239905834198
118 7.830467700958252
118 7.8355488777160645
118 7.841407537460327
118 7.847254991531372
118 7.852346420288086
118 7.858422517776489
118 7.87032413482666
118 7.875444650650024
118 7.882345199584961
118 7.888423204421997
118 7.893605709075928
118 7.900494337081909
118 7.90566873550415
118 7.911546230316162
118 7.917760848999023
118 7.922593116760254
118 7.928457260131836
118 7.934471130371094
118 7.940324783325195
118 7.9454731941223145
118 7.9512856006622314
118 7.957158327102661
118 7.961952209472656
118 7.968092441558838
118 7.973172187805176
118 7.980381011962891
118 7.985605716705322
118 7.991452932357788
118 7.997352123260498
118 8.002588510513306
118 8.008476734161377
118 8.013686418533325
118 8.019574880599976
118 8.02442479133606
118 8.031441926956177
118 8.0377516746521
118 8.042632341384888
118 8.048512935638428
118 8.053797483444214
118 8.059645175933838
118 8.064496994018555
118 8.070461988449097
118 8.075569152832031
118 8.082353353500366
118 8.088419675827026
118 8.093568563461304
118 8.099660158157349
118 8.104546308517456
118 8.11035943031311
118 8.115506172180176
118 8.121469020843506
118 8.127362966537476
118 8.133478879928589
118 8.139430046081543
118 8.144292116165161
118 8.150153636932373
118 8.155234813690186
118 8.161227941513062
118 8.166912317276001
118 8.171891450881958
118 8.178126335144043
118 8.184041261672974
118 8.189830541610718
118 8.194685220718384
118 8.20044732093811
118 8.20552396774292
118 8.211281299591064
118 8.217159271240234
118 8.222325325012207
118 8.22823429107666
118 8.234144926071167
118 8.240001916885376
118 8.244820594787598
118 8.25075888633728
118 8.255865097045898
118 8.26165246963501
118 8.273508310317993
118 8.279726266860962
118 8.285522699356079
118 8.291521549224854
118 8.297695875167847
117 8.302575588226318
117 8.30842399597168
117 8.313575267791748
117 8.319490194320679
116 8.324379682540894
116 8.330352306365967
116 8.337209463119507
116 8.342452764511108
116 8.348288297653198
115 8.35347318649292
114 8.359495401382446
114 8.364360094070435
114 8.370164155960083
113 8.375434637069702
112 8.381257772445679
112 8.387962102890015
112 8.392740249633789
111 8.39878249168396
110 8.40406322479248
110 8.409830570220947
109 8.414723634719849
108 8.420664310455322
108 8.425801515579224
108 8.431596279144287
106 8.43949270248413
106 8.444369792938232
105 8.450169324874878
104 8.455256223678589
104 8.461220502853394
103 8.466848134994507
102 8.471873760223389
102 8.477934837341309
101 8.482702493667603
100 8.489681005477905
100 8.494568109512329
99 8.500357389450073
98 8.505482196807861
98 8.51127290725708
96 8.517161130905151
96 8.522351264953613
95 8.52827000617981
95 8.5333411693573
94 8.540064573287964
93 8.545151233673096
92 8.55076265335083
92 8.5558602809906
91 8.561609983444214
90 8.567665576934814
90 8.572443723678589
89 8.578431844711304
88 8.583686828613281
88 8.58952260017395
86 8.595418214797974
86 8.601227045059204
85 8.60686993598938
84 8.611866235733032
84 8.617928981781006
83 8.622678279876709
82 8.628691911697388
82 8.63397765159607
82 8.63992953300476
80 8.645786762237549
80 8.65157175064087
80 8.659319162368774
78 8.67033076286316
77 8.67788314819336
76 8.682691812515259
76 8.68953013420105
75 8.695366859436035
74 8.701462745666504
74 8.707557678222656
74 8.712326765060425
73 8.718270063400269
72 8.723323822021484
72 8.729261636734009
72 8.734230756759644
71 8.740017414093018
70 8.745881080627441
70 8.751856803894043
70 8.758016109466553
69 8.762819290161133
68 8.768617868423462
68 8.773890495300293
68 8.779654264450073
68 8.784466743469238
67 8.790245771408081
66 8.796781301498413
66 8.801811933517456
66 8.807880878448486
66 8.81264591217041
65 8.818668603897095
65 8.823944807052612
64 8.82971477508545
64 8.834546327590942
64 8.840318441390991
64 8.847174644470215
64 8.851968050003052
63 8.857970237731934
63 8.862746000289917
62 8.868550539016724
62 8.873865365982056
62 8.879824161529541
62 8.884758949279785
62 8.890490531921387
62 8.89733076095581
61 8.909728050231934
61 8.91454553604126
61 8.920271396636963
61 8.925381422042847
61 8.93114709854126
61 8.936375379562378
61 8.941989421844482
61 8.954049825668335
61 8.965290069580078
62 8.979619026184082
62 8.990493535995483
62 9.003499269485474
61 9.01291298866272
61 9.027162075042725
61 9.03966498374939
61 9.048425436019897
62 9.06136965751648
62 9.077697992324829
61 9.08720588684082
61 9.092307329177856
61 9.098352432250977
61 9.103516101837158
61 9.112755298614502
62 9.126341342926025
62 9.13681960105896
62 9.142629146575928
62 9.148453712463379
62 9.1535964012146
61 9.15953278541565
61 9.164419174194336
61 9.17015266418457
61 9.175207614898682
61 9.22550654411316
61 9.23194670677185
61 9.238023281097412
61 9.242841720581055
61 9.248820304870605
62 9.254067659378052
62 9.259861946105957
62 9.264742612838745
62 9.270668745040894
62 9.27582049369812
62 9.282503843307495
62 9.288407802581787
62 9.293681859970093
62 9.299551248550415
62 9.304466724395752
62 9.310449361801147
62 9.315576553344727
62 9.321397304534912
62 9.327332973480225
62 9.333566665649414
62 9.339500427246094
62 9.344415664672852
62 9.350262641906738
62 9.355411529541016
62 9.36128544807434
62 9.367161989212036
62 9.372332334518433
62 9.378283500671387
62 9.384345531463623
62 9.390168190002441
62 9.395305156707764
62 9.40131402015686
62 9.407208681106567
62 9.412167072296143
62 9.418224096298218
62 9.423321723937988
62 9.429490804672241
62 9.435450077056885
62 9.441914558410645
62 9.44795036315918
62 9.452747344970703
62 9.458605527877808
62 9.463873624801636
62 9.475291967391968
62 9.482028245925903
62 9.48843502998352
62 9.493733406066895
62 9.499728202819824
62 9.504627466201782
62 9.510394811630249
62 9.51554560661316
62 9.52138376235962
62 9.527243375778198
62 9.533489465713501
62 9.539328336715698
62 9.544240236282349
62 9.55019474029541
63 9.55527400970459
63 9.560863256454468
64 9.56637954711914
64 9.57179594039917
64 9.57783055305481
64 9.583831310272217
65 9.589635848999023
66 9.594448804855347
66 9.600242376327515
66 9.60535454750061
67 9.611319780349731
68 9.617177248001099
68 9.621985673904419
69 9.62802505493164
70 9.633937120437622
70 9.639766454696655
71 9.6446053981781
72 9.650379419326782
72 9.65552544593811
72 9.661527872085571
74 9.667734861373901
74 9.672565698623657
75 9.678407907485962
76 9.684322357177734
76 9.690149307250977
77 9.69528579711914
82 9.741772651672363
86 9.760892391204834
88 9.777801036834717
89 9.791520118713379
90 9.804041624069214
92 9.814639568328857
94 9.837961435317993
96 9.848618268966675
98 9.865867137908936
101 9.88481092453003
102 9.898685932159424
102 9.903965711593628
104 9.910086154937744
104 9.914905071258545
104 9.92124319076538
105 9.927124738693237
106 9.931981563568115
106 9.93877124786377
106 9.944073915481567
108 9.949867486953735
108 9.95473861694336
108 9.960498094558716
109 9.965617895126343
110 9.9715895652771
110 9.977668762207031
110 9.982471942901611
111 9.989513635635376
112 9.994421005249023
112 10.000203371047974
112 10.00535249710083
112 10.010908603668213
113 10.01678729057312
114 10.021846294403076
114 10.028078556060791
114 10.03287649154663
114 10.03992247581482
115 10.044865608215332
116 10.050848245620728
116 10.056403160095215
116 10.061877489089966
116 10.067948341369629
116 10.072698593139648
117 10.078542709350586
117 10.083794593811035
117 10.090504169464111
118 10.095673561096191
118 10.10154390335083
118 10.10759949684143
118 10.112325668334961
118 10.118299007415771
118 10.123345136642456
118 10.128920078277588
118 10.134260892868042
118 10.140039443969727
119 10.146270275115967
119 10.160194873809814
119 10.165419101715088
119 10.171203374862671
119 10.176851749420166
119 10.182031393051147
119 10.188085317611694
119 10.19401478767395
119 10.199791431427002
118 10.20461130142212
118 10.210517168045044
118 10.215623617172241
118 10.22145128250122
118 10.227355241775513
118 10.23228120803833
119 10.23819637298584
119 10.244240999221802
119 10.250084400177002
119 10.254900693893433
119 10.26073694229126
119 10.265851974487305
119 10.278525829315186
119 10.283802270889282
119 10.289794445037842
118 10.295614004135132
118 10.301628112792969
119 10.307817697525024
119 10.312655210494995
119 10.318542718887329
119 10.323803186416626
119 10.329803228378296
119 10.334619283676147
119 10.354658365249634
119 10.370387315750122
119 10.381895542144775
119 10.388194799423218
119 10.39328670501709
119 10.39999008178711
119 10.404831647872925
119 10.410608768463135
119 10.415751457214355
119 10.421583652496338
119 10.432672500610352
119 10.449958801269531
119 10.461983919143677
119 10.471562623977661
119 10.477669715881348
119 10.482510805130005
119 10.488428831100464
119 10.493593215942383
119 10.500149250030518
119 10.505301237106323
119 10.511316537857056
119 10.517209529876709
119 10.52202582359314
119 10.528106689453125
119 10.53312873840332
119 10.538744926452637
119 10.544052839279175
119 10.5505530834198
119 10.555674314498901
119 10.561480283737183
119 10.567351818084717
119 10.572566270828247
119 10.5784592628479
119 10.58360505104065
119 10.58948802947998
119 10.594390392303467
119 10.601258993148804
119 10.607121706008911
119 10.611934661865234
119 10.617940187454224
119 10.622734069824219
119 10.628825664520264
119 10.634055137634277
119 10.639816045761108
119 10.644653081893921
119 10.651440858840942
119 10.657351016998291
119 10.66231632232666
119 10.668235778808594
119 10.679841041564941
119 10.684710025787354
119 10.690802097320557
119 10.69632339477539
119 10.703248262405396
119 10.70887303352356
119 10.714089155197144
119 10.719876050949097
119 10.724741697311401
119 10.730525732040405
119 10.735652208328247
119 10.743299722671509
118 10.74948239326477
118 10.755839586257935
118 10.761635780334473
118 10.767683029174805
118 10.772903203964233
118 10.778751373291016
118 10.784026384353638
118 10.789809465408325
118 10.794647932052612
118 10.801403760910034
118 10.807365655899048
117 10.812578678131104
116 10.81843614578247
116 10.823605060577393
116 10.82968282699585
116 10.834558486938477
114 10.840392827987671
114 10.845548152923584
114 10.852166652679443
113 10.85821008682251
112 10.863325119018555
112 10.869503259658813
111 10.874413013458252
110 10.880242824554443
110 10.885374546051025
110 10.891220331192017
108 10.897181987762451
107 10.909291505813599
106 10.914259910583496
106 10.920299291610718
105 10.925453186035156
104 10.931553840637207
103 10.937661409378052
102 10.942513704299927
102 10.94841742515564
101 10.954379081726074
100 10.960362672805786
100 10.965498208999634
98 10.97130012512207
98 10.977232456207275
97 10.982044458389282
96 10.988305568695068
96 10.993529796600342
95 10.999354124069214
94 11.005180597305298
93 11.010810375213623
92 11.01628565788269
92 11.02173376083374
90 11.027806758880615
90 11.032601833343506
89 11.038411378860474
88 11.043552160263062
88 11.04963994026184
87 11.055477857589722
86 11.061283111572266
85 11.067182779312134
84 11.076665878295898
83 11.083853006362915
82 11.089950561523438
82 11.094780683517456
80 11.100715160369873
80 11.108067274093628
79 11.112894535064697
78 11.118768453598022
78 11.1240234375
77 11.129806280136108
76 11.13474702835083
76 11.1405348777771
76 11.145634412765503
74 11.151433229446411
74 11.158275365829468
74 11.163444519042969
73 11.169566631317139
72 11.174421310424805
72 11.180212020874023
71 11.18533205986023
70 11.190918207168579
70 11.196797609329224
70 11.20184063911438
68 11.208545207977295
68 11.213851928710938
68 11.219829797744751
67 11.224663972854614
66 11.230591535568237
66 11.235739469528198
66 11.2415452003479
66 11.247566938400269
65 11.252332210540771
64 11.258901834487915
64 11.264285802841187
64 11.270077228546143
63 11.275152444839478
62 11.280730247497559
62 11.285839796066284
62 11.29177188873291
62 11.297805309295654
61 11.302603721618652
61 11.3096444606781
60 11.314473628997803
60 11.320242404937744
60 11.325371980667114
60 11.331207752227783
60 11.33682918548584
60 11.341826915740967
59 11.348020553588867
59 11.352812767028809
58 11.359782934188843
58 11.364736557006836
58 11.370505571365356
58 11.375601053237915
58 11.381379842758179
58 11.387285709381104
58 11.392030477523804
58 11.398074626922607
58 11.402867078781128
58 11.408806324005127
58 11.414783716201782
57 11.42050051689148
57 11.42562460899353
57 11.431419610977173
57 11.43817925453186
57 11.443193197250366
58 11.448761224746704
58 11.45399808883667
58 11.45978307723999
58 11.465686559677124
58 11.471645593643188
58 11.484017372131348
58 11.489981889724731
58 11.494797706604004
58 11.500694274902344
58 11.510228633880615
58 11.516857624053955
58 11.521845579147339
58 11.52809476852417
58 11.532865047454834
58 11.538755178451538
58 11.544017553329468
58 11.549821138381958
58 11.554640054702759
58 11.560439825057983
58 11.567280769348145
58 11.572175979614258
58 11.5781888961792
58 11.583211898803711
58 11.589244604110718
58 11.594184875488281
58 11.600024223327637
58 11.604880571365356
58 11.610814571380615
58 11.61780834197998
58 11.622589111328125
58 11.628468990325928
58 11.633607387542725
58 11.639492511749268
58 11.64432430267334
58 11.650276184082031
58 11.655461549758911
58 11.661224365234375
58 11.667940378189087
58 11.672709465026855
58 11.678545951843262
58 11.683856010437012
58 11.689636468887329
58 11.694470405578613
58 11.70025897026062
58 11.705367088317871
58 11.71139669418335
58 11.718246698379517
58 11.723277807235718
58 11.728863716125488
58 11.734081745147705
58 11.740016460418701
58 11.744865655899048
58 11.750612735748291
58 11.755738973617554
58 11.761541843414307
58 11.76856780052185
58 11.77382206916809
58 11.781218767166138
58 11.786827325820923
58 11.7918701171875
58 11.797938585281372
58 11.804404973983765
58 11.81020975112915
58 11.815910816192627
58 11.822301864624023
58 11.82838249206543
58 11.833536624908447
58 11.839476346969604
58 11.844382762908936
58 11.850176334381104
58 11.85525393486023
58 11.860808610916138
58 11.867996215820312
58 11.872805118560791
58 11.884584188461304
58 11.890599489212036
58 11.895714044570923
58 11.901699781417847
58 11.907931327819824
59 11.912712097167969
59 11.919628858566284
60 11.924474716186523
60 11.930282592773438
60 11.93541145324707
60 11.941271781921387
61 11.947190046310425
62 11.952289342880249
62 11.958242654800415
62 11.963290929794312
63 11.970023155212402
64 11.974875926971436
64 11.980651140213013
64 11.985779762268066
65 11.991584062576294
66 11.997779607772827
66 12.002617835998535
67 12.008639335632324
68 12.013906955718994
68 12.020542621612549
69 12.025695085525513
70 12.031541585922241
70 12.037564516067505
72 12.042327404022217
72 12.048254489898682
72 12.053327560424805
74 12.058918952941895
74 12.064297199249268
75 12.071213483810425
76 12.076883792877197
76 12.08197546005249
77 12.088056802749634
78 12.092844486236572
78 12.09864354133606
79 12.10390043258667
80 12.10967755317688
80 12.114562034606934
82 12.121371507644653
82 12.127249002456665
83 12.132372379302979
84 12.138281345367432
84 12.143452405929565
85 12.149240493774414
86 12.15428376197815
86 12.160093307495117
87 12.165152788162231
88 12.1717529296875
88 12.177851915359497
90 12.182660818099976
90 12.188678741455078
91 12.19393014907837
92 12.199737071990967
92 12.204586505889893
93 12.210335493087769
94 12.215487003326416
94 12.22127628326416
95 12.228087186813354
96 12.232917070388794
96 12.238784074783325
97 12.24404263496399
98 12.249989986419678
98 12.254857063293457
99 12.260814428329468
100 12.266308546066284
100 12.271757364273071
102 12.28440809249878
102 12.290358543395996
102 12.295491933822632
103 12.30144739151001
104 12.307346105575562
104 12.312615156173706
105 12.31850790977478
106 12.324489116668701
106 12.330304622650146
106 12.335437297821045
107 12.341215133666992
108 12.346883773803711
108 12.351885318756104
108 12.357972145080566
109 12.362761497497559
110 12.3687744140625
110 12.374702453613281
110 12.380514860153198
111 12.385656118392944
111 12.391680479049683
112 12.397752046585083
112 12.40256953239441
112 12.408424854278564
113 12.413688898086548
113 12.419542074203491
114 12.42539119720459
114 12.43141222000122
114 12.438151836395264
114 12.443211555480957
115 12.448791980743408
116 12.454056024551392
116 12.459895133972168
116 12.464736461639404
116 12.470527410507202
116 12.477338314056396
116 12.482212543487549
117 12.488372564315796
117 12.493571281433105
117 12.499510288238525
118 12.504426956176758
118 12.510251760482788
118 12.515373706817627
118 12.521346807479858
118 12.528184175491333
118 12.533262968063354
118 12.53886103630066
118 12.544072151184082
118 12.550087451934814
118 12.555154085159302
118 12.56074333190918
118 12.565852642059326
118 12.57166337966919
118 12.578375816345215
118 12.583732843399048
118 12.589600324630737
118 12.594455003738403
118 12.60025954246521
118 12.605418682098389
118 12.611432790756226
118 12.617543935775757
118 12.62255311012268
118 12.629564762115479
118 12.63446307182312
118 12.64027738571167
118 12.645432949066162
118 12.651450634002686
118 12.657360315322876
118 12.662384986877441
118 12.668500185012817
118 12.673781156539917
118 12.686847448348999
118 12.692044258117676
118 12.698305368423462
118 12.703510284423828
118 12.709576845169067
118 12.714463472366333
118 12.720237493515015
118 12.725401878356934
118 12.73218321800232
118 12.73817229270935
118 12.743282556533813
118 12.74887728691101
118 12.754107475280762
118 12.759945631027222
118 12.764784574508667
118 12.770592212677002
118 12.775730848312378
118 12.78271770477295
118 12.788706541061401
118 12.793986320495605
118 12.799822330474854
118 12.804672956466675
118 12.81047010421753
118 12.81561279296875
118 12.8598473072052
118 12.878522157669067
118 12.897344827651978
118 12.903736352920532
118 12.909833192825317
118 12.914753198623657
118 12.920529842376709
118 12.925687551498413
118 12.931525945663452
118 12.938411712646484
118 12.94360899925232
118 12.94952917098999
118 12.954455614089966
118 12.960283279418945
118 12.96544361114502
118 12.971505641937256
118 12.97775411605835
118 12.982610702514648
118 12.989508390426636
118 12.99439263343811
118 13.000181674957275
118 13.008310556411743
