0 0.006910800933837891
0 0.018141508102416992
0 0.024186372756958008
1 0.029868125915527344
1 0.03522086143493652
1 0.04003190994262695
1 0.04526472091674805
1 0.05006694793701172
3 0.0572206974029541
3 0.06294465065002441
4 0.06733107566833496
5 0.0732734203338623
5 0.07969284057617188
7 0.08503031730651855
7 0.08984684944152832
9 0.09511852264404297
9 0.09990620613098145
11 0.1052558422088623
11 0.11005973815917969
13 0.11682271957397461
15 0.1223764419555664
16 0.1283872127532959
17 0.13403701782226562
18 0.1385631561279297
19 0.14407825469970703
22 0.15594983100891113
24 0.16056180000305176
25 0.16625261306762695
27 0.17080950736999512
29 0.17656326293945312
29 0.18315768241882324
31 0.18799042701721191
33 0.19362545013427734
33 0.19822311401367188
35 0.20377516746520996
36 0.20836472511291504
38 0.21390819549560547
39 0.2184295654296875
41 0.22394204139709473
41 0.22970223426818848
43 0.23502898216247559
45 0.23985052108764648
46 0.2451481819152832
47 0.2499382495880127
48 0.2557199001312256
49 0.26034021377563477
51 0.26586008071899414
51 0.2704911231994629
53 0.2760279178619385
55 0.28231143951416016
55 0.28699207305908203
57 0.2924630641937256
58 0.29707908630371094
59 0.3025796413421631
60 0.30714917182922363
61 0.3126261234283447
63 0.31781768798828125
63 0.32314419746398926
65 0.3279378414154053
65 0.3342010974884033
67 0.3387947082519531
67 0.34425950050354004
69 0.348905086517334
69 0.3543405532836914
71 0.35907483100891113
71 0.3643929958343506
72 0.36911725997924805
73 0.37484240531921387
73 0.37940025329589844
75 0.3860759735107422
75 0.39061856269836426
76 0.3961143493652344
77 0.4007234573364258
78 0.40696167945861816
79 0.4124605655670166
79 0.41707277297973633
79 0.4225163459777832
81 0.4271085262298584
81 0.43402957916259766
81 0.43851542472839355
83 0.44402456283569336
83 0.4485647678375244
83 0.45406484603881836
84 0.4585738182067871
85 0.46410393714904785
85 0.4686551094055176
85 0.4741530418395996
85 0.4786515235900879
86 0.4851036071777344
87 0.4899439811706543
87 0.4953925609588623
87 0.5001864433288574
87 0.5057094097137451
87 0.5103111267089844
88 0.5160083770751953
89 0.5206055641174316
89 0.5260932445526123
89 0.5306079387664795
89 0.536862850189209
89 0.5423212051391602
89 0.5469543933868408
90 0.5584347248077393
90 0.5640542507171631
90 0.5685153007507324
91 0.5741870403289795
91 0.5787780284881592
91 0.5852642059326172
91 0.5900838375091553
91 0.595344066619873
91 0.6001830101013184
91 0.6056766510009766
91 0.6102910041809082
91 0.6159625053405762
91 0.6205391883850098
91 0.6260495185852051
90 0.6305973529815674
90 0.6368257999420166
90 0.6422321796417236
90 0.6469852924346924
90 0.6524021625518799
90 0.6569600105285645
90 0.6624083518981934
90 0.6669843196868896
90 0.6724016666412354
90 0.6771185398101807
90 0.682518720626831
90 0.6882197856903076
90 0.6937119960784912
90 0.6982460021972656
90 0.70369553565979
90 0.7082099914550781
90 0.7136843204498291
90 0.7182726860046387
90 0.7237296104431152
90 0.728252649307251
90 0.7338352203369141
90 0.7392227649688721
90 0.7446248531341553
90 0.7492079734802246
90 0.7546074390411377
90 0.7591946125030518
90 0.7645583152770996
90 0.7691516876220703
90 0.7747659683227539
90 0.7792994976043701
90 0.7847719192504883
90 0.7903275489807129
90 0.79598069190979
90 0.8005123138427734
90 0.8060379028320312
90 0.8105487823486328
90 0.8160173892974854
90 0.8205306529998779
90 0.8278219699859619
90 0.8332211971282959
90 0.8388454914093018
90 0.8447811603546143
90 0.8493387699127197
90 0.8559396266937256
90 0.8604869842529297
90 0.869375467300415
90 0.875342607498169
90 0.88008713722229
90 0.8853280544281006
90 0.8907217979431152
90 0.8961813449859619
90 0.9006755352020264
90 0.9064350128173828
90 0.9109470844268799
90 0.9165468215942383
90 0.9210515022277832
90 0.9265706539154053
90 0.9310939311981201
90 0.9365630149841309
90 0.9430115222930908
90 0.9473514556884766
90 0.9589862823486328
90 0.9645724296569824
90 0.9691524505615234
90 0.9748902320861816
90 0.979365348815918
90 0.9850788116455078
90 0.9905350208282471
90 0.9960236549377441
90 1.0005450248718262
90 1.0060203075408936
90 1.0105133056640625
90 1.0159742832183838
90 1.0205180644989014
90 1.0260162353515625
90 1.0305140018463135
90 1.0361709594726562
90 1.0423295497894287
90 1.04691743850708
90 1.0523247718811035
90 1.0568873882293701
90 1.0622951984405518
90 1.0668861865997314
90 1.0723016262054443
90 1.0769062042236328
90 1.0823068618774414
90 1.0868830680847168
90 1.0937542915344238
90 1.09828782081604
90 1.1037242412567139
90 1.1082797050476074
90 1.1137316226959229
90 1.1182465553283691
90 1.123692512512207
90 1.1281912326812744
90 1.1336793899536133
90 1.1382074356079102
90 1.1443917751312256
90 1.1490776538848877
90 1.1545629501342773
90 1.1591575145721436
90 1.1647796630859375
90 1.1692800521850586
90 1.1746447086334229
90 1.179213523864746
90 1.1845886707305908
90 1.189192771911621
90 1.1953768730163574
90 1.200160026550293
90 1.2053661346435547
90 1.2101447582244873
90 1.2157700061798096
90 1.2203326225280762
90 1.2258083820343018
90 1.2303016185760498
90 1.2357709407806396
90 1.240309238433838
90 1.2465343475341797
90 1.2510640621185303
90 1.2565498352050781
90 1.2610528469085693
90 1.2665681838989258
90 1.2710669040679932
90 1.2767055034637451
90 1.2812058925628662
90 1.2866966724395752
90 1.2911934852600098
90 1.2980105876922607
90 1.3032212257385254
90 1.3079514503479004
90 1.3131699562072754
90 1.3179001808166504
90 1.3231580257415771
90 1.3278918266296387
90 1.333289384841919
90 1.3380475044250488
90 1.343254566192627
90 1.3486557006835938
90 1.3599333763122559
90 1.3653292655944824
90 1.3702075481414795
90 1.3758506774902344
90 1.3803865909576416
90 1.386014699935913
90 1.3905417919158936
90 1.3967864513397217
90 1.4031643867492676
90 1.4079163074493408
90 1.4131619930267334
90 1.4179127216339111
90 1.4233086109161377
90 1.4280354976654053
90 1.433241844177246
90 1.437964916229248
90 1.443199872970581
90 1.4488019943237305
90 1.4543371200561523
90 1.4588758945465088
90 1.4642555713653564
90 1.4687788486480713
90 1.474147081375122
90 1.478642463684082
90 1.4840624332427979
90 1.4885172843933105
90 1.4939658641815186
90 1.4996778964996338
90 1.5049710273742676
90 1.5096895694732666
90 1.5150847434997559
90 1.519819736480713
90 1.525052547454834
90 1.5297520160675049
90 1.5350298881530762
90 1.5397439002990723
90 1.5450031757354736
90 1.5504491329193115
90 1.5560588836669922
90 1.560544729232788
90 1.5660207271575928
90 1.5705177783966064
90 1.5761456489562988
90 1.5806152820587158
90 1.586050271987915
90 1.590545654296875
90 1.5960328578948975
90 1.6022355556488037
90 1.6067986488342285
90 1.6121771335601807
90 1.6167798042297363
90 1.6222162246704102
90 1.6268458366394043
90 1.6322448253631592
90 1.6369857788085938
90 1.6424238681793213
90 1.6469612121582031
90 1.6533269882202148
90 1.658078670501709
90 1.663295030593872
90 1.6680099964141846
90 1.6732087135314941
90 1.6779427528381348
90 1.6833786964416504
90 1.6881110668182373
90 1.6936860084533691
90 1.698204517364502
90 1.7044246196746826
90 1.7091059684753418
90 1.7143263816833496
90 1.718888282775879
90 1.7242333889007568
90 1.7287793159484863
90 1.7341439723968506
90 1.7386412620544434
90 1.7440884113311768
90 1.7485418319702148
90 1.760714054107666
90 1.7663168907165527
90 1.7708182334899902
90 1.776425838470459
90 1.7809243202209473
90 1.7865471839904785
90 1.7910990715026855
90 1.7965433597564697
90 1.802647352218628
90 1.8072397708892822
90 1.8126609325408936
90 1.8176867961883545
90 1.8230550289154053
90 1.8273546695709229
90 1.8330020904541016
90 1.837327241897583
90 1.8429503440856934
90 1.8472802639007568
90 1.8539116382598877
90 1.8583879470825195
90 1.8656880855560303
90 1.8702385425567627
90 1.8759753704071045
90 1.8804869651794434
90 1.8864777088165283
90 1.891005277633667
90 1.8965492248535156
90 1.9010958671569824
90 1.908151626586914
90 1.9133470058441162
90 1.9180612564086914
90 1.9232211112976074
90 1.9279546737670898
90 1.933335781097412
90 1.938032865524292
90 1.9436836242675781
90 1.9481995105743408
90 1.953648328781128
90 1.9591567516326904
90 1.9643852710723877
90 1.968993902206421
90 1.9742932319641113
90 1.978834867477417
90 1.9878697395324707
90 1.993281602859497
90 1.9980127811431885
90 2.003213882446289
90 2.008894920349121
90 2.014310121536255
90 2.0188519954681396
90 2.0242271423339844
90 2.02876353263855
90 2.034163475036621
90 2.038621664047241
90 2.044079065322876
90 2.048530101776123
90 2.0541348457336426
90 2.0597076416015625
90 2.0649771690368652
90 2.069695472717285
90 2.0751771926879883
90 2.0798988342285156
90 2.085110664367676
90 2.089832067489624
90 2.0950608253479004
90 2.0997965335845947
90 2.1050586700439453
90 2.110553503036499
90 2.116213321685791
90 2.1207222938537598
90 2.126185417175293
90 2.130694627761841
90 2.13616681098938
90 2.1406407356262207
90 2.1461071968078613
90 2.150580883026123
90 2.1633036136627197
90 2.1680397987365723
90 2.173705577850342
90 2.178253173828125
90 2.1838948726654053
90 2.188382863998413
90 2.193854570388794
90 2.198361396789551
90 2.203993320465088
90 2.209324359893799
90 2.2147936820983887
90 2.2193002700805664
90 2.224728584289551
90 2.229218006134033
90 2.234877824783325
90 2.2393546104431152
90 2.2448689937591553
90 2.2493672370910645
90 2.254809617996216
90 2.260333299636841
90 2.2657582759857178
90 2.2703428268432617
90 2.27580189704895
90 2.280327558517456
90 2.2857613563537598
90 2.29030704498291
90 2.2959442138671875
90 2.300499439239502
90 2.305943012237549
90 2.3111584186553955
90 2.3166379928588867
90 2.321155548095703
90 2.3266477584838867
90 2.331184148788452
90 2.3367919921875
90 2.342155933380127
90 2.3467307090759277
90 2.351214647293091
90 2.3568496704101562
90 2.3632209300994873
90 2.36799693107605
90 2.373215675354004
90 2.377955913543701
90 2.3831586837768555
90 2.38789963722229
90 2.3931357860565186
90 2.3978793621063232
90 2.4040322303771973
90 2.408491611480713
90 2.415116786956787
90 2.419804334640503
90 2.425032377243042
90 2.4297592639923096
90 2.4350290298461914
90 2.4397389888763428
90 2.4450204372406006
90 2.4497828483581543
90 2.455035448074341
90 2.459763288497925
90 2.4661433696746826
90 2.4706385135650635
90 2.4762723445892334
90 2.4807724952697754
90 2.486231565475464
90 2.490690231323242
90 2.4961557388305664
90 2.5006444454193115
90 2.5060970783233643
90 2.5105741024017334
90 2.5167884826660156
90 2.522141456604004
90 2.5267488956451416
90 2.5321478843688965
90 2.536926507949829
90 2.542344808578491
90 2.546915054321289
90 2.5523252487182617
90 2.564436674118042
90 2.569155693054199
90 2.574760675430298
90 2.5792784690856934
90 2.584900140762329
90 2.5893802642822266
90 2.5950257778167725
90 2.5997653007507324
90 2.6050174236297607
90 2.609764814376831
90 2.6160244941711426
90 2.620516300201416
90 2.625992774963379
90 2.6305105686187744
90 2.6359732151031494
90 2.640517234802246
90 2.645987033843994
90 2.6505112648010254
90 2.656129837036133
90 2.6605944633483887
90 2.666776657104492
90 2.6722252368927
90 2.676832675933838
90 2.6822385787963867
90 2.686825752258301
90 2.6922812461853027
90 2.6968815326690674
90 2.7023396492004395
90 2.7069008350372314
90 2.7122626304626465
90 2.7180490493774414
90 2.723635196685791
90 2.728170871734619
90 2.73339581489563
90 2.73811936378479
90 2.7433457374572754
90 2.748091220855713
90 2.7532799243927
90 2.7580132484436035
90 2.7632687091827393
90 2.7688629627227783
90 2.7743866443634033
90 2.779041051864624
90 2.7843003273010254
90 2.788893699645996
90 2.79425311088562
90 2.798800468444824
90 2.804189682006836
90 2.808657646179199
90 2.8141231536865234
90 2.8197953701019287
90 2.825030565261841
90 2.8297531604766846
90 2.8351523876190186
90 2.8399462699890137
90 2.8452014923095703
90 2.8499248027801514
90 2.8553152084350586
90 2.8600330352783203
90 2.8652379512786865
90 2.8706538677215576
90 2.8762528896331787
90 2.880727767944336
90 2.8861820697784424
90 2.8906781673431396
90 2.8962888717651367
90 2.900808572769165
90 2.939875602722168
90 2.955162525177002
90 2.985100746154785
90 2.989826202392578
90 2.9952011108398438
90 2.999934434890747
90 3.0051326751708984
90 3.009850025177002
90 3.01519775390625
90 3.019925117492676
90 3.0262081623077393
90 3.0306811332702637
90 3.036120653152466
90 3.0406017303466797
90 3.046032428741455
90 3.050522565841675
90 3.056023120880127
90 3.060504913330078
90 3.0659890174865723
90 3.0705013275146484
90 3.0768918991088867
90 3.0823206901550293
90 3.0868911743164062
90 3.0922508239746094
90 3.096825122833252
90 3.1022346019744873
90 3.106809139251709
90 3.1122496128082275
90 3.1169912815093994
90 3.123234272003174
90 3.1279494762420654
90 3.1333301067352295
90 3.1380910873413086
90 3.1432745456695557
90 3.1480116844177246
90 3.153223752975464
90 3.1579556465148926
90 3.1631739139556885
90 3.1678965091705322
90 3.174060583114624
90 3.178514242172241
90 3.183948516845703
90 3.188413381576538
90 3.1940383911132812
90 3.1985151767730713
90 3.2039828300476074
90 3.2084336280822754
90 3.213887929916382
90 3.2183642387390137
90 3.2247273921966553
90 3.229259490966797
90 3.234633684158325
90 3.2392148971557617
90 3.244842529296875
90 3.2493343353271484
90 3.254990816116333
90 3.259678840637207
90 3.264939546585083
90 3.2696127891540527
90 3.275905132293701
90 3.2804009914398193
90 3.2859058380126953
90 3.2903928756713867
90 3.2958667278289795
90 3.300381660461426
90 3.3058106899261475
90 3.310299873352051
90 3.3159353733062744
90 3.3204660415649414
90 3.3266279697418213
90 3.3311471939086914
90 3.3365817070007324
90 3.3410844802856445
90 3.346526861190796
90 3.3510148525238037
90 3.360727548599243
90 3.369718313217163
90 3.3752262592315674
90 3.3806018829345703
90 3.38620662689209
90 3.390665054321289
90 3.3962624073028564
90 3.4007515907287598
90 3.4068763256073
90 3.412248134613037
90 3.416820764541626
90 3.4222252368927
90 3.42800235748291
90 3.433379650115967
90 3.43810772895813
90 3.443272829055786
90 3.447996139526367
90 3.4532248973846436
90 3.4579787254333496
90 3.4631874561309814
90 3.467933177947998
90 3.473158121109009
90 3.4786500930786133
90 3.4841535091400146
90 3.4887807369232178
90 3.494281768798828
90 3.4988303184509277
90 3.5043563842773438
90 3.509044885635376
90 3.5142669677734375
90 3.518812656402588
90 3.5241756439208984
90 3.5297656059265137
90 3.5350241661071777
90 3.5397603511810303
90 3.545271873474121
90 3.550013303756714
90 3.5553765296936035
90 3.5601308345794678
90 3.565330982208252
90 3.5700523853302
90 3.575239896774292
90 3.580726385116577
90 3.5861692428588867
90 3.590670108795166
90 3.5961570739746094
90 3.600594997406006
90 3.6060404777526855
90 3.6105358600616455
90 3.616147518157959
90 3.6206154823303223
90 3.626065731048584
90 3.631793737411499
90 3.6369147300720215
90 3.6423282623291016
90 3.646902322769165
90 3.6523008346557617
90 3.6568851470947266
90 3.6623218059539795
90 3.6669013500213623
90 3.672305107116699
90 3.6770217418670654
90 3.6836609840393066
90 3.6881847381591797
90 3.6933908462524414
90 3.6981313228607178
90 3.7033300399780273
90 3.708024263381958
90 3.7132411003112793
90 3.7179553508758545
90 3.7231836318969727
90 3.727935791015625
90 3.7343127727508545
90 3.7388687133789062
90 3.744246482849121
90 3.748769760131836
90 3.7541356086730957
90 3.762605905532837
90 3.7697806358337402
90 3.7751858234405518
90 3.7799205780029297
90 3.7863216400146484
90 3.7908146381378174
90 3.8052423000335693
90 3.8099725246429443
90 3.827011823654175
90 3.8462138175964355
90 3.8524930477142334
90 3.8572049140930176
90 3.862600326538086
90 3.880563259124756
90 3.887247085571289
90 3.892660617828369
90 3.8973591327667236
90 3.903013229370117
90 3.9081971645355225
90 3.913792371749878
90 3.9182851314544678
90 3.9237124919891357
90 3.9282760620117188
90 3.933709144592285
90 3.9391956329345703
90 3.946256637573242
90 3.9538285732269287
90 3.9583020210266113
90 3.9637300968170166
90 3.9682412147521973
90 3.974191665649414
90 3.9786508083343506
90 3.9840705394744873
90 3.989389657974243
90 3.994840383529663
90 3.9993066787719727
90 4.004745244979858
90 4.0092222690582275
90 4.014600992202759
90 4.01916766166687
90 4.024649143218994
90 4.029180526733398
90 4.034772157669067
90 4.040158748626709
90 4.04535698890686
90 4.050074815750122
90 4.055233716964722
90 4.059959650039673
90 4.065161943435669
90 4.069855690002441
90 4.075054883956909
90 4.0797669887542725
90 4.085026264190674
90 4.102484464645386
90 4.107048034667969
90 4.112450361251831
90 4.117011308670044
90 4.122416019439697
90 4.126985311508179
90 4.132390737533569
90 4.138133525848389
90 4.143407106399536
90 4.148160219192505
90 4.153785943984985
90 4.1582865715026855
90 4.169305324554443
90 4.1748785972595215
90 4.179358720779419
90 4.185056447982788
90 4.190473318099976
90 4.196127891540527
90 4.20058798789978
90 4.206056833267212
90 4.210524559020996
90 4.216152191162109
90 4.220707893371582
90 4.226208448410034
90 4.230680704116821
90 4.236122131347656
90 4.242442607879639
90 4.246985912322998
90 4.252399682998657
90 4.256969451904297
90 4.262398719787598
90 4.2669453620910645
90 4.27236533164978
90 4.277068376541138
90 4.282450437545776
90 4.287182092666626
90 4.293790102005005
90 4.298280239105225
90 4.30372166633606
90 4.308255195617676
90 4.313709020614624
90 4.318213939666748
90 4.323631525039673
90 4.328158140182495
90 4.333772897720337
90 4.338284254074097
90 4.344654560089111
90 4.349247932434082
90 4.354612827301025
90 4.359204530715942
90 4.364581108093262
90 4.369165897369385
90 4.374525547027588
90 4.379125356674194
90 4.384377717971802
90 4.388986587524414
90 4.395404815673828
90 4.400184869766235
90 4.406286716461182
90 4.410797357559204
90 4.416413307189941
90 4.420879125595093
90 4.4263129234313965
90 4.430827856063843
90 4.436259508132935
90 4.440708160400391
90 4.44691276550293
90 4.452301025390625
90 4.4570472240448
90 4.46243691444397
90 4.4669623374938965
90 4.472369194030762
90 4.476912975311279
90 4.482366561889648
90 4.486947774887085
90 4.492357969284058
90 4.498087644577026
90 4.5032877922058105
90 4.508036375045776
90 4.513378381729126
90 4.518124341964722
90 4.523322582244873
90 4.528061628341675
90 4.5332465171813965
90 4.537968397140503
90 4.544396638870239
90 4.549120903015137
90 4.554365396499634
90 4.558911561965942
90 4.570171356201172
90 4.57591700553894
90 4.580396413803101
90 4.586012363433838
90 4.590507984161377
90 4.596929311752319
90 4.602328062057495
90 4.606877326965332
90 4.61223840713501
90 4.616797924041748
90 4.621796131134033
90 4.626769781112671
90 4.631762981414795
90 4.636876344680786
90 4.642250299453735
90 4.647916555404663
90 4.653128147125244
90 4.657879590988159
90 4.663132429122925
90 4.667848110198975
90 4.6732330322265625
90 4.677961349487305
90 4.6832053661346436
90 4.687946319580078
90 4.69332480430603
90 4.6989829540252686
90 4.704274892807007
90 4.708802938461304
90 4.714183807373047
90 4.718638181686401
90 4.724071741104126
90 4.7285051345825195
90 4.73395562171936
90 4.7384209632873535
90 4.743923902511597
90 4.749388217926025
90 4.755007266998291
90 4.759690523147583
90 4.7649617195129395
90 4.76971173286438
90 4.774956464767456
90 4.779644250869751
90 4.78487753868103
90 4.789347410202026
90 4.804951906204224
90 4.809750556945801
90 4.815313100814819
90 4.82001519203186
90 4.8260486125946045
90 4.830546855926514
90 4.83601713180542
90 4.840516805648804
90 4.8459792137146
90 4.851196765899658
90 4.8588480949401855
90 4.864236354827881
90 4.868774652481079
90 4.874995946884155
90 4.879715204238892
90 4.884931564331055
90 4.889681816101074
90 4.8948974609375
90 4.900351285934448
90 4.905870199203491
90 4.910366535186768
90 4.915847301483154
90 4.920342445373535
90 4.925784111022949
90 4.930297136306763
90 4.93593692779541
90 4.94044041633606
90 4.945922613143921
90 4.9511425495147705
90 4.956582069396973
90 4.96622109413147
90 4.973295211791992
90 4.978031158447266
90 4.985083341598511
90 4.989819049835205
90 4.995312213897705
90 5.000769376754761
90 5.006824016571045
90 5.012273788452148
90 5.016867160797119
90 5.0222485065460205
90 5.027287244796753
90 5.032862424850464
90 5.037216424942017
90 5.042635202407837
90 5.0471391677856445
90 5.053956747055054
90 5.058406829833984
90 5.064016580581665
90 5.068511486053467
90 5.073954105377197
90 5.078419923782349
90 5.0838611125946045
90 5.088351011276245
90 5.093789577484131
90 5.098295450210571
90 5.104575157165527
90 5.109136581420898
90 5.11473536491394
90 5.119232892990112
90 5.124609470367432
90 5.129178047180176
90 5.1343958377838135
90 5.1390769481658936
90 5.144321441650391
90 5.1488707065582275
90 5.155148267745972
90 5.159862995147705
90 5.1651201248168945
90 5.169867992401123
90 5.175256013870239
90 5.17997932434082
90 5.185191869735718
90 5.189921140670776
90 5.195309162139893
90 5.20003080368042
90 5.206216096878052
90 5.210683345794678
90 5.216144561767578
90 5.2206995487213135
90 5.226182699203491
90 5.2306602001190186
90 5.236260890960693
90 5.240762233734131
90 5.246202230453491
90 5.250680446624756
90 5.256949186325073
90 5.262335777282715
90 5.266888856887817
90 5.2722437381744385
90 5.276812314987183
90 5.282198429107666
90 5.286794424057007
90 5.291803598403931
90 5.296898365020752
90 5.302302360534668
90 5.308050155639648
90 5.313269853591919
90 5.317973852157593
90 5.323337554931641
90 5.328071117401123
90 5.333274841308594
90 5.338014125823975
90 5.343224048614502
90 5.34793758392334
90 5.353309631347656
90 5.358790159225464
90 5.3691322803497314
90 5.375802755355835
90 5.38032865524292
90 5.385929584503174
90 5.390414714813232
90 5.396043062210083
90 5.400519609451294
90 5.4076738357543945
90 5.413161039352417
90 5.417903184890747
90 5.42316746711731
90 5.427877187728882
90 5.433085918426514
90 5.437754154205322
90 5.443019866943359
90 5.447329998016357
90 5.4531614780426025
90 5.458748817443848
90 5.464097261428833
90 5.468562364578247
90 5.47415018081665
90 5.478634357452393
90 5.4840521812438965
90 5.488480091094971
90 5.4939048290252686
90 5.498383045196533
90 5.5038533210754395
90 5.509253263473511
90 5.514639854431152
90 5.519169569015503
90 5.524415493011475
90 5.52907395362854
90 5.5345776081085205
90 5.539192199707031
90 5.544534206390381
90 5.5491156578063965
90 5.554366827011108
90 5.560026407241821
90 5.565263271331787
90 5.569979667663574
90 5.575161933898926
90 5.588513612747192
90 5.5941808223724365
90 5.598760366439819
90 5.604118585586548
90 5.6101720333099365
90 5.615678071975708
90 5.620206356048584
90 5.625703811645508
90 5.6306750774383545
90 5.636146306991577
90 5.640618324279785
90 5.646040201187134
90 5.653826475143433
90 5.658310174942017
90 5.6646318435668945
90 5.669792890548706
90 5.6750242710113525
90 5.6797590255737305
90 5.685003042221069
90 5.689688444137573
90 5.694932460784912
90 5.699615001678467
90 5.704882860183716
90 5.709400653839111
90 5.716049909591675
90 5.720529794692993
90 5.726010322570801
90 5.730482816696167
90 5.744886159896851
90 5.749612808227539
90 5.754887580871582
90 5.759372234344482
90 5.77227520942688
90 5.777083873748779
90 5.7824907302856445
90 5.787198543548584
90 5.800920724868774
90 5.806844234466553
90 5.824185609817505
90 5.836481094360352
90 5.859346389770508
90 5.931139945983887
90 5.954843997955322
90 5.968035697937012
90 5.978313446044922
90 5.990933895111084
90 6.003856897354126
90 6.0205771923065186
90 6.030668258666992
90 6.043085098266602
90 6.0539116859436035
90 6.0658252239227295
90 6.075335264205933
90 6.084087133407593
90 6.088510513305664
90 6.09431791305542
90 6.098870277404785
90 6.104372501373291
90 6.108978509902954
90 6.119071006774902
90 6.129995107650757
90 6.139956712722778
90 6.145357131958008
90 6.150401592254639
90 6.155877590179443
90 6.1603803634643555
90 6.170572280883789
90 6.176947116851807
90 6.183709621429443
90 6.188207387924194
90 6.193940162658691
90 6.198414325714111
90 6.203857660293579
90 6.208350658416748
90 6.213831186294556
90 6.218303680419922
90 6.223749399185181
90 6.228276968002319
90 6.234543085098267
90 6.23910665512085
90 6.244334697723389
90 6.248863458633423
90 6.254387855529785
90 6.259048223495483
90 6.2642905712127686
90 6.268828630447388
90 6.27417254447937
90 6.278635025024414
90 6.284980297088623
90 6.289670467376709
90 6.294893264770508
90 6.299349069595337
90 6.304790019989014
90 6.309273719787598
90 6.31489372253418
90 6.319343090057373
90 6.324782848358154
90 6.329269170761108
90 6.3353166580200195
90 6.340061902999878
90 6.345242261886597
90 6.3499438762664795
90 6.355144262313843
90 6.359846353530884
90 6.365201950073242
90 6.369948148727417
90 6.375298976898193
90 6.380023241043091
90 6.3862199783325195
90 6.395023584365845
90 6.3997721672058105
90 6.405903577804565
90 6.410403728485107
90 6.415863990783691
90 6.420397520065308
90 6.425875902175903
90 6.430362701416016
90 6.436665296554565
90 6.44118332862854
90 6.446665287017822
90 6.451167583465576
90 6.4566521644592285
90 6.46115779876709
90 6.466602802276611
90 6.471068620681763
90 6.47652530670166
90 6.481043338775635
90 6.4872260093688965
90 6.4926581382751465
90 6.4976794719696045
90 6.503038644790649
90 6.507346153259277
90 6.513021469116211
90 6.517334461212158
90 6.522956848144531
90 6.527673244476318
90 6.533001899719238
90 6.5385072231292725
90 6.543999671936035
90 6.54850697517395
90 6.554091215133667
90 6.558541774749756
90 6.563979387283325
90 6.5749592781066895
90 6.579689979553223
90 6.58510160446167
90 6.590651273727417
90 6.596302509307861
90 6.600800275802612
90 6.606400728225708
90 6.610873460769653
90 6.616454124450684
90 6.620927810668945
90 6.626556634902954
90 6.631039381027222
90 6.636505126953125
90 6.6426682472229
90 6.647219657897949
90 6.652665615081787
90 6.65718412399292
90 6.662553310394287
90 6.667102813720703
90 6.672503232955933
90 6.677172660827637
90 6.682616710662842
90 6.687117576599121
90 6.693740129470825
90 6.698247671127319
90 6.703729629516602
90 6.708228826522827
90 6.713711261749268
90 6.718231916427612
90 6.723708629608154
90 6.7282187938690186
90 6.733834743499756
90 6.738320350646973
90 6.744643688201904
90 6.749196290969849
90 6.75480055809021
90 6.759275913238525
90 6.764648199081421
90 6.769224643707275
90 6.774626970291138
90 6.779205083847046
90 6.784542798995972
90 6.789138555526733
90 6.795761346817017
90 6.800293922424316
90 6.805722236633301
90 6.810262203216553
90 6.815712213516235
90 6.820274353027344
90 6.825719594955444
90 6.830258369445801
90 6.835691213607788
90 6.840222358703613
90 6.846408367156982
90 6.8508689403533936
90 6.856553316116333
90 6.861052751541138
90 6.8665077686309814
90 6.87097692489624
90 6.876504421234131
90 6.88098931312561
90 6.886599779129028
90 6.892928838729858
90 6.897294282913208
90 6.902941942214966
90 6.907309055328369
90 6.913106203079224
90 6.91784143447876
90 6.923086166381836
90 6.927795171737671
90 6.933050870895386
90 6.937341690063477
90 6.944003582000732
90 6.948498249053955
90 6.953920364379883
90 6.9583821296691895
90 6.963849782943726
90 6.971149444580078
90 6.979954719543457
90 6.985335826873779
90 6.99006199836731
90 6.996405601501465
90 7.000885963439941
90 7.0064568519592285
90 7.010918378829956
90 7.01656699180603
90 7.021064043045044
90 7.026530981063843
90 7.030993461608887
90 7.036557674407959
90 7.0410590171813965
90 7.047279357910156
90 7.052891492843628
90 7.057222366333008
90 7.0626220703125
90 7.067142963409424
90 7.0725274085998535
90 7.077060699462891
90 7.082486391067505
90 7.087016344070435
90 7.092409372329712
90 7.098293304443359
90 7.103919744491577
90 7.120331287384033
90 7.126445770263672
90 7.130923748016357
90 7.13651442527771
90 7.140984773635864
90 7.148118495941162
90 7.153692007064819
90 7.158206224441528
90 7.163665771484375
90 7.168174982070923
90 7.173383474349976
90 7.178116083145142
90 7.1853413581848145
90 7.19005274772644
90 7.1952643394470215
90 7.200836658477783
90 7.206750392913818
90 7.211724519729614
90 7.216852426528931
90 7.222235679626465
90 7.22685432434082
90 7.232244491577148
90 7.236818790435791
90 7.24224853515625
90 7.247985601425171
90 7.253219366073608
90 7.257971286773682
90 7.263233184814453
90 7.267935276031494
90 7.27335000038147
90 7.278088808059692
90 7.283283710479736
90 7.2880377769470215
90 7.293228387832642
90 7.298628568649292
90 7.304108619689941
90 7.308552265167236
90 7.31403374671936
90 7.3184733390808105
90 7.323919773101807
90 7.328388690948486
90 7.334007740020752
90 7.338525772094727
90 7.343974590301514
90 7.349361896514893
90 7.354875087738037
90 7.35936713218689
90 7.364817142486572
90 7.375036239624023
90 7.380504608154297
90 7.386133670806885
90 7.390591144561768
90 7.396298170089722
90 7.4037766456604
90 7.40829610824585
90 7.413733005523682
90 7.418210029602051
90 7.423402786254883
90 7.4281580448150635
90 7.433368921279907
90 7.43809962272644
90 7.443286418914795
90 7.4480414390563965
90 7.454406023025513
90 7.459109783172607
90 7.464396715164185
90 7.469045400619507
90 7.474271297454834
90 7.478806734085083
90 7.484173536300659
90 7.48862361907959
90 7.494067192077637
90 7.498500347137451
90 7.504918575286865
90 7.509635925292969
90 7.515060186386108
90 7.519783973693848
90 7.525022745132446
90 7.529757261276245
90 7.535146951675415
90 7.539871692657471
90 7.545112371444702
90 7.549835681915283
90 7.5560383796691895
90 7.5605316162109375
90 7.566019058227539
90 7.570528745651245
90 7.576147794723511
90 7.580610513687134
90 7.586042165756226
90 7.59053111076355
90 7.596009731292725
90 7.600558042526245
90 7.606810092926025
90 7.612191677093506
90 7.61676287651062
90 7.621756315231323
90 7.626734256744385
90 7.631734371185303
90 7.63686728477478
90 7.642237424850464
90 7.64680814743042
90 7.652170419692993
90 7.657909631729126
90 7.663308143615723
90 7.668023586273193
90 7.6732282638549805
90 7.677935600280762
90 7.683170557022095
90 7.687918424606323
90 7.6932854652404785
90 7.698014259338379
90 7.703224420547485
90 7.708782434463501
90 7.714179992675781
90 7.718646764755249
90 7.72408652305603
90 7.72851824760437
90 7.733937740325928
90 7.738403558731079
90 7.743908882141113
90 7.748366832733154
90 7.753959894180298
90 7.759355545043945
90 7.764813661575317
90 7.77423357963562
90 7.7805702686309814
90 7.786198377609253
90 7.7906715869903564
90 7.796394109725952
90 7.80087947845459
90 7.807100534439087
90 7.812515497207642
90 7.8171937465667725
90 7.822580337524414
90 7.827140808105469
90 7.832524538040161
90 7.837053298950195
90 7.842468738555908
90 7.847005367279053
90 7.8524041175842285
90 7.858154296875
90 7.863386631011963
90 7.868104696273804
90 7.873773097991943
90 7.878264665603638
90 7.883758306503296
90 7.888277769088745
90 7.893735647201538
90 7.898204803466797
90 7.903409242630005
90 7.909136772155762
90 7.9144251346588135
90 7.91911244392395
90 7.924618721008301
90 7.9292097091674805
90 7.934781312942505
90 7.939249515533447
90 7.944651126861572
90 7.949219465255737
90 7.954602003097534
90 7.960089921951294
90 7.965283155441284
90 7.9700024127960205
90 7.975214719772339
90 7.979923963546753
90 7.985137701034546
90 7.989836931228638
90 7.995179891586304
90 7.999928712844849
90 8.005152463912964
90 8.010643482208252
90 8.016056299209595
90 8.020565271377563
90 8.026026487350464
90 8.030519247055054
90 8.035972595214844
90 8.040449857711792
90 8.045925378799438
90 8.050410747528076
90 8.056049823760986
90 8.061771154403687
90 8.066722869873047
90 8.071196794509888
90 8.076664924621582
90 8.081181287765503
90 8.086663484573364
90 8.09118914604187
90 8.096659183502197
90 8.101141691207886
90 8.106552362442017
90 8.11307430267334
90 8.117850542068481
90 8.123115539550781
90 8.127835035324097
90 8.133082866668701
90 8.137668371200562
90 8.1430184841156
90 8.147327423095703
90 8.152953386306763
90 8.157294034957886
90 8.163905620574951
90 8.168386459350586
90 8.179824829101562
90 8.185293674468994
90 8.190021514892578
90 8.195389032363892
90 8.200157165527344
90 8.205825090408325
90 8.210327625274658
90 8.216525793075562
90 8.220988988876343
90 8.226459980010986
90 8.230931997299194
90 8.236528158187866
90 8.241004228591919
90 8.246423482894897
90 8.250890731811523
90 8.25636911392212
90 8.260857582092285
90 8.267072916030884
90 8.272461175918579
90 8.277008295059204
90 8.282411098480225
90 8.286942958831787
90 8.292323589324951
90 8.297028541564941
90 8.302425146102905
90 8.306942701339722
90 8.312367677688599
90 8.318151950836182
90 8.323332071304321
90 8.328030347824097
90 8.333225011825562
90 8.3379385471344
90 8.343175888061523
90 8.347885131835938
90 8.35326361656189
90 8.357980251312256
90 8.363226652145386
90 8.36876630783081
90 8.374139785766602
90 8.378600835800171
90 8.384026765823364
90 8.388469934463501
90 8.393888711929321
90 8.398371696472168
90 8.404587507247925
90 8.40914797782898
90 8.414646625518799
90 8.420169830322266
90 8.425394535064697
90 8.43014407157898
90 8.43531346321106
90 8.440017223358154
90 8.44884967803955
90 8.45422911643982
90 8.458797693252563
90 8.464176177978516
90 8.469766616821289
90 8.475175142288208
90 8.479891061782837
90 8.485160827636719
90 8.48988652229309
90 8.495133399963379
90 8.499823331832886
90 8.505047082901001
90 8.5097496509552
90 8.515003681182861
90 8.520525217056274
90 8.525999307632446
90 8.530493259429932
90 8.536208152770996
90 8.54067063331604
90 8.546159982681274
90 8.550657749176025
90 8.55610203742981
90 8.560563564300537
90 8.566030740737915
90 8.5762939453125
90 8.58472490310669
90 8.592548608779907
90 8.597688674926758
90 8.603167533874512
90 8.607905626296997
90 8.613126993179321
90 8.618525505065918
90 8.624027729034424
90 8.628485202789307
90 8.633920907974243
90 8.638392925262451
90 8.643860101699829
90 8.648343086242676
90 8.65399169921875
90 8.658457040786743
90 8.663872957229614
90 8.66932463645935
90 8.674848079681396
90 8.679376363754272
90 8.684829711914062
90 8.689320087432861
90 8.694722890853882
90 8.69926118850708
90 8.70486831665039
90 8.709368467330933
90 8.714976072311401
90 8.720370054244995
90 8.725835084915161
90 8.730310678482056
90 8.735766887664795
90 8.740288734436035
90 8.745717763900757
90 8.750251054763794
90 8.755699634552002
90 8.760255336761475
90 8.765726804733276
90 8.771016597747803
90 8.77667236328125
90 8.78118634223938
90 8.786628007888794
90 8.79110312461853
90 8.796543598175049
90 8.801027536392212
90 8.8064706325531
90 8.810936689376831
90 8.816381454467773
90 8.822521924972534
90 8.82709789276123
90 8.83251690864563
90 8.837225437164307
90 8.84265661239624
90 8.84717583656311
90 8.852602005004883
90 8.85711669921875
90 8.862499475479126
90 8.867058515548706
90 8.873780965805054
90 8.878297805786133
90 8.883745908737183
90 8.888250350952148
90 8.893867254257202
90 8.89836072921753
90 8.903852224349976
90 8.90834379196167
90 8.913896322250366
90 8.918375015258789
90 8.924763679504395
90 8.929268836975098
90 8.934640645980835
90 8.939228296279907
90 8.944600343704224
90 8.94918441772461
90 8.954726696014404
90 8.959235668182373
90 8.96483325958252
90 8.969345808029175
90 8.981046438217163
90 8.986690521240234
90 8.991193532943726
90 8.996825933456421
90 9.002177000045776
90 9.006935358047485
90 9.012364387512207
90 9.017067909240723
90 9.022498369216919
90 9.02820873260498
90 9.0336332321167
90 9.038137912750244
90 9.043367862701416
90 9.048097133636475
90 9.053292512893677
90 9.05800747871399
90 9.063211441040039
90 9.067944049835205
90 9.07332181930542
90 9.079046249389648
90 9.084296703338623
90 9.088833570480347
90 9.094324350357056
90 9.09888768196106
90 9.10425090789795
90 9.108791589736938
90 9.114174842834473
90 9.11864948272705
90 9.124095439910889
90 9.129767179489136
90 9.135170459747314
90 9.139917850494385
90 9.145147323608398
90 9.149878978729248
90 9.155094861984253
90 9.15981936454773
90 9.165059089660645
90 9.169763803482056
90 9.174987554550171
90 9.180493116378784
90 9.185975313186646
90 9.190477132797241
90 9.196117877960205
90 9.200556993484497
90 9.206008195877075
90 9.210496187210083
90 9.215945720672607
90 9.220463514328003
90 9.226126909255981
90 9.23229718208313
90 9.2368803024292
90 9.242238283157349
90 9.24682879447937
90 9.252253770828247
90 9.257009506225586
90 9.262387752532959
90 9.266925573348999
90 9.27232813835144
90 9.276892900466919
90 9.283257007598877
90 9.287983894348145
90 9.293208599090576
90 9.297943830490112
90 9.303236246109009
90 9.307960271835327
90 9.313372373580933
90 9.31812834739685
90 9.323330163955688
90 9.328075885772705
90 9.334178447723389
90 9.338627576828003
90 9.344059944152832
90 9.348519802093506
90 9.354168891906738
90 9.358628988265991
90 9.36406683921814
90 9.368535280227661
90 9.374154329299927
90 9.386194467544556
90 9.390677452087402
90 9.396295070648193
90 9.400782346725464
90 9.407017707824707
90 9.412418365478516
90 9.416953325271606
90 9.42239499092102
90 9.426936149597168
90 9.433650493621826
90 9.438169002532959
90 9.443369150161743
90 9.448096513748169
90 9.453284978866577
90 9.45799708366394
90 9.46322226524353
90 9.467930316925049
90 9.473165273666382
90 9.477900981903076
90 9.484160661697388
90 9.488779544830322
90 9.494311571121216
90 9.498887777328491
90 9.504275560379028
90 9.508830547332764
90 9.514185190200806
90 9.518644571304321
90 9.524070739746094
90 9.528501272201538
90 9.534735679626465
90 9.53926134109497
90 9.544647455215454
90 9.54920506477356
90 9.554765701293945
90 9.559265851974487
90 9.56465744972229
90 9.569246768951416
90 9.574609994888306
90 9.579166173934937
90 9.585281610488892
90 9.59002423286438
90 9.595257759094238
90 9.599963903427124
90 9.605175971984863
90 9.609910726547241
90 9.615323066711426
90 9.620035171508789
90 9.625258684158325
90 9.629979610443115
90 9.636181354522705
90 9.640674114227295
90 9.646121263504028
90 9.650583744049072
90 9.656059265136719
90 9.660523891448975
90 9.666015863418579
90 9.670501708984375
90 9.676124811172485
90 9.680588006973267
90 9.686773300170898
90 9.69179391860962
90 9.696749210357666
90 9.701754093170166
90 9.706711530685425
90 9.711205959320068
90 9.71668291091919
90 9.72118592262268
90 9.72667932510376
90 9.73117208480835
90 9.737809419631958
90 9.743252992630005
90 9.747966766357422
90 9.753235816955566
90 9.757964611053467
90 9.763243913650513
90 9.767973899841309
90 9.773203134536743
90 9.780837059020996
90 9.790305137634277
90 9.796030044555664
90 9.800527811050415
90 9.806194067001343
90 9.810673475265503
90 9.816271543502808
90 9.82073426246643
90 9.826198101043701
90 9.830676317214966
90 9.836134910583496
90 9.842292308807373
90 9.846858739852905
90 9.852248430252075
90 9.856991052627563
90 9.862400531768799
90 9.866954565048218
90 9.872385025024414
90 9.877195358276367
90 9.882637023925781
90 9.887181520462036
90 9.893831014633179
90 9.89832353591919
90 9.903761625289917
90 9.908286571502686
90 9.913900136947632
90 9.91836929321289
90 9.92383074760437
90 9.928323984146118
90 9.93378472328186
90 9.938291072845459
90 9.946837425231934
90 9.955991268157959
90 9.960507869720459
90 9.9659903049469
90 9.970499038696289
90 9.976091623306274
90 9.980551958084106
90 9.985994815826416
90 9.991129636764526
90 9.996567487716675
90 10.001068115234375
90 10.006683826446533
90 10.011179447174072
90 10.016632080078125
90 10.02112865447998
90 10.02660584449768
90 10.031108617782593
90 10.03671646118164
90 10.04308271408081
90 10.047796964645386
90 10.053088665008545
90 10.057771921157837
90 10.063045740127563
90 10.067684888839722
90 10.073007106781006
90 10.077338933944702
90 10.08300256729126
90 10.08766794204712
90 10.094103574752808
90 10.098589420318604
90 10.10401439666748
90 10.10849380493164
90 10.113910913467407
90 10.118387222290039
90 10.123836278915405
90 10.128313064575195
90 10.13390564918518
90 10.138399839401245
90 10.144567728042603
90 10.149142503738403
90 10.154661655426025
90 10.159217357635498
90 10.164600133895874
90 10.16920018196106
90 10.17456865310669
90 10.18486762046814
90 10.190383195877075
90 10.196621656417847
90 10.201124906539917
90 10.206745386123657
90 10.211212873458862
90 10.21694827079773
90 10.22240686416626
90 10.22694730758667
90 10.232358694076538
90 10.236912488937378
90 10.242301940917969
90 10.247968912124634
90 10.253193378448486
90 10.257924795150757
90 10.263328075408936
90 10.268068313598633
90 10.273659467697144
90 10.27817702293396
90 10.283385992050171
90 10.288118839263916
90 10.293340921401978
90 10.298917055130005
90 10.304295063018799
90 10.308881998062134
90 10.31421947479248
90 10.31865644454956
90 10.324064016342163
90 10.328499555587769
90 10.334107875823975
90 10.338555574417114
90 10.343977212905884
90 10.349347829818726
90 10.354787826538086
90 10.359286308288574
90 10.364649057388306
90 10.369196653366089
90 10.37440276145935
90 10.379076719284058
90 10.38431191444397
90 10.388843297958374
90 10.394399881362915
90 10.399961709976196
90 10.406047105789185
90 10.410525798797607
90 10.416001319885254
90 10.420492887496948
90 10.425972700119019
90 10.430450439453125
90 10.435901403427124
90 10.440387964248657
90 10.445859670639038
90 10.451144695281982
90 10.456750869750977
90 10.46173644065857
90 10.466714859008789
90 10.471202373504639
90 10.47667407989502
90 10.485718488693237
90 10.490270614624023
90 10.495720624923706
90 10.501003503799438
90 10.50647234916687
90 10.510985136032104
90 10.51657223701477
90 10.521085262298584
90 10.526695013046265
90 10.531201362609863
90 10.536675453186035
90 10.541168928146362
90 10.54659128189087
90 10.552670001983643
90 10.557212352752686
90 10.562624216079712
90 10.567166566848755
90 10.572620391845703
90 10.577300548553467
90 10.588989973068237
90 10.594557523727417
90 10.600152730941772
90 10.605788946151733
90 10.610297203063965
90 10.615923643112183
90 10.620465993881226
90 10.625972747802734
90 10.630491971969604
90 10.63611888885498
90 10.640602588653564
90 10.646041870117188
90 10.652164220809937
90 10.656943559646606
90 10.662353992462158
90 10.666911840438843
90 10.672315120697021
90 10.676930904388428
90 10.682353019714355
90 10.686949729919434
90 10.692363739013672
90 10.697076082229614
90 10.703710079193115
90 10.708258152008057
90 10.713709115982056
90 10.718244791030884
90 10.723678827285767
90 10.728203773498535
90 10.73367691040039
90 10.738214492797852
90 10.743664503097534
90 10.748167037963867
90 10.754641056060791
90 10.759208679199219
90 10.764630794525146
90 10.769207239151001
90 10.7745840549469
90 10.779143333435059
90 10.784732818603516
90 10.789265155792236
90 10.794762134552002
90 10.799277067184448
90 10.805713891983032
90 10.810260772705078
90 10.815884113311768
90 10.820382595062256
90 10.825899839401245
90 10.830413103103638
90 10.835904121398926
90 10.840398788452148
90 10.84587049484253
90 10.850390672683716
90 10.856559038162231
90 10.861058235168457
90 10.876234531402588
90 10.88071060180664
90 10.886171102523804
90 10.890644311904907
90 10.896536350250244
90 10.901095151901245
90 10.916303634643555
90 10.924916744232178
90 10.936763048171997
90 10.945397138595581
90 10.957130908966064
90 10.96822214126587
90 10.979797840118408
90 10.996802568435669
90 11.006874561309814
90 11.016938209533691
90 11.026563882827759
90 11.032620906829834
90 11.03714656829834
90 11.042585611343384
90 11.047275066375732
90 11.052669525146484
90 11.057351112365723
90 11.067798852920532
90 11.07977843284607
90 11.086901187896729
90 11.09406566619873
90 11.099119901657104
90 11.104392528533936
90 11.109064817428589
90 11.11454701423645
90 11.119123935699463
90 11.124422550201416
90 11.130104303359985
90 11.135359048843384
90 11.140140056610107
90 11.14534068107605
90 11.150086402893066
90 11.15529751777649
90 11.160010814666748
90 11.165270566940308
90 11.170009136199951
90 11.175643682479858
90 11.180858612060547
90 11.186311960220337
90 11.190803527832031
90 11.196248531341553
90 11.20074462890625
90 11.20619797706604
90 11.210688352584839
90 11.216153621673584
90 11.220637321472168
90 11.226252317428589
90 11.232470512390137
90 11.237206220626831
90 11.242631912231445
90 11.24716567993164
90 11.252525091171265
90 11.257057905197144
90 11.262468576431274
90 11.267049551010132
90 11.272453308105469
90 11.276994228363037
90 11.283284902572632
90 11.288015842437744
90 11.293385028839111
90 11.298139810562134
90 11.303727626800537
90 11.30822467803955
90 11.313656091690063
90 11.318158864974976
90 11.323633432388306
90 11.328148603439331
90 11.334378719329834
90 11.339039087295532
90 11.344314575195312
90 11.34891653060913
90 11.354555130004883
90 11.359142780303955
90 11.364418268203735
90 11.369120597839355
90 11.374389886856079
90 11.379068613052368
90 11.390828609466553
90 11.396419286727905
90 11.400903940200806
90 11.407189130783081
90 11.412606716156006
90 11.417680025100708
90 11.423011064529419
90 11.427332401275635
90 11.434119939804077
90 11.43860912322998
90 11.444020509719849
90 11.448527574539185
90 11.453950643539429
90 11.458402872085571
90 11.463894605636597
90 11.468385219573975
90 11.473992109298706
90 11.478471517562866
90 11.4848792552948
90 11.48937177658081
90 11.494845151901245
90 11.499317646026611
90 11.504663467407227
90 11.509231567382812
90 11.514572620391846
90 11.519154787063599
90 11.524429321289062
90 11.529116153717041
90 11.535663843154907
90 11.54018759727478
90 11.545639991760254
90 11.550205945968628
90 11.55540657043457
90 11.560180187225342
90 11.565832138061523
90 11.570336103439331
90 11.575783729553223
90 11.580323696136475
90 11.586551666259766
90 11.591063022613525
90 11.59668493270874
90 11.601171493530273
90 11.606626749038696
90 11.611141920089722
90 11.616594314575195
90 11.62107229232788
90 11.626535415649414
90 11.631012201309204
90 11.637203931808472
90 11.642659187316895
90 11.647194862365723
90 11.652597427368164
90 11.657274961471558
90 11.66287088394165
90 11.667242765426636
90 11.672658920288086
90 11.677218914031982
90 11.682624101638794
90 11.688220500946045
90 11.693902492523193
90 11.698380708694458
90 11.703827857971191
90 11.708325862884521
90 11.71393871307373
90 11.718412399291992
90 11.72389554977417
90 11.728372812271118
90 11.733863592147827
90 11.739355325698853
90 11.744853973388672
90 11.749328851699829
90 11.75478482246399
90 11.75927209854126
90 11.76465106010437
90 11.76920485496521
90 11.774788618087769
90 11.77928876876831
90 11.791147708892822
90 11.796783208847046
90 11.801793813705444
90 11.806959867477417
90 11.812368392944336
90 11.81705617904663
90 11.822441101074219
90 11.827199935913086
90 11.832636833190918
90 11.838379859924316
90 11.844043016433716
90 11.848476886749268
90 11.853901147842407
90 11.85836935043335
90 11.863856792449951
90 11.86834716796875
90 11.87403392791748
90 11.878503561019897
90 11.883949041366577
90 11.889358520507812
90 11.895054340362549
90 11.899805068969727
90 11.90502119064331
90 11.909743547439575
90 11.91515827178955
90 11.919920206069946
90 11.925129890441895
90 11.929845094680786
90 11.935068130493164
90 11.940479755401611
90 11.94735312461853
90 11.95315432548523
90 11.957893133163452
90 11.963287115097046
90 11.968480110168457
90 11.973950147628784
90 11.978418111801147
90 11.983902215957642
90 11.988991260528564
90 11.995266437530518
90 12.000032186508179
90 12.005256414413452
90 12.009994506835938
90 12.015358209609985
90 12.020129680633545
90 12.025769710540771
90 12.03031873703003
90 12.035818815231323
90 12.040326595306396
90 12.046555519104004
90 12.05106258392334
90 12.056502342224121
90 12.0610191822052
90 12.066469430923462
90 12.070934772491455
90 12.076540470123291
90 12.081028699874878
90 12.08648943901062
90 12.092597961425781
90 12.09734058380127
90 12.102991342544556
90 12.10767149925232
90 12.11300253868103
90 12.117789030075073
90 12.123063087463379
90 12.127665281295776
90 12.133148193359375
90 12.137906074523926
90 12.144131898880005
90 12.148615598678589
90 12.15406060218811
90 12.15851092338562
90 12.163984775543213
90 12.16843318939209
90 12.174047946929932
90 12.178508758544922
90 12.18395733833313
90 12.19633150100708
90 12.200856924057007
90 12.206471920013428
90 12.210947751998901
90 12.216535806655884
90 12.221059560775757
90 12.226528644561768
90 12.231056213378906
90 12.23650050163269
90 12.240978717803955
90 12.247194290161133
90 12.252582788467407
90 12.257294178009033
90 12.263076543807983
90 12.267801284790039
90 12.273070096969604
90 12.27777361869812
90 12.283015251159668
90 12.287359237670898
90 12.293004989624023
90 12.298473358154297
90 12.303906917572021
90 12.308402299880981
90 12.31403112411499
90 12.318492889404297
90 12.323925971984863
90 12.328377962112427
90 12.333855152130127
90 12.338354349136353
90 12.343847036361694
90 12.34921145439148
90 12.354602575302124
90 12.359166383743286
90 12.364727973937988
90 12.369251728057861
90 12.374876022338867
90 12.379342794418335
90 12.384785175323486
90 12.389288663864136
90 12.394650936126709
90 12.400328397750854
90 12.406405687332153
90 12.41091012954712
90 12.416340589523315
90 12.420837879180908
90 12.426290035247803
90 12.430803298950195
90 12.436384916305542
90 12.440859317779541
90 12.446312665939331
90 12.452473878860474
90 12.457007884979248
90 12.462406873703003
90 12.466952085494995
90 12.472334384918213
90 12.47702932357788
90 12.482414960861206
90 12.486967086791992
90 12.492370367050171
90 12.49706745147705
90 12.503685712814331
90 12.508171558380127
90 12.513388395309448
90 12.518116474151611
90 12.523273229598999
90 12.527971506118774
90 12.53641939163208
90 12.54088807106018
90 12.546351432800293
90 12.552553176879883
90 12.557221412658691
90 12.562660455703735
90 12.567196369171143
90 12.572629928588867
90 12.577176332473755
90 12.582603693008423
90 12.59423565864563
90 12.59884262084961
90 12.605261325836182
90 12.610003232955933
90 12.615713119506836
90 12.62026333808899
90 12.625843286514282
90 12.630398273468018
90 12.635865211486816
90 12.640370845794678
90 12.64582872390747
90 12.651068210601807
90 12.656566143035889
90 12.661057710647583
90 12.666536569595337
90 12.67103886604309
90 12.676689863204956
90 12.681190729141235
90 12.686690092086792
90 12.69117283821106
90 12.696635007858276
90 12.703002452850342
90 12.707327604293823
90 12.713003873825073
90 12.717328071594238
90 12.723189115524292
90 12.72797155380249
90 12.733627796173096
90 12.738134860992432
90 12.743793725967407
90 12.748303651809692
90 12.754608869552612
90 12.759193181991577
90 12.764606714248657
90 12.769198894500732
90 12.774849891662598
90 12.779337644577026
90 12.784846305847168
90 12.789339542388916
90 12.794954061508179
90 12.79972791671753
90 12.805971384048462
90 12.810479640960693
90 12.816114902496338
90 12.82059359550476
90 12.826043844223022
90 12.830554485321045
90 12.83602523803711
90 12.840521574020386
90 12.846014499664307
90 12.850527286529541
90 12.856889724731445
90 12.862301588058472
90 12.872302770614624
90 12.877103090286255
90 12.882511377334595
90 12.88724946975708
90 12.892659664154053
90 12.897330045700073
90 12.903013706207275
90 12.908531904220581
90 12.914155006408691
90 12.918644428253174
90 12.92427110671997
90 12.928801536560059
90 12.934166669845581
90 12.938634395599365
90 12.944108724594116
90 12.948571920394897
90 12.954201459884644
90 12.959851503372192
90 12.965022802352905
90 12.96975326538086
90 12.975203275680542
90 12.97993540763855
90 12.990993022918701
90 12.998095750808716
762 13.007124423980713
