0 0.006014823913574219
0 0.017893075942993164
0 0.02400064468383789
0 0.028514862060546875
0 0.03418111801147461
0 0.0386810302734375
0 0.0441741943359375
1 0.04868817329406738
2 0.05639767646789551
2 0.06189751625061035
2 0.06746649742126465
3 0.07276129722595215
4 0.07798218727111816
4 0.08372187614440918
5 0.08820557594299316
6 0.09383106231689453
6 0.09833431243896484
7 0.10384440422058105
8 0.10833001136779785
8 0.11382889747619629
10 0.11998152732849121
10 0.12457084655761719
11 0.12998461723327637
12 0.134537935256958
13 0.13999032974243164
14 0.14469480514526367
15 0.1501331329345703
16 0.1546802520751953
16 0.16014599800109863
18 0.16469240188598633
19 0.17136645317077637
20 0.17586898803710938
21 0.181351900100708
22 0.18587255477905273
23 0.1913442611694336
24 0.19584083557128906
25 0.2015073299407959
26 0.20598125457763672
26 0.21146249771118164
28 0.21593594551086426
29 0.222503662109375
30 0.22730064392089844
30 0.232682466506958
32 0.23743319511413574
32 0.24267983436584473
34 0.24743056297302246
34 0.25264835357666016
35 0.25748109817504883
36 0.2628612518310547
37 0.267636775970459
38 0.27388882637023926
39 0.27838921546936035
40 0.28389883041381836
41 0.28841543197631836
42 0.29453301429748535
44 0.30574870109558105
44 0.31139254570007324
46 0.3158729076385498
46 0.3224923610687256
48 0.3272585868835449
48 0.3326685428619385
49 0.3374440670013428
50 0.34269285202026367
50 0.3474595546722412
52 0.3528738021850586
52 0.3576364517211914
53 0.3628711700439453
54 0.36768150329589844
54 0.37392592430114746
55 0.3784024715423584
56 0.384030818939209
56 0.3885023593902588
57 0.3939652442932129
58 0.39856672286987305
58 0.4040238857269287
59 0.4085373878479004
60 0.41400671005249023
60 0.4185042381286621
61 0.42464780807495117
62 0.4301173686981201
62 0.43465542793273926
63 0.4400804042816162
64 0.44478869438171387
64 0.4504239559173584
64 0.45478343963623047
65 0.46039915084838867
66 0.464766263961792
66 0.4701533317565918
67 0.4757387638092041
68 0.4814109802246094
68 0.4859309196472168
68 0.4914059638977051
68 0.49590611457824707
69 0.5015158653259277
70 0.5059983730316162
70 0.5114943981170654
70 0.5159971714019775
71 0.5214681625366211
72 0.5271437168121338
72 0.5324256420135498
72 0.5369129180908203
72 0.542414665222168
73 0.5469028949737549
73 0.552382230758667
74 0.5568690299987793
74 0.5625114440917969
74 0.5672788619995117
74 0.5725452899932861
75 0.5781102180480957
75 0.5835707187652588
76 0.588059663772583
76 0.5935466289520264
76 0.5980582237243652
76 0.6035261154174805
76 0.6080162525177002
76 0.613640546798706
76 0.6181237697601318
77 0.6237504482269287
77 0.6298885345458984
77 0.6344442367553711
78 0.6398966312408447
78 0.6444549560546875
78 0.6498966217041016
78 0.6544675827026367
78 0.6599428653717041
78 0.6645026206970215
78 0.6699268817901611
78 0.6745057106018066
78 0.6812903881072998
78 0.6857953071594238
79 0.6912686824798584
79 0.6957902908325195
79 0.7072479724884033
79 0.7126932144165039
79 0.7174186706542969
78 0.7227907180786133
78 0.7282695770263672
78 0.7338862419128418
78 0.7383716106414795
78 0.7440462112426758
78 0.7485537528991699
78 0.7579188346862793
78 0.7635056972503662
78 0.7680208683013916
78 0.7734825611114502
78 0.7836072444915771
78 0.7937169075012207
78 0.8056981563568115
78 0.8167417049407959
78 0.8318006992340088
78 0.8382303714752197
78 0.85007643699646
78 0.8585569858551025
78 0.8700776100158691
78 0.8805792331695557
78 0.8913154602050781
78 0.900083065032959
78 0.9046473503112793
78 0.9100706577301025
78 0.9146108627319336
78 0.9200255870819092
78 0.9247133731842041
78 0.9301352500915527
78 0.9347155094146729
78 0.9401383399963379
78 0.9542078971862793
78 0.9626681804656982
78 0.9714016914367676
78 0.9763915538787842
78 0.9821035861968994
78 0.9867050647735596
78 0.9920783042907715
78 0.9966588020324707
78 1.003223180770874
78 1.0077595710754395
78 1.0132255554199219
78 1.0177676677703857
78 1.0232133865356445
78 1.0277915000915527
78 1.033236026763916
78 1.037766456604004
78 1.0434579849243164
78 1.047961950302124
78 1.0540895462036133
78 1.0585885047912598
78 1.064033031463623
78 1.0685243606567383
78 1.0740821361541748
78 1.0785737037658691
78 1.0840294361114502
78 1.0885183811187744
78 1.0939314365386963
78 1.1044950485229492
78 1.1116209030151367
78 1.1161115169525146
78 1.1217079162597656
78 1.1262834072113037
78 1.1318976879119873
78 1.136559247970581
78 1.1418123245239258
78 1.1464078426361084
78 1.1527178287506104
78 1.1575446128845215
78 1.162879228591919
78 1.1676185131072998
78 1.1728389263153076
78 1.1775531768798828
78 1.1827826499938965
78 1.187500238418579
78 1.1927144527435303
78 1.1974437236785889
78 1.2036139965057373
78 1.208193063735962
78 1.2136719226837158
78 1.2181587219238281
78 1.2237548828125
78 1.2282230854034424
78 1.2336926460266113
78 1.2381670475006104
78 1.2436580657958984
78 1.2481274604797363
78 1.254171371459961
78 1.2586641311645508
78 1.264303207397461
78 1.2697746753692627
78 1.2743747234344482
78 1.2797331809997559
78 1.2845516204833984
78 1.2908425331115723
78 1.2955915927886963
78 1.3007822036743164
78 1.3063745498657227
78 1.3117563724517822
78 1.3162994384765625
78 1.321699619293213
78 1.3261597156524658
78 1.331650972366333
78 1.3361163139343262
78 1.3417034149169922
78 1.3461589813232422
78 1.3516273498535156
78 1.3573603630065918
78 1.3626036643981934
78 1.3673079013824463
78 1.3725366592407227
78 1.3772752285003662
78 1.3825182914733887
78 1.3872628211975098
78 1.3926613330841064
78 1.397376537322998
78 1.4027528762817383
78 1.408193826675415
78 1.4136865139007568
78 1.4181673526763916
78 1.4236445426940918
78 1.4282300472259521
78 1.4336745738983154
78 1.4381685256958008
78 1.443664789199829
78 1.4481501579284668
78 1.453632116317749
78 1.459825038909912
78 1.464540719985962
78 1.4699678421020508
78 1.474546194076538
78 1.4799652099609375
78 1.4845168590545654
78 1.4899437427520752
78 1.4945058822631836
78 1.5040504932403564
78 1.5121350288391113
78 1.5167007446289062
78 1.5224173069000244
78 1.5271422863006592
78 1.5325596332550049
78 1.5372557640075684
78 1.5425102710723877
78 1.5472252368927002
78 1.5524966716766357
78 1.5572407245635986
78 1.5634887218475342
78 1.5679798126220703
78 1.5734541416168213
78 1.5779657363891602
78 1.5835976600646973
78 1.5880560874938965
78 1.5935189723968506
78 1.598005771636963
78 1.6034486293792725
78 1.608687162399292
78 1.6142230033874512
78 1.6186864376068115
78 1.6241724491119385
78 1.6286861896514893
78 1.6341829299926758
78 1.6386656761169434
78 1.6443324089050293
78 1.6497266292572021
78 1.654496431350708
78 1.6608951091766357
78 1.6656208038330078
78 1.670863389968872
78 1.6756021976470947
78 1.6807937622070312
78 1.685513973236084
78 1.6907172203063965
78 1.6954519748687744
78 1.7008533477783203
78 1.7056035995483398
78 1.711784839630127
78 1.71636962890625
78 1.7217788696289062
78 1.7263200283050537
78 1.7317214012145996
78 1.7362558841705322
78 1.741657018661499
78 1.7461400032043457
78 1.7515912055969238
78 1.7709002494812012
78 1.7835774421691895
78 1.7885606288909912
78 1.7942142486572266
78 1.7986993789672852
78 1.804319143295288
78 1.809662103652954
78 1.8154709339141846
78 1.8208589553833008
78 1.8256053924560547
78 1.832571029663086
78 1.8377494812011719
78 1.8431885242462158
78 1.8477427959442139
78 1.853182077407837
78 1.8581373691558838
78 1.864306926727295
78 1.8697094917297363
78 1.8743109703063965
78 1.8796725273132324
78 1.8844285011291504
78 1.8898382186889648
78 1.8944292068481445
78 1.8998262882232666
78 1.9112586975097656
78 1.9166579246520996
78 1.9222745895385742
78 1.9267652034759521
78 1.932370662689209
78 1.9368681907653809
78 1.9425022602081299
78 1.9472856521606445
78 1.9525184631347656
78 1.9572539329528809
78 1.9624972343444824
78 1.96803617477417
78 1.9734911918640137
78 1.9780170917510986
78 1.983611822128296
78 1.9880602359771729
78 1.993516206741333
78 1.9979891777038574
78 2.0035858154296875
78 2.008061408996582
78 2.013507604598999
78 2.019301176071167
78 2.0242366790771484
78 2.0286879539489746
78 2.0341796875
78 2.0386600494384766
78 2.04425311088562
78 2.0487191677093506
78 2.05417799949646
78 2.0586555004119873
78 2.0642831325531006
78 2.0705668926239014
78 2.078409433364868
78 2.0838773250579834
78 2.0883421897888184
78 2.0938498973846436
78 2.098339080810547
78 2.103788137435913
78 2.1082851886749268
78 2.1137425899505615
78 2.119898557662964
78 2.124645709991455
78 2.13004994392395
78 2.1345789432525635
78 2.139977216720581
78 2.14453125
78 2.149981737136841
78 2.1545183658599854
78 2.1599185466766357
78 2.1645431518554688
78 2.171295166015625
78 2.1758103370666504
78 2.181471109390259
78 2.185931921005249
78 2.191377878189087
78 2.1958749294281006
78 2.201352596282959
78 2.2058348655700684
78 2.2113640308380127
78 2.2158706188201904
78 2.2222821712493896
78 2.2267935276031494
78 2.232147693634033
78 2.2367377281188965
78 2.242354393005371
78 2.2468371391296387
78 2.253847122192383
78 2.2583510875701904
78 2.2638211250305176
78 2.270008087158203
78 2.274552583694458
78 2.279963493347168
78 2.284503221511841
78 2.2907984256744385
78 2.295588254928589
78 2.305593490600586
78 2.3121466636657715
78 2.31673526763916
78 2.3233611583709717
78 2.32790207862854
78 2.333512306213379
78 2.3380184173583984
78 2.34348726272583
78 2.3480825424194336
78 2.3535327911376953
78 2.3580336570739746
78 2.3636538982391357
78 2.368162155151367
78 2.3743653297424316
78 2.3797993659973145
78 2.38437819480896
78 2.389749050140381
78 2.394338846206665
78 2.3996760845184326
78 2.4043068885803223
78 2.4096946716308594
78 2.414297580718994
78 2.4192898273468018
78 2.4255459308624268
78 2.431140661239624
78 2.4356842041015625
78 2.440906286239624
78 2.445625066757202
78 2.450824499130249
78 2.4555506706237793
78 2.460810661315918
78 2.4655866622924805
78 2.470806360244751
78 2.476378917694092
78 2.4819066524505615
78 2.4865787029266357
78 2.4918816089630127
78 2.4965007305145264
78 2.501803159713745
78 2.506378412246704
78 2.511768341064453
78 2.5163068771362305
78 2.5217125415802
78 2.5273540019989014
78 2.532592535018921
78 2.537320852279663
78 2.5427443981170654
78 2.547480344772339
78 2.5527472496032715
78 2.5574734210968018
78 2.5628654956817627
78 2.567631244659424
78 2.573706865310669
78 2.57830810546875
78 2.5838117599487305
78 2.5883090496063232
78 2.5937936305999756
78 2.598301410675049
78 2.603914260864258
78 2.6084237098693848
78 2.613877534866333
78 2.6183595657348633
78 2.6245739459991455
78 2.6300125122070312
78 2.6345601081848145
78 2.639972448348999
78 2.6445517539978027
78 2.649968385696411
78 2.654505491256714
78 2.6599340438842773
78 2.664626121520996
78 2.670067310333252
78 2.6757264137268066
78 2.68121600151062
78 2.6857473850250244
78 2.691390037536621
78 2.6958858966827393
78 2.7013540267944336
78 2.7126078605651855
78 2.7173495292663574
78 2.7228760719299316
78 2.7283525466918945
78 2.7339675426483154
78 2.7384591102600098
78 2.743921995162964
78 2.748429775238037
78 2.7538816928863525
78 2.7583510875701904
78 2.763904333114624
78 2.7683775424957275
78 2.7738728523254395
78 2.780097723007202
78 2.784782648086548
78 2.790435552597046
78 2.7948577404022217
78 2.800485134124756
78 2.8048462867736816
78 2.8104982376098633
78 2.8148422241210938
78 2.8206558227539062
78 2.825411558151245
78 2.8315954208374023
78 2.836052417755127
78 2.8416707515716553
78 2.846161127090454
78 2.851630687713623
78 2.8561384677886963
78 2.8615565299987793
78 2.866044521331787
78 2.8733625411987305
78 2.878624439239502
78 2.884220838546753
78 2.8886961936950684
78 2.894371271133423
78 2.8997433185577393
78 2.904625415802002
78 2.9100217819213867
78 2.914600133895874
78 2.9200057983398438
78 2.924569845199585
78 2.931180238723755
78 2.9357004165649414
78 2.9411282539367676
78 2.9456405639648438
78 2.951289415359497
78 2.955779552459717
78 2.9613916873931885
78 2.9658706188201904
78 2.9713454246520996
78 2.975858211517334
78 2.982240915298462
78 2.9867630004882812
78 2.9921367168426514
78 2.9967360496520996
78 3.002110481262207
78 3.0066888332366943
78 3.012097120285034
78 3.016693592071533
78 3.022300958633423
78 3.026799440383911
78 3.0332303047180176
78 3.037806510925293
78 3.0432469844818115
78 3.0477988719940186
78 3.053248167037964
78 3.0577776432037354
78 3.0632758140563965
78 3.0678162574768066
78 3.073265552520752
78 3.0777878761291504
78 3.0842039585113525
78 3.0886876583099365
78 3.0942156314849854
78 3.0986924171447754
78 3.1083669662475586
78 3.1153390407562256
78 3.120786666870117
78 3.1255202293395996
78 3.131131410598755
78 3.1366705894470215
78 3.1423771381378174
78 3.146874189376831
78 3.152383804321289
78 3.1568758487701416
78 3.162376642227173
78 3.1668691635131836
78 3.172356128692627
78 3.1768696308135986
78 3.1823103427886963
78 3.187808036804199
78 3.1932613849639893
78 3.197787046432495
78 3.203416347503662
78 3.2079732418060303
78 3.213608741760254
78 3.218085527420044
78 3.223534107208252
78 3.228013753890991
78 3.2340986728668213
78 3.2386558055877686
78 3.2441248893737793
78 3.248638153076172
78 3.2540831565856934
78 3.2585740089416504
78 3.264211654663086
78 3.268674612045288
78 3.2741518020629883
78 3.2786688804626465
78 3.2853312492370605
78 3.291539430618286
78 3.296020746231079
78 3.3014934062957764
78 3.30597186088562
78 3.3114047050476074
78 3.315885066986084
78 3.3215255737304688
78 3.325997829437256
78 3.331444025039673
78 3.336904287338257
78 3.3425283432006836
78 3.3472683429718018
78 3.3525497913360596
78 3.3572773933410645
78 3.3625378608703613
78 3.3672688007354736
78 3.3725390434265137
78 3.377284288406372
78 3.382704257965088
78 3.38811993598938
78 3.393564224243164
78 3.3980400562286377
78 3.4035017490386963
78 3.408022165298462
78 3.413485527038574
78 3.4180192947387695
78 3.423495054244995
78 3.4280009269714355
78 3.4335038661956787
78 3.4397330284118652
78 3.4444961547851562
78 3.449932813644409
78 3.454514265060425
78 3.459944009780884
78 3.4644768238067627
78 3.4699554443359375
78 3.4746577739715576
78 3.4800760746002197
78 3.4846391677856445
78 3.4912173748016357
78 3.4957499504089355
78 3.5013961791992188
78 3.513298273086548
78 3.5178282260894775
78 3.523472785949707
78 3.5279767513275146
78 3.533626079559326
78 3.539748430252075
78 3.5444834232330322
78 3.5499274730682373
78 3.5545125007629395
78 3.55991530418396
78 3.564627170562744
78 3.5700559616088867
78 3.574625015258789
78 3.580071210861206
78 3.5846059322357178
78 3.591249942779541
78 3.595757484436035
78 3.6013801097869873
78 3.605872631072998
78 3.611353635787964
78 3.615870237350464
78 3.621487617492676
78 3.6259984970092773
78 3.6314620971679688
78 3.6359524726867676
78 3.642367124557495
78 3.646864175796509
78 3.652317523956299
78 3.656810760498047
78 3.6622400283813477
78 3.666761875152588
78 3.672154426574707
78 3.6767139434814453
78 3.682321786880493
78 3.6867997646331787
78 3.6932573318481445
78 3.697796583175659
78 3.7032814025878906
78 3.707787275314331
78 3.713233709335327
78 3.7177655696868896
78 3.7233190536499023
78 3.7278268337249756
78 3.7334532737731934
78 3.7379672527313232
78 3.7443408966064453
78 3.7497713565826416
78 3.754363536834717
78 3.7597429752349854
78 3.7644124031066895
78 3.769838571548462
78 3.7744088172912598
78 3.7798779010772705
78 3.784428119659424
78 3.789865493774414
78 3.795625925064087
78 3.8012619018554688
78 3.80578351020813
78 3.81125545501709
78 3.81575608253479
78 3.8211865425109863
78 3.8257055282592773
78 3.831160068511963
78 3.8356616497039795
78 3.840909719467163
78 3.8465585708618164
78 3.8518357276916504
78 3.8564045429229736
78 3.862046718597412
78 3.866677761077881
78 3.871936082839966
78 3.8766119480133057
78 3.8818602561950684
78 3.8864171504974365
78 3.891793727874756
78 3.897404670715332
78 3.9026103019714355
78 3.912888288497925
78 3.9176642894744873
78 3.9234061241149902
78 3.9279353618621826
78 3.933603525161743
78 3.9380643367767334
78 3.9443752765655518
78 3.9498963356018066
78 3.954448938369751
78 3.9598541259765625
78 3.9644124507904053
78 3.969829797744751
78 3.974403142929077
78 3.9798171520233154
78 3.9845407009124756
78 3.989943504333496
78 3.99579119682312
78 4.001257658004761
78 4.00574803352356
78 4.011270046234131
78 4.015753746032715
78 4.0211896896362305
78 4.025704622268677
78 4.031133413314819
78 4.035641670227051
78 4.041257858276367
78 4.046707391738892
78 4.052098035812378
78 4.056666135787964
78 4.06191873550415
78 4.066612482070923
78 4.07528018951416
78 4.080567121505737
78 4.085273504257202
78 4.090546369552612
78 4.09527850151062
78 4.101743459701538
78 4.106292247772217
78 4.1116719245910645
78 4.11615514755249
78 4.121783494949341
78 4.126306533813477
78 4.131680727005005
78 4.136143445968628
78 4.141593933105469
78 4.146028757095337
78 4.152411222457886
78 4.1568896770477295
78 4.162549018859863
78 4.167259931564331
78 4.172510385513306
78 4.177220344543457
78 4.182511329650879
78 4.1872148513793945
78 4.192452430725098
78 4.1971540451049805
78 4.20338249206543
78 4.207895755767822
78 4.213397026062012
78 4.217915773391724
78 4.22351861000061
78 4.2280051708221436
78 4.233492612838745
78 4.2380211353302
78 4.243480682373047
78 4.248719692230225
78 4.254357576370239
78 4.259734869003296
78 4.264323472976685
78 4.269707679748535
78 4.2743096351623535
78 4.279744625091553
78 4.284496307373047
78 4.290785551071167
78 4.295536756515503
78 4.301766633987427
78 4.311426877975464
78 4.317697048187256
78 4.323398113250732
78 4.32789158821106
78 4.333495378494263
78 4.337988376617432
78 4.343676805496216
78 4.34816575050354
78 4.354396343231201
78 4.3597731590271
78 4.36438250541687
78 4.3697333335876465
78 4.374342679977417
78 4.379737615585327
78 4.384524583816528
78 4.389939785003662
78 4.394471645355225
78 4.399908781051636
78 4.405795097351074
78 4.411267995834351
78 4.415777683258057
78 4.4212353229522705
78 4.4257261753082275
78 4.4311683177948
78 4.435691833496094
78 4.440904378890991
78 4.445594072341919
78 4.4507927894592285
78 4.456423282623291
78 4.4619269371032715
78 4.466648817062378
78 4.471905469894409
78 4.4765846729278564
78 4.481838226318359
78 4.4863903522491455
78 4.491747856140137
78 4.496307134628296
78 4.501662969589233
78 4.507272005081177
78 4.512668609619141
78 4.5173773765563965
78 4.522769927978516
78 4.527510166168213
78 4.532711982727051
78 4.537458658218384
78 4.542674779891968
78 4.54738187789917
78 4.552613019943237
78 4.557992696762085
78 4.563439607620239
78 4.567949056625366
78 4.573406934738159
78 4.577886343002319
78 4.583512783050537
78 4.588005304336548
78 4.593463897705078
78 4.597970962524414
78 4.603433847427368
78 4.608697175979614
78 4.614201545715332
78 4.618675470352173
78 4.624103784561157
78 4.628628730773926
78 4.634047508239746
78 4.638580799102783
78 4.644202947616577
78 4.648681163787842
78 4.654163837432861
78 4.660576581954956
78 4.66526985168457
78 4.670588254928589
78 4.675283670425415
78 4.680554151535034
78 4.684848070144653
78 4.6904871463775635
78 4.694836139678955
78 4.700654029846191
78 4.706078290939331
78 4.717432260513306
78 4.722819805145264
78 4.727526903152466
78 4.732863903045654
78 4.737640857696533
78 4.7433021068573
78 4.747812509536743
78 4.759828567504883
78 4.77006721496582
78 4.7801833152771
78 4.78725790977478
78 4.79992151260376
78 4.804819345474243
78 4.811439037322998
78 4.815889358520508
78 4.8215014934539795
78 4.825968027114868
78 4.831398010253906
78 4.8358917236328125
78 4.8426642417907715
78 4.855879783630371
78 4.868441820144653
78 4.883298873901367
78 4.892420530319214
78 4.896886348724365
78 4.902507543563843
78 4.907281875610352
78 4.913496971130371
78 4.917999982833862
78 4.9234559535980225
78 4.92796778678894
78 4.9334375858306885
78 4.939953088760376
78 4.951562404632568
78 4.956035375595093
78 4.962392330169678
78 4.966878890991211
78 4.972358226776123
78 4.976845741271973
78 4.982350587844849
78 4.986820697784424
78 4.992267608642578
78 4.996758460998535
78 5.002360582351685
78 5.006840944290161
78 5.01335883140564
78 5.017853260040283
78 5.023286581039429
78 5.027800798416138
78 5.033432960510254
78 5.037926197052002
78 5.043423414230347
78 5.047929048538208
78 5.053397178649902
78 5.057891607284546
78 5.064246416091919
78 5.069257020950317
78 5.074218034744263
78 5.078676223754883
78 5.084135293960571
78 5.0886523723602295
78 5.094080448150635
78 5.0985870361328125
78 5.104034662246704
78 5.108525991439819
78 5.12155818939209
78 5.126006126403809
78 5.1316046714782715
78 5.136074781417847
78 5.141669273376465
78 5.1461265087127686
78 5.1515796184539795
78 5.156023263931274
78 5.161613464355469
78 5.16724419593811
78 5.1724817752838135
78 5.1772074699401855
78 5.182669639587402
78 5.187410354614258
78 5.192630290985107
78 5.19735312461853
78 5.2025721073150635
78 5.2073447704315186
78 5.212589263916016
78 5.21797776222229
78 5.223431587219238
78 5.2279369831085205
78 5.233381509780884
78 5.237893581390381
78 5.243487119674683
78 5.247959136962891
78 5.257501840591431
78 5.267338991165161
78 5.272578239440918
78 5.277328729629517
78 5.282572031021118
78 5.287273168563843
78 5.293548583984375
78 5.298034429550171
78 5.303653955459595
78 5.308120489120483
78 5.313596963882446
78 5.319790601730347
78 5.32439398765564
78 5.32976222038269
78 5.334372043609619
78 5.339740753173828
78 5.344347953796387
78 5.349733829498291
78 5.354336261749268
78 5.359703540802002
78 5.364450693130493
78 5.3707287311553955
78 5.375448703765869
78 5.380679607391357
78 5.385402202606201
78 5.390658140182495
78 5.404211521148682
78 5.409245252609253
78 5.424665927886963
78 5.44421911239624
78 5.452136278152466
78 5.456713438034058
78 5.462089538574219
78 5.466675043106079
78 5.4751856327056885
78 5.490137815475464
78 5.495584964752197
78 5.500776052474976
78 5.505496025085449
78 5.510753631591797
78 5.523247241973877
78 5.5277838706970215
78 5.533430576324463
78 5.537938356399536
78 5.545697450637817
78 5.55129861831665
78 5.555781602859497
78 5.561277866363525
78 5.5661516189575195
78 5.5724194049835205
78 5.5771284103393555
78 5.582423686981201
78 5.586910247802734
78 5.59237003326416
78 5.596840858459473
78 5.602439880371094
78 5.607175827026367
78 5.612396955490112
78 5.616904020309448
78 5.623219013214111
78 5.627753973007202
78 5.633168458938599
78 5.637683391571045
78 5.642893552780151
78 5.647633790969849
78 5.652842283248901
78 5.657542943954468
78 5.662853956222534
78 5.667569398880005
78 5.67366886138916
78 5.678126335144043
78 5.6837451457977295
78 5.688222169876099
78 5.693660497665405
78 5.698133945465088
78 5.703631162643433
78 5.708192348480225
78 5.713648796081543
78 5.718171119689941
78 5.724563360214233
78 5.729994773864746
78 5.7345290184021
78 5.739922523498535
78 5.744472980499268
78 5.749892473220825
78 5.7584028244018555
78 5.763920783996582
78 5.768402099609375
78 5.778141736984253
78 5.788294315338135
78 5.800097942352295
78 5.808582544326782
78 5.821540594100952
78 5.83343768119812
78 5.843622922897339
78 5.852742671966553
78 5.863466262817383
78 5.870779037475586
78 5.8815553188323975
78 5.892617464065552
78 5.897373914718628
78 5.902772903442383
78 5.907487154006958
78 5.917463302612305
78 5.923891305923462
78 5.928385257720947
78 5.941851615905762
78 5.954014301300049
78 5.961323976516724
78 5.96616005897522
78 5.971623420715332
78 5.976097106933594
78 5.9815239906311035
78 5.98598313331604
78 5.991624116897583
78 5.997288703918457
78 6.002515077590942
78 6.0072736740112305
78 6.012515068054199
78 6.017236232757568
78 6.022672653198242
78 6.02738881111145
78 6.032581329345703
78 6.037350177764893
78 6.042577028274536
78 6.0480663776397705
78 6.053528785705566
78 6.058021068572998
78 6.063495397567749
78 6.0680251121521
78 6.073495388031006
78 6.0779945850372314
78 6.083621978759766
78 6.088114976882935
78 6.093568801879883
78 6.099751234054565
78 6.1043267250061035
78 6.109694004058838
78 6.114279270172119
78 6.119270086288452
78 6.124258041381836
78 6.129281997680664
78 6.13423752784729
78 6.138681650161743
78 6.14427638053894
78 6.150606155395508
78 6.155311346054077
78 6.160571336746216
78 6.165199279785156
78 6.170492649078369
78 6.174826383590698
78 6.180453062057495
78 6.1847922801971436
78 6.190388441085815
78 6.194709300994873
78 6.2014405727386475
78 6.2059032917022705
78 6.211532354354858
78 6.2159743309021
78 6.221396446228027
78 6.225857734680176
78 6.231306076049805
78 6.235775470733643
78 6.2415993213653564
78 6.255657196044922
78 6.261354446411133
78 6.265834093093872
78 6.2714293003082275
78 6.276365518569946
78 6.281717777252197
78 6.286160707473755
78 6.29243540763855
78 6.296890735626221
78 6.303349256515503
78 6.3078296184539795
78 6.321534156799316
78 6.326043128967285
78 6.33552622795105
78 6.341226816177368
78 6.345733165740967
78 6.35235071182251
78 6.356842994689941
78 6.362325668334961
78 6.366814613342285
78 6.372162342071533
78 6.3767290115356445
78 6.382389307022095
78 6.386866569519043
78 6.392340660095215
78 6.396831274032593
78 6.403271436691284
78 6.407809495925903
78 6.413253545761108
78 6.417791366577148
78 6.423260927200317
78 6.427779674530029
78 6.433229207992554
78 6.437758207321167
78 6.443392753601074
78 6.447909355163574
78 6.454101800918579
78 6.458603858947754
78 6.464049816131592
78 6.468608617782593
78 6.474228143692017
78 6.478702545166016
78 6.484157085418701
78 6.488649845123291
78 6.494085073471069
78 6.498584985733032
78 6.505347013473511
78 6.510580062866211
78 6.51529598236084
78 6.5205607414245605
78 6.525280237197876
78 6.530567169189453
78 6.5352942943573
78 6.540545225143433
78 6.544857025146484
78 6.550497531890869
78 6.5560173988342285
78 6.561643600463867
78 6.566118478775024
78 6.5715413093566895
78 6.5760252475738525
78 6.581510066986084
78 6.585974454879761
78 6.591405153274536
78 6.595864534378052
78 6.601473093032837
78 6.6068596839904785
78 6.612378358840942
78 6.616868019104004
78 6.622490167617798
78 6.627181529998779
78 6.63242244720459
78 6.637139797210693
78 6.6424126625061035
78 6.646908283233643
78 6.6524012088775635
78 6.657784938812256
78 6.663214206695557
78 6.667743921279907
78 6.673189640045166
78 6.677723169326782
78 6.683331251144409
78 6.687828302383423
78 6.693284749984741
78 6.697810173034668
78 6.703239679336548
78 6.70851993560791
78 6.713924884796143
78 6.724846363067627
78 6.730717897415161
78 6.735456943511963
78 6.741181373596191
78 6.745675563812256
78 6.751296520233154
78 6.761575222015381
78 6.76600980758667
78 6.771928310394287
78 6.776646614074707
78 6.78191614151001
78 6.7865588665008545
78 6.792524337768555
78 6.79725456237793
78 6.80267071723938
78 6.808167457580566
78 6.813625335693359
78 6.818182945251465
78 6.823638200759888
78 6.828110218048096
78 6.83356499671936
78 6.8380303382873535
78 6.8434906005859375
78 6.847995758056641
78 6.853443622589111
78 6.858654022216797
78 6.864330768585205
78 6.869672060012817
78 6.874329090118408
78 6.879687547683716
78 6.884277820587158
78 6.889281272888184
78 6.894294738769531
78 6.8992860317230225
78 6.90423846244812
78 6.910592555999756
78 6.915304183959961
78 6.920727491378784
78 6.925467014312744
78 6.930693864822388
78 6.935405492782593
78 6.940629959106445
78 6.945358037948608
78 6.9506001472473145
78 6.955324172973633
78 6.961560249328613
78 6.9660255908966064
78 6.971481084823608
78 6.975919485092163
78 6.981513500213623
78 6.985976457595825
78 6.9915831089019775
78 6.996075391769409
78 7.00151515007019
78 7.005983352661133
78 7.012385606765747
78 7.0168843269348145
78 7.022379159927368
78 7.026843070983887
78 7.032311916351318
78 7.036808013916016
78 7.042391300201416
78 7.046859264373779
78 7.052308082580566
78 7.066267251968384
78 7.071678161621094
78 7.076135873794556
78 7.081549167633057
78 7.08600926399231
78 7.104506015777588
78 7.127159357070923
78 7.132579326629639
78 7.137295961380005
78 7.14386773109436
78 7.151167631149292
78 7.1557207107543945
78 7.161330223083496
78 7.1673290729522705
78 7.18127965927124
78 7.1864001750946045
78 7.1917970180511475
78 7.196376085281372
78 7.201768159866333
78 7.206883907318115
78 7.212366342544556
78 7.217917203903198
78 7.223516941070557
78 7.228022575378418
78 7.233502388000488
78 7.2380053997039795
78 7.245528221130371
78 7.250898122787476
78 7.2556047439575195
78 7.26080060005188
78 7.2668678760528564
78 7.272385835647583
78 7.2768714427948
78 7.282459020614624
78 7.287172555923462
78 7.293318033218384
78 7.297849655151367
78 7.303319931030273
78 7.307807683944702
78 7.313269138336182
78 7.318485736846924
78 7.323920249938965
78 7.328413009643555
78 7.333870887756348
78 7.338333368301392
78 7.3439648151397705
78 7.348451614379883
78 7.353893756866455
78 7.358385801315308
78 7.363847255706787
78 7.370019435882568
78 7.374542713165283
78 7.37994647026062
78 7.384619235992432
78 7.39005708694458
78 7.394577741622925
78 7.399972915649414
78 7.404668092727661
78 7.41005277633667
78 7.414595127105713
78 7.421183109283447
78 7.4257025718688965
78 7.430914402008057
78 7.4356529712677
78 7.440871953964233
78 7.445610523223877
78 7.450803279876709
78 7.455540895462036
78 7.460895776748657
78 7.465618371963501
78 7.471845865249634
78 7.476396322250366
78 7.481755495071411
78 7.48629093170166
78 7.491661787033081
78 7.49614953994751
78 7.501586675643921
78 7.506036758422852
78 7.511656045913696
78 7.5161285400390625
78 7.527895450592041
78 7.53351616859436
78 7.538007736206055
78 7.543612480163574
78 7.548067808151245
78 7.55366063117981
78 7.558165788650513
78 7.56363844871521
78 7.568174839019775
78 7.574358940124512
78 7.579697608947754
78 7.584479808807373
78 7.589902639389038
78 7.594479084014893
78 7.599910497665405
78 7.604485034942627
78 7.60991907119751
78 7.614489793777466
78 7.619908332824707
78 7.625613451004028
78 7.6308228969573975
78 7.635567665100098
78 7.641191005706787
78 7.645709753036499
78 7.650914430618286
78 7.655631065368652
78 7.660823345184326
78 7.665544271469116
78 7.67171573638916
78 7.676351308822632
78 7.681721448898315
78 7.686164855957031
78 7.691602468490601
78 7.696066617965698
78 7.7016661167144775
78 7.706154108047485
78 7.7115843296051025
78 7.716035842895508
78 7.721485614776611
78 7.727166175842285
78 7.732419967651367
78 7.736894369125366
78 7.742381572723389
78 7.7468883991241455
78 7.758285999298096
78 7.778457880020142
78 7.788649320602417
78 7.796892166137695
78 7.8025062084198
78 7.807212829589844
78 7.812479257583618
78 7.817239284515381
78 7.822678804397583
78 7.829857587814331
78 7.836496591567993
78 7.841792345046997
78 7.846339464187622
78 7.853281259536743
78 7.857795000076294
78 7.863301038742065
78 7.867809534072876
78 7.874365568161011
78 7.87986946105957
78 7.884573698043823
78 7.889979839324951
78 7.894500017166138
78 7.899949789047241
78 7.90463662147522
78 7.910031795501709
78 7.914600372314453
78 7.926732778549194
78 7.932347059249878
78 7.936824321746826
78 7.9425048828125
78 7.947235107421875
78 7.952641248703003
78 7.957355260848999
78 7.962579965591431
78 7.967311859130859
78 7.972538471221924
78 7.977976560592651
78 7.983469486236572
78 7.987954139709473
78 7.9933881759643555
78 7.997901678085327
78 8.003502130508423
78 8.007995843887329
78 8.013489246368408
78 8.017995119094849
78 8.02346420288086
78 8.029229879379272
78 8.03438949584961
78 8.039796829223633
78 8.044384717941284
78 8.049747705459595
78 8.054356336593628
78 8.059718370437622
78 8.064472198486328
78 8.069944620132446
78 8.074516773223877
78 8.08086109161377
78 8.085586786270142
78 8.0907621383667
78 8.09544563293457
78 8.100691318511963
78 8.1054368019104
78 8.11065411567688
78 8.115389108657837
78 8.120786428451538
78 8.125563144683838
78 8.13179063796997
78 8.136346578598022
78 8.141714334487915
78 8.146161317825317
78 8.151598691940308
78 8.156046390533447
78 8.161667585372925
78 8.166127443313599
78 8.171550512313843
78 8.176000118255615
78 8.182602643966675
78 8.187322616577148
78 8.19258737564087
78 8.19731092453003
78 8.202547550201416
78 8.207288980484009
78 8.212552785873413
78 8.217275857925415
78 8.222515344619751
78 8.227257251739502
78 8.233478546142578
78 8.237971544265747
78 8.243637561798096
78 8.248197555541992
78 8.255373001098633
78 8.26062798500061
78 8.265369176864624
78 8.270620346069336
78 8.27533769607544
78 8.281528949737549
78 8.285994052886963
78 8.292434692382812
78 8.296884536743164
78 8.302519083023071
78 8.307204246520996
78 8.312431335449219
78 8.317159414291382
78 8.328173637390137
78 8.334485054016113
78 8.339903593063354
78 8.344590902328491
78 8.349981784820557
78 8.354671478271484
78 8.360062599182129
78 8.364750862121582
78 8.370162010192871
78 8.374672651290894
78 8.380073070526123
78 8.38578486442566
78 8.391211032867432
78 8.395701169967651
78 8.400914192199707
78 8.405630826950073
78 8.410836458206177
78 8.415544509887695
78 8.420916318893433
78 8.425630807876587
78 8.430844783782959
78 8.436333417892456
78 8.441709280014038
78 8.446253776550293
78 8.451619386672974
78 8.456069469451904
78 8.464537143707275
78 8.469985723495483
78 8.474541187286377
78 8.479970216751099
78 8.485707521438599
78 8.491188526153564
78 8.495719909667969
78 8.501179218292236
78 8.505694150924683
78 8.511141300201416
78 8.515643119812012
78 8.52083158493042
78 8.52556562423706
78 8.530752658843994
78 8.536322355270386
78 8.541856527328491
78 8.546418905258179
78 8.552070617675781
78 8.55667519569397
78 8.56191086769104
78 8.566571950912476
78 8.571805238723755
78 8.57637882232666
78 8.581791639328003
78 8.587490320205688
78 8.592735528945923
78 8.597499132156372
78 8.602869272232056
78 8.607616901397705
78 8.61286473274231
78 8.617574691772461
78 8.622769594192505
78 8.62749433517456
78 8.632740497589111
78 8.638176679611206
78 8.643656730651855
78 8.648164987564087
78 8.653610467910767
78 8.658084392547607
78 8.663694143295288
78 8.668151617050171
78 8.67363452911377
78 8.678085327148438
78 8.683716773986816
78 8.68992018699646
78 8.69446611404419
78 8.699923753738403
78 8.704528570175171
78 8.7099449634552
78 8.714485883712769
78 8.724176168441772
78 8.731518268585205
78 8.735983610153198
78 8.742546319961548
78 8.747273921966553
78 8.756813764572144
78 8.762503385543823
78 8.767254829406738
78 8.772647619247437
78 8.77740478515625
78 8.782889604568481
78 8.788365364074707
78 8.79411005973816
78 8.798622846603394
78 8.804080486297607
78 8.808543920516968
78 8.814187049865723
78 8.818650722503662
78 8.824078559875488
78 8.828566789627075
78 8.834046602249146
78 8.840575218200684
78 8.845335245132446
78 8.850624084472656
78 8.855352878570557
78 8.860594511032104
78 8.865307807922363
78 8.872370719909668
78 8.877640962600708
78 8.88286566734314
78 8.887624263763428
78 8.893855810165405
78 8.899705648422241
78 8.904457092285156
78 8.909888744354248
78 8.91443681716919
78 8.919860124588013
78 8.92442798614502
78 8.929841995239258
78 8.934431791305542
78 8.939861297607422
78 8.945650577545166
78 8.950878381729126
78 8.955602407455444
78 8.961202144622803
78 8.96571969985962
78 8.970909833908081
78 8.975642919540405
78 8.980854272842407
78 8.985595703125
78 8.99168610572815
78 8.996322870254517
78 9.001677513122559
78 9.01045298576355
78 9.030867576599121
78 9.043733596801758
78 9.052592992782593
78 9.057344436645508
78 9.062600374221802
78 9.06728982925415
78 9.072685718536377
78 9.077399253845215
78 9.082763433456421
78 9.0874764919281
78 9.093631029129028
78 9.104366540908813
78 9.12973928451538
78 9.134473323822021
78 9.139888048171997
78 9.145735502243042
78 9.151353120803833
78 9.155827045440674
78 9.161281108856201
78 9.165762186050415
78 9.17121148109436
78 9.175698280334473
78 9.180892944335938
78 9.185662269592285
78 9.19086241722107
78 9.196563720703125
78 9.202125549316406
78 9.206691265106201
78 9.212090253829956
78 9.216679334640503
78 9.221911907196045
78 9.226569175720215
78 9.23182201385498
78 9.236379623413086
78 9.241815328598022
78 9.24751877784729
78 9.252702236175537
78 9.257437467575073
78 9.262792825698853
78 9.267524719238281
78 9.272741556167603
78 9.277473449707031
78 9.2826669216156
78 9.287401914596558
78 9.293523788452148
78 9.298719644546509
78 9.30419397354126
78 9.308667659759521
78 9.314170122146606
78 9.318660736083984
78 9.32429575920105
78 9.329696416854858
78 9.334441900253296
78 9.339882850646973
78 9.344427585601807
78 9.35086464881897
78 9.355597496032715
78 9.360838890075684
78 9.365573406219482
78 9.370753765106201
78 9.375472068786621
78 9.380839109420776
78 9.385592699050903
78 9.390771627426147
78 9.395519256591797
78 9.401713132858276
78 9.40615439414978
78 9.411595106124878
78 9.416030168533325
78 9.421466827392578
78 9.426005601882935
78 9.431456804275513
78 9.43589472770691
78 9.441492319107056
78 9.446038722991943
78 9.452473163604736
78 9.457178831100464
78 9.462552070617676
78 9.467268705368042
78 9.472527503967285
78 9.477248430252075
78 9.48250436782837
78 9.487215757369995
78 9.492467164993286
78 9.497170686721802
78 9.503592491149902
78 9.508068323135376
78 9.51354718208313
78 9.518038034439087
78 9.528034925460815
78 9.534391164779663
78 9.539752006530762
78 9.544502258300781
78 9.551246404647827
78 9.555747985839844
78 9.561363935470581
78 9.565829753875732
78 9.57128620147705
78 9.57579755783081
78 9.581221342086792
78 9.585736274719238
78 9.591351985931396
78 9.595839738845825
78 9.602130889892578
78 9.606690883636475
78 9.612053155899048
78 9.616636514663696
78 9.622162580490112
78 9.626736879348755
78 9.632113218307495
78 9.63668417930603
78 9.642084836959839
78 9.646668195724487
78 9.652825832366943
78 9.657560348510742
78 9.662722826004028
78 9.667454719543457
78 9.672719955444336
78 9.677452802658081
78 9.682822942733765
78 9.687548875808716
78 9.692750930786133
78 9.697483539581299
78 9.70370078086853
78 9.708173990249634
78 9.713616609573364
78 9.71806025505066
78 9.723671197891235
78 9.728175640106201
78 9.733650922775269
78 9.738159418106079
78 9.743746519088745
78 9.748207092285156
78 9.754353523254395
78 9.759767532348633
78 9.764433860778809
78 9.769833326339722
78 9.774385929107666
78 9.77975869178772
78 9.784337520599365
78 9.789716720581055
78 9.794317245483398
78 9.79970407485962
78 9.80548357963562
78 9.81071162223816
78 9.815438508987427
78 9.82069206237793
78 9.825393915176392
78 9.83084511756897
78 9.835573196411133
78 9.840757369995117
78 9.845512390136719
78 9.850893020629883
78 9.85662841796875
78 9.862146854400635
78 9.866700172424316
78 9.872092247009277
78 9.876648664474487
78 9.881914377212524
78 9.886609077453613
78 9.891881465911865
78 9.896540403366089
78 9.901831150054932
78 9.907475471496582
78 9.914406776428223
78 9.919845819473267
78 9.93138074874878
78 9.93589448928833
78 9.941550970077515
78 9.94601821899414
78 9.95169472694397
78 9.95730471611023
78 9.962660551071167
78 9.967413187026978
78 9.972637414932251
78 9.977424621582031
78 9.982861042022705
78 9.98760437965393
78 9.992812633514404
78 9.99752163887024
78 10.002719640731812
78 10.008205890655518
78 10.013675928115845
78 10.018175601959229
78 10.023645639419556
78 10.028129577636719
78 10.033557653427124
78 10.03804636001587
78 10.043668985366821
78 10.048146486282349
78 10.053608655929565
78 10.059291124343872
78 10.064232349395752
78 10.068701267242432
78 10.074209690093994
78 10.078683376312256
78 10.084163188934326
78 10.088659763336182
78 10.094101905822754
78 10.098608255386353
78 10.104230165481567
78 10.110729455947876
78 10.11546540260315
78 10.120693445205688
78 10.125420808792114
78 10.130672216415405
78 10.1354501247406
78 10.140690565109253
78 10.145431756973267
78 10.150711059570312
78 10.155444860458374
78 10.161888122558594
78 10.16655158996582
78 10.171823501586914
78 10.176409721374512
78 10.181792259216309
78 10.186387538909912
78 10.191768169403076
78 10.196324586868286
78 10.20171570777893
78 10.206257581710815
78 10.212583065032959
78 10.217351198196411
78 10.22274374961853
78 10.227471828460693
78 10.232725143432617
78 10.237455368041992
78 10.242842674255371
78 10.247626066207886
78 10.252852201461792
78 10.257612466812134
78 10.263805866241455
78 10.268319368362427
78 10.273817539215088
78 10.278316974639893
78 10.28396463394165
78 10.28843879699707
78 10.294538497924805
78 10.29998779296875
78 10.304529905319214
78 10.309953212738037
78 10.31563425064087
78 10.320863246917725
78 10.328356504440308
78 10.337196588516235
78 10.342679262161255
78 10.347419023513794
78 10.352818965911865
78 10.357608079910278
78 10.364055156707764
78 10.368570327758789
78 10.374224662780762
78 10.37869381904602
78 10.384190082550049
78 10.388668775558472
78 10.394156694412231
78 10.398630142211914
78 10.40420913696289
78 10.408660650253296
78 10.414835691452026
78 10.420498371124268
78 10.424832105636597
78 10.430453300476074
78 10.43477463722229
78 10.440384149551392
78 10.444737911224365
78 10.450132369995117
78 10.454661846160889
78 10.46006989479065
78 10.46580958366394
78 10.471278667449951
78 10.475770235061646
78 10.481214761734009
78 10.485721349716187
78 10.491134881973267
78 10.495641946792603
78 10.501306056976318
78 10.505803108215332
78 10.511216878890991
78 10.51671028137207
78 10.522337913513184
78 10.526848554611206
78 10.532292127609253
78 10.536768436431885
78 10.542137622833252
78 10.551128149032593
78 10.555694103240967
78 10.56090235710144
78 10.56661868095398
78 10.571888208389282
78 10.57655668258667
78 10.582078695297241
78 10.58667516708374
78 10.592294454574585
78 10.596798419952393
78 10.602238655090332
78 10.6067476272583
78 10.61215329170227
78 10.617664337158203
78 10.622884035110474
78 10.627642393112183
78 10.632873058319092
78 10.637656211853027
78 10.643322944641113
78 10.647832870483398
78 10.6532723903656
78 10.657774686813354
78 10.663213968276978
78 10.668495893478394
78 10.673965454101562
78 10.6784508228302
78 10.6838960647583
78 10.688349962234497
78 10.693825244903564
78 10.69832444190979
78 10.704050540924072
78 10.708542346954346
78 10.714024782180786
78 10.7201828956604
78 10.72470998764038
78 10.735742330551147
78 10.741410732269287
78 10.745869159698486
78 10.760112047195435
78 10.773919820785522
78 10.797462701797485
78 10.805658102035522
78 10.810870885848999
78 10.815616369247437
78 10.822112083435059
78 10.826693534851074
78 10.832060098648071
78 10.836694955825806
78 10.842108249664307
78 10.846710920333862
78 10.852386713027954
78 10.856871604919434
78 10.86234974861145
78 10.866827487945557
78 10.873308420181274
78 10.87785530090332
78 10.88345217704773
78 10.887963771820068
78 10.893437147140503
78 10.897976398468018
78 10.903420686721802
78 10.90797209739685
78 10.913429260253906
78 10.917949438095093
78 10.924189805984497
78 10.928654193878174
78 10.93407917022705
78 10.938598394393921
78 10.94424033164978
78 10.948718309402466
78 10.954196214675903
78 10.958677291870117
78 10.964110612869263
78 10.968653917312622
78 10.97517442703247
78 10.980504035949707
78 10.98484754562378
78 10.99047327041626
78 10.994865894317627
78 11.000674486160278
78 11.00541615486145
78 11.01066517829895
78 11.015402793884277
78 11.02064824104309
78 11.026108503341675
78 11.031542301177979
78 11.036005735397339
78 11.04159665107727
78 11.046065092086792
78 11.051557064056396
78 11.056009531021118
78 11.061611413955688
78 11.06610918045044
78 11.071520805358887
78 11.077178478240967
78 11.082433700561523
78 11.087124109268188
78 11.092381000518799
78 11.096873760223389
78 11.102370738983154
78 11.106849908828735
78 11.11236023902893
78 11.116851806640625
78 11.12248945236206
78 11.134345054626465
78 11.1398184299469
78 11.144514322280884
78 11.149955749511719
78 11.154752969741821
78 11.160182476043701
78 11.165196895599365
78 11.17052936553955
78 11.176018476486206
78 11.181644678115845
78 11.186123371124268
78 11.191575050354004
78 11.196038484573364
78 11.201489686965942
78 11.205952644348145
78 11.21139931678772
78 11.2158682346344
78 11.221356391906738
78 11.22681713104248
78 11.232276678085327
78 11.236784219741821
78 11.242398500442505
78 11.246886730194092
78 11.253946542739868
78 11.258471727371216
78 11.26389765739441
78 11.268369436264038
78 11.27401614189148
78 11.280452489852905
78 11.284852027893066
78 11.291414022445679
78 11.295881032943726
78 11.301478147506714
78 11.305994510650635
78 11.311466217041016
78 11.315929174423218
78 11.321351051330566
78 11.325829982757568
78 11.33210039138794
78 11.336702585220337
78 11.342081308364868
78 11.346664667129517
78 11.351927042007446
78 11.356625318527222
78 11.362156867980957
78 11.36676836013794
78 11.372232437133789
78 11.376736879348755
78 11.383129835128784
78 11.387667179107666
78 11.392868995666504
78 11.397637128829956
78 11.40325379371643
78 11.407767534255981
78 11.413219451904297
78 11.417766094207764
78 11.42339015007019
78 11.42861294746399
78 11.434101581573486
78 11.438621520996094
78 11.444030523300171
78 11.448513746261597
78 11.453964948654175
78 11.458465576171875
78 11.463907241821289
78 11.468396663665771
78 11.47386360168457
78 11.478351593017578
78 11.484703063964844
78 11.490105628967285
78 11.494684934616089
78 11.500114917755127
78 11.504645347595215
78 11.510077953338623
78 11.514601469039917
78 11.52000379562378
78 11.52452278137207
78 11.536689519882202
78 11.54241418838501
78 11.546897172927856
78 11.552504062652588
78 11.557244300842285
78 11.562618494033813
78 11.567348718643188
78 11.572565793991089
78 11.577296495437622
78 11.583461046218872
78 11.587969064712524
78 11.593478679656982
78 11.59800386428833
78 11.603639125823975
78 11.608102560043335
78 11.613527297973633
78 11.617994546890259
78 11.623505115509033
78 11.628005981445312
78 11.634247064590454
78 11.63871455192566
78 11.644221782684326
78 11.648691415786743
78 11.654195308685303
78 11.658667087554932
78 11.664330244064331
78 11.669703006744385
78 11.674319505691528
78 11.679725646972656
78 11.685455560684204
78 11.690687417984009
78 11.695406198501587
78 11.700634241104126
78 11.705332279205322
78 11.710623502731323
78 11.715358972549438
78 11.720744371414185
78 11.725489139556885
78 11.730712175369263
78 11.736118793487549
78 11.741581678390503
78 11.7460458278656
78 11.751502990722656
78 11.755959272384644
78 11.761494398117065
78 11.76598834991455
78 11.771414518356323
78 11.77586841583252
78 11.781485319137573
78 11.787274360656738
78 11.79269552230835
78 11.797430992126465
78 11.802663564682007
78 11.80742359161377
78 11.812655448913574
78 11.817376852035522
78 11.822617292404175
78 11.827321767807007
78 11.832554817199707
78 11.838073015213013
78 11.84366750717163
78 11.848146438598633
78 11.853626728057861
78 11.85818362236023
78 11.863652467727661
78 11.868163108825684
78 11.873613595962524
78 11.87807035446167
78 11.88353419303894
78 11.888704299926758
78 11.894188642501831
78 11.898672342300415
78 11.904276847839355
78 11.909260988235474
78 11.91422438621521
78 11.91869044303894
78 11.924335956573486
78 11.932603597640991
78 11.941753387451172
78 11.94631028175354
78 11.951820373535156
78 11.956409931182861
78 11.962160587310791
78 11.966729402542114
78 11.97224497795105
78 11.976741075515747
78 11.982126951217651
78 11.987608432769775
78 11.99288821220398
78 11.99765419960022
78 12.002870321273804
78 12.0076265335083
78 12.012843132019043
78 12.01757025718689
78 12.023176431655884
78 12.02772831916809
78 12.033169984817505
78 12.038448572158813
78 12.043922901153564
78 12.048398494720459
78 12.054024934768677
78 12.058542490005493
78 12.06400465965271
78 12.068458557128906
78 12.07388424873352
78 12.078394174575806
78 12.084021091461182
78 12.090388536453247
78 12.094731330871582
78 12.100160837173462
78 12.104694843292236
78 12.110133409500122
78 12.114654064178467
78 12.12006664276123
78 12.12459397315979
78 12.129983901977539
78 12.134521007537842
78 12.141310214996338
78 12.145793199539185
78 12.151260614395142
78 12.15576958656311
78 12.16122031211853
78 12.165769100189209
78 12.17121410369873
78 12.175695657730103
78 12.18132472038269
78 12.185824394226074
78 12.192243337631226
78 12.196760654449463
78 12.20240592956543
78 12.206883907318115
78 12.21236252784729
78 12.216850280761719
78 12.2223539352417
78 12.226829051971436
78 12.2322838306427
78 12.236766815185547
78 12.243193864822388
78 12.247741222381592
78 12.253209829330444
78 12.257755041122437
78 12.263370513916016
78 12.2678701877594
78 12.273324966430664
78 12.277845859527588
78 12.28335952758789
78 12.287859201431274
78 12.294775247573853
78 12.300182342529297
78 12.304709196090698
78 12.310145139694214
78 12.314847707748413
78 12.320613145828247
78 12.325352430343628
78 12.334684133529663
78 12.341717720031738
78 12.347338676452637
78 12.352725744247437
78 12.357440710067749
78 12.362843751907349
78 12.367562532424927
78 12.37278151512146
78 12.377517461776733
78 12.382890462875366
78 12.38764238357544
78 12.39286994934082
78 12.39830207824707
78 12.403752326965332
78 12.408239603042603
78 12.41367220878601
78 12.418150424957275
78 12.4236319065094
78 12.428082466125488
78 12.433525800704956
78 12.438035249710083
78 12.444393396377563
78 12.449918985366821
78 12.454468488693237
78 12.459874153137207
78 12.464410781860352
78 12.469837188720703
78 12.474406480789185
78 12.479839324951172
78 12.484399318695068
78 12.489754915237427
78 12.495457410812378
78 12.500857830047607
78 12.50562071800232
78 12.510772943496704
78 12.515486717224121
78 12.52069878578186
78 12.525409460067749
78 12.53063440322876
78 12.535335302352905
78 12.540572881698608
78 12.545952081680298
78 12.554476737976074
78 12.559937953948975
78 12.574258089065552
78 12.587191104888916
78 12.593315601348877
78 12.5986487865448
78 12.604113101959229
78 12.60861587524414
78 12.614426136016846
78 12.619873523712158
78 12.624611377716064
78 12.630054950714111
78 12.634593963623047
78 12.639999151229858
78 12.64455509185791
78 12.653154373168945
78 12.657709121704102
78 12.663361310958862
78 12.668278217315674
78 12.67374324798584
78 12.678216457366943
78 12.683814764022827
78 12.688307762145996
78 12.693768501281738
78 12.69996190071106
78 12.704508543014526
78 12.709934711456299
78 12.714661121368408
78 12.720074653625488
78 12.724593162536621
78 12.73000168800354
78 12.741472005844116
78 12.745996236801147
78 12.75255560874939
78 12.757271766662598
78 12.76274037361145
78 12.767507314682007
78 12.77286982536316
78 12.777637243270874
78 12.78285527229309
78 12.787629127502441
78 12.79315996170044
78 12.797714710235596
78 12.804027557373047
78 12.80852198600769
78 12.814013004302979
78 12.818500757217407
78 12.824015378952026
78 12.828510522842407
78 12.833940029144287
78 12.838412046432495
78 12.844042301177979
78 12.848541498184204
78 12.854789018630981
78 12.860183000564575
78 12.865198850631714
78 12.870504379272461
78 12.874846696853638
78 12.880517482757568
78 12.884860038757324
78 12.890493869781494
78 12.894829273223877
78 12.900459051132202
78 12.905983209609985
78 12.911473512649536
78 12.915928602218628
78 12.921529293060303
78 12.925997734069824
78 12.931442260742188
78 12.935913324356079
78 12.941379070281982
78 12.945861577987671
78 12.951340675354004
78 12.956747770309448
78 12.962119340896606
78 12.966721534729004
78 12.972117900848389
78 12.976685285568237
78 12.982279777526855
78 12.986754894256592
78 12.992143392562866
78 12.996741533279419
1009 13.005625247955322
