0 0.006058216094970703
0 0.017686843872070312
0 0.022182226181030273
0 0.027796268463134766
0 0.03227591514587402
0 0.03774452209472656
0 0.04354429244995117
0 0.04996061325073242
1 0.061920166015625
2 0.06768441200256348
2 0.07218170166015625
2 0.0778360366821289
2 0.0823206901550293
3 0.08998870849609375
4 0.0945289134979248
4 0.10072493553161621
4 0.10619783401489258
5 0.11183428764343262
6 0.11706352233886719
6 0.12183499336242676
7 0.12708497047424316
7 0.13185334205627441
8 0.1370837688446045
8 0.1418449878692627
9 0.1471400260925293
10 0.15273785591125488
10 0.15812397003173828
11 0.16282296180725098
12 0.16840887069702148
12 0.17299103736877441
13 0.1785132884979248
14 0.18305563926696777
14 0.1886916160583496
15 0.19344449043273926
16 0.19872736930847168
17 0.2043304443359375
17 0.20986080169677734
18 0.2143707275390625
18 0.21988964080810547
20 0.22437667846679688
20 0.2300112247467041
21 0.2345590591430664
22 0.24007725715637207
22 0.24459266662597656
22 0.2500762939453125
24 0.2563133239746094
24 0.2608671188354492
25 0.26639413833618164
26 0.2709472179412842
26 0.27641773223876953
27 0.2809867858886719
28 0.28772640228271484
28 0.2922403812408447
29 0.2977294921875
30 0.30309510231018066
30 0.3086087703704834
31 0.31310534477233887
32 0.318859338760376
32 0.3236234188079834
33 0.328904390335083
34 0.33369016647338867
34 0.33909010887145996
34 0.34384775161743164
36 0.34952521324157715
36 0.35487818717956543
37 0.36033201217651367
37 0.36486315727233887
38 0.3705120086669922
38 0.37552928924560547
39 0.38054513931274414
40 0.38592982292175293
40 0.3905458450317383
40 0.3959388732910156
42 0.40059471130371094
42 0.4074079990386963
42 0.4119913578033447
43 0.41747403144836426
44 0.422015905380249
44 0.42746472358703613
44 0.43199658393859863
45 0.43749213218688965
46 0.44200634956359863
46 0.44751477241516113
46 0.4520542621612549
48 0.46413207054138184
48 0.46988582611083984
48 0.47441911697387695
49 0.48004150390625
50 0.4845600128173828
50 0.4902632236480713
50 0.4947783946990967
51 0.5003054141998291
51 0.5067365169525146
52 0.5111076831817627
52 0.5169491767883301
52 0.5217342376708984
53 0.5271384716033936
54 0.5318882465362549
54 0.5371155738830566
54 0.5418806076049805
54 0.5471439361572266
54 0.5518894195556641
55 0.5581181049346924
56 0.5628371238708496
56 0.5681450366973877
56 0.5728271007537842
56 0.5781409740447998
56 0.5828897953033447
57 0.5885758399963379
58 0.5930891036987305
58 0.598576545715332
58 0.6030981540679932
58 0.6096203327178955
58 0.6141457557678223
59 0.6196379661560059
59 0.6241726875305176
60 0.6296393871307373
60 0.6341989040374756
60 0.6396689414978027
60 0.6442253589630127
60 0.6498422622680664
60 0.6543333530426025
61 0.6605768203735352
61 0.6660592555999756
62 0.6707916259765625
62 0.6762373447418213
62 0.680795431137085
62 0.686225175857544
62 0.6908087730407715
62 0.696237325668335
62 0.7007975578308105
62 0.7062454223632812
63 0.7121620178222656
63 0.7176365852355957
64 0.7221620082855225
64 0.7276287078857422
64 0.732109546661377
64 0.737602949142456
64 0.7421178817749023
64 0.7476365566253662
64 0.7574548721313477
64 0.7636511325836182
65 0.7690706253051758
65 0.7738301753997803
65 0.7790398597717285
65 0.7842583656311035
65 0.7898120880126953
65 0.7943031787872314
65 0.7998051643371582
66 0.804314374923706
66 0.8104684352874756
66 0.8159167766571045
66 0.8205602169036865
66 0.8259460926055908
66 0.8308687210083008
66 0.8363101482391357
66 0.8408830165863037
66 0.846320390701294
66 0.8508763313293457
66 0.8630170822143555
66 0.8686625957489014
66 0.8733780384063721
66 0.8787863254547119
66 0.8835873603820801
66 0.8890938758850098
66 0.893871545791626
66 0.8991117477416992
66 0.9038879871368408
66 0.9091286659240723
66 0.9146513938903809
66 0.9201393127441406
66 0.9246644973754883
66 0.930128812789917
66 0.9346508979797363
66 0.940171480178833
66 0.9446685314178467
66 0.9502906799316406
66 0.954819917678833
66 0.9603095054626465
66 0.9668171405792236
66 0.9716334342956543
66 0.9769017696380615
66 0.9816789627075195
66 0.9869494438171387
66 0.9917128086090088
66 0.9969618320465088
66 1.0017433166503906
66 1.007120132446289
66 1.011864185333252
66 1.0180978775024414
66 1.0226705074310303
66 1.0281212329864502
66 1.0328140258789062
66 1.0380825996398926
66 1.0426526069641113
66 1.0480475425720215
66 1.0526349544525146
66 1.0580453872680664
66 1.0626349449157715
66 1.0691132545471191
66 1.0738677978515625
66 1.0791032314300537
66 1.0839018821716309
66 1.0895488262176514
66 1.0940678119659424
66 1.099522352218628
66 1.1040515899658203
66 1.1094913482666016
66 1.114795207977295
66 1.1202723979949951
66 1.1247894763946533
66 1.1304731369018555
66 1.1354789733886719
66 1.1404764652252197
66 1.1455183029174805
66 1.1505064964294434
66 1.1555163860321045
66 1.1604835987091064
66 1.1668446063995361
66 1.1715903282165527
66 1.1768765449523926
66 1.1816189289093018
66 1.187058448791504
66 1.1918048858642578
66 1.1970133781433105
66 1.2017762660980225
66 1.2070088386535645
66 1.211747646331787
66 1.2181389331817627
66 1.2228455543518066
66 1.228132724761963
66 1.232839584350586
66 1.2381188869476318
66 1.2427430152893066
66 1.2483677864074707
66 1.25296950340271
66 1.264019250869751
66 1.2704136371612549
66 1.27492094039917
66 1.2805547714233398
66 1.2870006561279297
66 1.291780948638916
66 1.2969820499420166
66 1.3017385005950928
66 1.307145595550537
66 1.311887264251709
66 1.3180770874023438
66 1.3228483200073242
66 1.3281152248382568
66 1.3328256607055664
66 1.338122844696045
66 1.342839241027832
66 1.348393201828003
66 1.3529701232910156
66 1.3583567142486572
66 1.3630902767181396
66 1.3697385787963867
66 1.3742525577545166
66 1.3797502517700195
66 1.3842532634735107
66 1.3897364139556885
66 1.3942439556121826
66 1.3997442722320557
66 1.40425443649292
66 1.409698724746704
66 1.414219856262207
66 1.4204044342041016
66 1.4249062538146973
66 1.4305739402770996
66 1.4359729290008545
66 1.4405999183654785
66 1.4459812641143799
66 1.4506056308746338
66 1.4559919834136963
66 1.460601806640625
66 1.4660038948059082
66 1.4716887474060059
66 1.4770948886871338
66 1.481849193572998
66 1.4875249862670898
66 1.4920432567596436
66 1.4975159168243408
66 1.5020403861999512
66 1.5075230598449707
66 1.5120480060577393
66 1.5175609588623047
66 1.5230612754821777
66 1.528515100479126
66 1.5330159664154053
66 1.538419485092163
66 1.543020248413086
66 1.548642873764038
66 1.5531437397003174
66 1.5586235523223877
66 1.5631294250488281
66 1.5686109066009521
66 1.5741791725158691
66 1.5796566009521484
66 1.5841691493988037
66 1.5896260738372803
66 1.5941433906555176
66 1.599646806716919
66 1.604158639907837
66 1.6098053455352783
66 1.6142890453338623
66 1.6197583675384521
66 1.6249539852142334
66 1.630488395690918
66 1.6355116367340088
66 1.6404774188995361
66 1.6455128192901611
66 1.6504807472229004
66 1.6549670696258545
66 1.6671278476715088
66 1.671858549118042
66 1.6783621311187744
66 1.6829874515533447
66 1.6886186599731445
66 1.693120002746582
66 1.698613166809082
66 1.703120231628418
66 1.7086100578308105
66 1.7131240367889404
66 1.7186131477355957
66 1.7240593433380127
66 1.7297310829162598
66 1.7342517375946045
66 1.7398946285247803
66 1.74440336227417
66 1.753782033920288
66 1.7590687274932861
66 1.7638287544250488
66 1.7690932750701904
66 1.7794592380523682
66 1.787710428237915
66 1.798696756362915
66 1.8104677200317383
66 1.819117784500122
66 1.833106279373169
66 1.8460707664489746
66 1.857597827911377
66 1.869873285293579
66 1.8790276050567627
66 1.8897359371185303
66 1.8961234092712402
66 1.9006953239440918
66 1.906172513961792
66 1.9109137058258057
66 1.9163289070129395
66 1.9208836555480957
66 1.9263224601745605
66 1.940359115600586
66 1.950570821762085
66 1.9578659534454346
66 1.9630122184753418
66 1.968662977218628
66 1.9735498428344727
66 1.9787805080413818
66 1.983508586883545
66 1.9887783527374268
66 1.9942831993103027
66 1.999946117401123
66 2.0044326782226562
66 2.0098955631256104
66 2.014378547668457
66 2.0199027061462402
66 2.0243914127349854
66 2.030022144317627
66 2.0345137119293213
66 2.0399818420410156
66 2.0461766719818115
66 2.050743579864502
66 2.056178569793701
66 2.067565441131592
66 2.0721166133880615
66 2.080883741378784
66 2.0863277912139893
66 2.091520309448242
66 2.0978238582611084
66 2.102320909500122
66 2.1077940464019775
66 2.1122629642486572
66 2.117739200592041
66 2.1222598552703857
66 2.127939462661743
66 2.1325149536132812
66 2.1378822326660156
66 2.142371892929077
66 2.1487741470336914
66 2.1535167694091797
66 2.1587958335876465
66 2.163539409637451
66 2.1688382625579834
66 2.1735661029815674
66 2.178818941116333
66 2.183546543121338
66 2.188802480697632
66 2.193551778793335
66 2.1997392177581787
66 2.2042453289031982
66 2.2098801136016846
66 2.2144370079040527
66 2.2199082374572754
66 2.224404811859131
66 2.229853630065918
66 2.23433780670166
66 2.2397782802581787
66 2.2443134784698486
66 2.250450372695923
66 2.2549140453338623
66 2.260557174682617
66 2.265928268432617
66 2.2706661224365234
66 2.2761383056640625
66 2.2807037830352783
66 2.287024736404419
66 2.2917897701263428
66 2.2969977855682373
66 2.3026044368743896
66 2.3079941272735596
66 2.3125483989715576
66 2.3179397583007812
66 2.322571039199829
66 2.328106164932251
66 2.332740068435669
66 2.338047742843628
66 2.3425965309143066
66 2.3480281829833984
66 2.353668689727783
66 2.3589465618133545
66 2.363698720932007
66 2.3689472675323486
66 2.373708963394165
66 2.378931999206543
66 2.3837027549743652
66 2.3891313076019287
66 2.393887758255005
66 2.3991172313690186
66 2.404550552368164
66 2.4100310802459717
66 2.4145333766937256
66 2.4200098514556885
66 2.4245197772979736
66 2.4300076961517334
66 2.434523105621338
66 2.440007448196411
66 2.44449782371521
66 2.4508726596832275
66 2.456392288208008
66 2.4676673412323
66 2.4721975326538086
66 2.4778287410736084
66 2.4823060035705566
66 2.4878954887390137
66 2.49239444732666
66 2.497884511947632
66 2.5035853385925293
66 2.508986711502075
66 2.5137264728546143
66 2.519103765487671
66 2.523874282836914
66 2.529132604598999
66 2.533872127532959
66 2.5391063690185547
66 2.5439066886901855
66 2.5491297245025635
66 2.5546157360076904
66 2.560119867324829
66 2.5645954608917236
66 2.5702433586120605
66 2.574733257293701
66 2.5801784992218018
66 2.584677219390869
66 2.590149164199829
66 2.5946435928344727
66 2.600111722946167
66 2.6062850952148438
66 2.6108477115631104
66 2.6162731647491455
66 2.6208372116088867
66 2.626246213912964
66 2.630950450897217
66 2.636392593383789
66 2.640939474105835
66 2.646409034729004
66 2.6514487266540527
66 2.657740831375122
66 2.662219524383545
66 2.6676595211029053
66 2.6721487045288086
66 2.677642345428467
66 2.6821236610412598
66 2.687739133834839
66 2.692215919494629
66 2.6976704597473145
66 2.7021737098693848
66 2.7086257934570312
66 2.7131309509277344
66 2.718623399734497
66 2.7231218814849854
66 2.728609561920166
66 2.7331364154815674
66 2.7386586666107178
66 2.743389368057251
66 2.753065824508667
66 2.7598204612731934
66 2.7643160820007324
66 2.7699317932128906
66 2.7744269371032715
66 2.780134439468384
66 2.7846240997314453
66 2.7901785373687744
66 2.7946577072143555
66 2.8001275062561035
66 2.8046350479125977
66 2.8109686374664307
66 2.816624402999878
66 2.820970058441162
66 2.8263931274414062
66 2.8309390544891357
66 2.8363919258117676
66 2.8409423828125
66 2.846409559249878
66 2.850942373275757
66 2.857574939727783
66 2.8704874515533447
66 2.8755030632019043
66 2.8806345462799072
66 2.8860294818878174
66 2.8916146755218506
66 2.898002862930298
66 2.9025955200195312
66 2.909055471420288
66 2.9138312339782715
66 2.919779062271118
66 2.9242827892303467
66 2.9299232959747314
66 2.934392213821411
66 2.9398488998413086
66 2.9443202018737793
66 2.9497995376586914
66 2.954267740249634
66 2.960505723953247
66 2.9655117988586426
66 2.9705188274383545
66 2.975904703140259
66 2.9805445671081543
66 2.9859275817871094
66 2.9906859397888184
66 2.996145248413086
66 3.000685691833496
66 3.0061228275299072
66 3.011829376220703
66 3.0170366764068604
66 3.021780252456665
66 3.026998996734619
66 3.031747341156006
66 3.0371391773223877
66 3.0418784618377686
66 3.0475220680236816
66 3.052032709121704
66 3.0574686527252197
66 3.062863826751709
66 3.068150758743286
66 3.072840929031372
66 3.078136444091797
66 3.082817792892456
66 3.0880672931671143
66 3.0926427841186523
66 3.0980677604675293
66 3.1026620864868164
66 3.1083340644836426
66 3.1139914989471436
66 3.1194612979888916
66 3.124040365219116
66 3.1294987201690674
66 3.134039878845215
66 3.1395246982574463
66 3.1440422534942627
66 3.149505853652954
66 3.1540448665618896
66 3.159517288208008
66 3.164835214614868
66 3.1704957485198975
66 3.1754934787750244
66 3.1805098056793213
66 3.1855244636535645
66 3.190487861633301
66 3.195481538772583
66 3.200460433959961
66 3.2049365043640137
66 3.2104403972625732
66 3.216792583465576
66 3.2214293479919434
66 3.226968288421631
66 3.2317259311676025
66 3.2369773387908936
66 3.241729974746704
66 3.246953010559082
66 3.2516818046569824
66 3.2569186687469482
66 3.268744468688965
66 3.2735233306884766
66 3.2789230346679688
66 3.2836761474609375
66 3.2900843620300293
66 3.2945845127105713
66 3.3003296852111816
66 3.3048267364501953
66 3.3103091716766357
66 3.3166615962982178
66 3.321061134338379
66 3.326688766479492
66 3.331096649169922
66 3.3367440700531006
66 3.341088056564331
66 3.346885919570923
66 3.351672410964966
66 3.3569202423095703
66 3.361670970916748
66 3.3679420948028564
66 3.3724992275238037
66 3.3779311180114746
66 3.382406234741211
66 3.387873888015747
66 3.392366886138916
66 3.3978054523468018
66 3.4022772312164307
66 3.407911539077759
66 3.4123897552490234
66 3.4188406467437744
66 3.423591375350952
66 3.4289968013763428
66 3.4337315559387207
66 3.439004421234131
66 3.443732261657715
66 3.4490163326263428
66 3.453744649887085
66 3.458958625793457
66 3.4637396335601807
66 3.4700849056243896
66 3.47459077835083
66 3.4800500869750977
66 3.4845523834228516
66 3.4900434017181396
66 3.4945874214172363
66 3.500053644180298
66 3.5045511722564697
66 3.5100202560424805
66 3.51452898979187
66 3.520752191543579
66 3.5262012481689453
66 3.5309035778045654
66 3.5363216400146484
66 3.5408644676208496
66 3.546304702758789
66 3.5508370399475098
66 3.5562195777893066
66 3.560929536819458
66 3.566356897354126
66 3.5720746517181396
66 3.5775234699249268
66 3.5820534229278564
66 3.5876803398132324
66 3.5921595096588135
66 3.5976405143737793
66 3.6021387577056885
66 3.6076111793518066
66 3.6121034622192383
66 3.61759877204895
66 3.623065233230591
66 3.6284101009368896
66 3.632993221282959
66 3.6383965015411377
66 3.642969846725464
66 3.64860200881958
66 3.6530728340148926
66 3.6585235595703125
66 3.6702499389648438
66 3.6747994422912598
66 3.6804349422454834
66 3.684938907623291
66 3.690675735473633
66 3.6961376667022705
66 3.700831174850464
66 3.70625901222229
66 3.7109546661376953
66 3.716398000717163
66 3.722137928009033
66 3.7276110649108887
66 3.7320995330810547
66 3.7375705242156982
66 3.7421011924743652
66 3.747593402862549
66 3.752127170562744
66 3.7577009201049805
66 3.7621676921844482
66 3.7677907943725586
66 3.773522138595581
66 3.7787868976593018
66 3.7835071086883545
66 3.7887661457061768
66 3.7935025691986084
66 3.7987542152404785
66 3.8035130500793457
66 3.8087854385375977
66 3.8135268688201904
66 3.818943977355957
66 3.824464797973633
66 3.830082654953003
66 3.834576368331909
66 3.840071201324463
66 3.844590902328491
66 3.850055456161499
66 3.854543924331665
66 3.859989643096924
66 3.864485502243042
66 3.869961738586426
66 3.8760530948638916
66 3.8806517124176025
66 3.8860788345336914
66 3.8908138275146484
66 3.8962583541870117
66 3.9008007049560547
66 3.906222343444824
66 3.9129042625427246
66 3.9185221195220947
66 3.9240684509277344
66 3.9296984672546387
66 3.9342262744903564
66 3.9399070739746094
66 3.944416046142578
66 3.950052261352539
66 3.9545674324035645
66 3.9600460529327393
66 3.9645776748657227
66 3.970052719116211
66 3.97615122795105
66 3.9807302951812744
66 3.9861645698547363
66 3.990725517272949
66 3.9961750507354736
66 4.000746965408325
66 4.006161451339722
66 4.010904312133789
66 4.016310453414917
66 4.020864009857178
66 4.027528524398804
66 4.032020330429077
66 4.037484645843506
66 4.0419769287109375
66 4.047436952590942
66 4.051960468292236
66 4.057425260543823
66 4.06194806098938
66 4.0731041431427
66 4.082887649536133
66 4.088508605957031
66 4.093013286590576
66 4.098603963851929
66 4.103103876113892
66 4.1086266040802
66 4.113116025924683
66 4.118601560592651
66 4.123130559921265
66 4.129743576049805
66 4.1342432498931885
66 4.139724493026733
66 4.144284725189209
66 4.149766683578491
66 4.154272556304932
66 4.159735441207886
66 4.164240598678589
66 4.169743776321411
66 4.174246072769165
66 4.180495977401733
66 4.185478687286377
66 4.1906208992004395
66 4.196025848388672
66 4.200619220733643
66 4.206029415130615
66 4.210798025131226
66 4.216254234313965
66 4.220799207687378
66 4.226201057434082
66 4.231882095336914
66 4.237133502960205
66 4.241865396499634
66 4.247455358505249
66 4.251965284347534
66 4.257421255111694
66 4.261937141418457
66 4.267467737197876
66 4.2719926834106445
66 4.2774529457092285
66 4.282975196838379
66 4.289095640182495
66 4.29388165473938
66 4.299129247665405
66 4.303891897201538
66 4.309516191482544
66 4.314028978347778
66 4.319474935531616
66 4.324055194854736
66 4.330201148986816
66 4.334699392318726
66 4.3403120040893555
66 4.344804525375366
66 4.350291728973389
66 4.354795455932617
66 4.360260248184204
66 4.364737272262573
66 4.370364189147949
66 4.374866485595703
66 4.380975008010864
66 4.3866822719573975
66 4.391059160232544
66 4.396698474884033
66 4.401113271713257
66 4.40674352645874
66 4.411113977432251
66 4.416749715805054
66 4.4210827350616455
66 4.42689061164856
66 4.432528257369995
66 4.437939643859863
66 4.44240140914917
66 4.447836875915527
66 4.4522786140441895
66 4.457742691040039
66 4.462225675582886
66 4.473653078079224
66 4.479031324386597
66 4.484583377838135
66 4.490325927734375
66 4.494843006134033
66 4.500456809997559
66 4.5049660205841064
66 4.51042628288269
66 4.514933347702026
66 4.520441055297852
66 4.524930238723755
66 4.530414342880249
66 4.536747694015503
66 4.541079521179199
66 4.546913146972656
66 4.55171799659729
66 4.556945085525513
66 4.5616655349731445
66 4.566920757293701
66 4.571643829345703
66 4.576918840408325
66 4.581667900085449
66 4.587940692901611
66 4.592541456222534
66 4.598074674606323
66 4.602632761001587
66 4.608290195465088
66 4.6128621101379395
66 4.61813759803772
66 4.622795581817627
66 4.62805700302124
66 4.632636308670044
66 4.638998985290527
66 4.643750429153442
66 4.648955345153809
66 4.653676748275757
66 4.658915281295776
66 4.663675308227539
66 4.669064044952393
66 4.673839330673218
66 4.679062604904175
66 4.684512138366699
66 4.690011978149414
66 4.694564342498779
66 4.700045824050903
66 4.70455265045166
66 4.710176229476929
66 4.714671850204468
66 4.720130920410156
66 4.724669933319092
66 4.730298042297363
66 4.736677885055542
66 4.741067409515381
66 4.746735572814941
66 4.75110936164856
66 4.7568323612213135
66 4.761557102203369
66 4.7668297290802
66 4.771559476852417
66 4.776825666427612
66 4.781586408615112
66 4.788180589675903
66 4.792898178100586
66 4.7982964515686035
66 4.802887916564941
66 4.80816650390625
66 4.812881708145142
66 4.818152666091919
66 4.82284688949585
66 4.828119277954102
66 4.8327414989471436
66 4.839007616043091
66 4.843753814697266
66 4.849125146865845
66 4.853907823562622
66 4.8595356941223145
66 4.864050626754761
66 4.87597918510437
66 4.880712509155273
66 4.886133909225464
66 4.8920440673828125
66 4.89765739440918
66 4.902145862579346
66 4.9077537059783936
66 4.912242889404297
66 4.917691230773926
66 4.922172546386719
66 4.927614688873291
66 4.9321184158325195
66 4.93759822845459
66 4.94307017326355
66 4.948578119277954
66 4.953079462051392
66 4.9585044384002686
66 4.963011264801025
66 4.9686219692230225
66 4.9731385707855225
66 4.978631019592285
66 4.983143091201782
66 4.989746332168579
66 4.994260787963867
66 4.999737501144409
66 5.0042455196380615
66 5.009735822677612
66 5.014233350753784
66 5.019687175750732
66 5.024213552474976
66 5.0298378467559814
66 5.034330368041992
66 5.040415525436401
66 5.044919967651367
66 5.050371885299683
66 5.054880619049072
66 5.060321569442749
66 5.064858436584473
66 5.07030463218689
66 5.074781656265259
66 5.080265522003174
66 5.084765434265137
66 5.091567516326904
66 5.096834897994995
66 5.10155177116394
66 5.106813192367554
66 5.11155104637146
66 5.1169703006744385
66 5.121738433837891
66 5.126954555511475
66 5.131703615188599
66 5.136934518814087
66 5.1424126625061035
66 5.148030757904053
66 5.152616262435913
66 5.158005237579346
66 5.162572145462036
66 5.167951583862305
66 5.172525644302368
66 5.177921295166016
66 5.182397127151489
66 5.1879003047943115
66 5.193621397018433
66 5.19884181022644
66 5.203578472137451
66 5.209002733230591
66 5.2137250900268555
66 5.218966245651245
66 5.223680019378662
66 5.228931188583374
66 5.233683824539185
66 5.238947629928589
66 5.244470119476318
66 5.250079870223999
66 5.254580497741699
66 5.260043144226074
66 5.264566659927368
66 5.276852130889893
66 5.281609296798706
66 5.28792405128479
66 5.292410850524902
66 5.298877239227295
66 5.303645372390747
66 5.3088648319244385
66 5.313621997833252
66 5.318871259689331
66 5.323614120483398
66 5.329004526138306
66 5.333745718002319
66 5.338946104049683
66 5.3444294929504395
66 5.349982261657715
66 5.354468584060669
66 5.3599419593811035
66 5.364431858062744
66 5.3699095249176025
66 5.374385595321655
66 5.380037546157837
66 5.384544849395752
66 5.390152215957642
66 5.3963282108306885
66 5.4008872509002686
66 5.406339168548584
66 5.410902976989746
66 5.416322708129883
66 5.420869588851929
66 5.426315784454346
66 5.4308881759643555
66 5.436338901519775
66 5.440870523452759
66 5.447646141052246
66 5.452142715454102
66 5.457617282867432
66 5.46211051940918
66 5.467575788497925
66 5.4720940589904785
66 5.477558851242065
66 5.482058048248291
66 5.487563133239746
66 5.492089033126831
66 5.498403787612915
66 5.502988576889038
66 5.508610963821411
66 5.513120174407959
66 5.518603086471558
66 5.523133754730225
66 5.528595447540283
66 5.533098936080933
66 5.538599014282227
66 5.543101787567139
66 5.5495781898498535
66 5.554086923599243
66 5.559557199478149
66 5.56408166885376
66 5.569701671600342
66 5.574226379394531
66 5.579730272293091
66 5.584238529205322
66 5.589698314666748
66 5.594235420227051
66 5.60045862197876
66 5.604942083358765
66 5.6104302406311035
66 5.614922046661377
66 5.620398759841919
66 5.624895095825195
66 5.630519390106201
66 5.635554313659668
66 5.640664100646973
66 5.646093130111694
66 5.651822566986084
66 5.657028675079346
66 5.6617958545684814
66 5.6670238971710205
66 5.678086996078491
66 5.6826701164245605
66 5.688391923904419
66 5.693008661270142
66 5.698637247085571
66 5.704050064086914
66 5.709508180618286
66 5.714035511016846
66 5.719512462615967
66 5.724029302597046
66 5.729465007781982
66 5.734019756317139
66 5.739507675170898
66 5.744038105010986
66 5.749670743942261
66 5.754974842071533
66 5.760581970214844
66 5.7659687995910645
66 5.770759582519531
66 5.7762157917022705
66 5.780783176422119
66 5.7862114906311035
66 5.790780782699585
66 5.796200513839722
66 5.8018739223480225
66 5.807532548904419
66 5.812045574188232
66 5.817464351654053
66 5.821948766708374
66 5.82738995552063
66 5.831892490386963
66 5.837154388427734
66 5.841874361038208
66 5.847115993499756
66 5.852820873260498
66 5.858135223388672
66 5.8628222942352295
66 5.86837100982666
66 5.87293553352356
66 5.878348112106323
66 5.882922887802124
66 5.88832950592041
66 5.892956256866455
66 5.898573875427246
66 5.904076337814331
66 5.909522771835327
66 5.914043664932251
66 5.919507026672363
66 5.924039840698242
66 5.929671287536621
66 5.9341959953308105
66 5.939659357070923
66 5.944169282913208
66 5.9496636390686035
66 5.9548563957214355
66 5.960324764251709
66 5.964818954467773
66 5.970263957977295
66 5.974763870239258
66 5.98024320602417
66 5.984713554382324
66 5.996827125549316
66 6.001581192016602
66 6.007869482040405
66 6.012330770492554
66 6.01774525642395
66 6.022223711013794
66 6.027833700180054
66 6.032271862030029
66 6.03774881362915
66 6.042236328125
66 6.047860860824585
66 6.052378416061401
66 6.058787822723389
66 6.063556432723999
66 6.073727130889893
66 6.080158472061157
66 6.084655523300171
66 6.090301990509033
66 6.094799995422363
66 6.100439786911011
66 6.106943368911743
66 6.1117095947265625
66 6.116976261138916
66 6.124799489974976
66 6.130276679992676
66 6.134757041931152
66 6.140234470367432
66 6.144759654998779
66 6.15024995803833
66 6.154742002487183
66 6.1611168384552
66 6.166916370391846
66 6.171712398529053
66 6.176953315734863
66 6.181680202484131
66 6.186908006668091
66 6.1916584968566895
66 6.196913957595825
66 6.201679944992065
66 6.206958532333374
66 6.212580919265747
66 6.21794056892395
66 6.222406387329102
66 6.228000640869141
66 6.232554912567139
66 6.237929344177246
66 6.242400884628296
66 6.247875452041626
66 6.252409219741821
66 6.258868932723999
66 6.263689994812012
66 6.268880605697632
66 6.273630380630493
66 6.278846263885498
66 6.283594608306885
66 6.289934873580933
66 6.294415473937988
66 6.299884557723999
66 6.304442882537842
66 6.310658931732178
66 6.316123962402344
66 6.320677995681763
66 6.326107978820801
66 6.33065938949585
66 6.3360435962677
66 6.3406455516815186
66 6.346069574356079
66 6.350784778594971
66 6.356194019317627
66 6.361802339553833
66 6.367075443267822
66 6.371812105178833
66 6.3770246505737305
66 6.38176703453064
66 6.386977910995483
66 6.39168906211853
66 6.396929979324341
66 6.401675701141357
66 6.407154321670532
66 6.412903070449829
66 6.418529748916626
66 6.423019647598267
66 6.428526163101196
66 6.433054685592651
66 6.438519477844238
66 6.443015813827515
66 6.448399782180786
66 6.452972412109375
66 6.458367109298706
66 6.464025020599365
66 6.473855972290039
66 6.4804651737213135
66 6.484956741333008
66 6.490627288818359
66 6.49601149559021
66 6.5007734298706055
66 6.506236553192139
66 6.510921478271484
66 6.5175206661224365
66 6.5220255851745605
66 6.52766489982605
66 6.5321409702301025
66 6.537608861923218
66 6.54210090637207
66 6.547746419906616
66 6.552218437194824
66 6.557678937911987
66 6.563135862350464
66 6.5686585903167725
66 6.573435306549072
66 6.57867956161499
66 6.583379030227661
66 6.58879542350769
66 6.593540668487549
66 6.598755359649658
66 6.603516340255737
66 6.608751535415649
66 6.6142027378082275
66 6.619694471359253
66 6.6328513622283936
66 6.638154745101929
66 6.642863988876343
66 6.648401498794556
66 6.653599262237549
66 6.658825635910034
66 6.664238929748535
66 6.6817991733551025
66 6.700754880905151
66 6.706206321716309
66 6.710906028747559
66 6.717590570449829
66 6.72357964515686
66 6.7381250858306885
66 6.743510484695435
66 6.752216339111328
66 6.757755517959595
66 6.762250900268555
66 6.7690346240997314
66 6.77379298210144
66 6.779004096984863
66 6.783749580383301
66 6.791004657745361
66 6.79640793800354
66 6.800947904586792
66 6.806345701217651
66 6.811888694763184
66 6.818055152893066
66 6.82266902923584
66 6.828296184539795
66 6.832882881164551
66 6.838186025619507
66 6.842890501022339
66 6.848159313201904
66 6.8528430461883545
66 6.858113050460815
66 6.862735748291016
66 6.868887186050415
66 6.879138708114624
66 6.8848960399627686
66 6.890611886978149
66 6.896012306213379
66 6.900798082351685
66 6.906210899353027
66 6.9109086990356445
66 6.916332483291626
66 6.922059059143066
66 6.927556991577148
66 6.932053565979004
66 6.937676668167114
66 6.942160129547119
66 6.947748899459839
66 6.952225208282471
66 6.957698583602905
66 6.962172031402588
66 6.967638254165649
66 6.973048210144043
66 6.978512525558472
66 6.983035564422607
66 6.988492965698242
66 6.993010997772217
66 6.998393535614014
66 7.0029685497283936
66 7.0085883140563965
66 7.01312780380249
66 7.01861572265625
66 7.02403450012207
66 7.029491662979126
66 7.034036874771118
66 7.039491176605225
66 7.044037103652954
66 7.049471139907837
66 7.05401873588562
66 7.059496641159058
66 7.064042806625366
66 7.069730281829834
66 7.0755226612091064
66 7.0805158615112305
66 7.085979700088501
66 7.090605020523071
66 7.096017599105835
66 7.1005988121032715
66 7.106000661849976
66 7.110618352890015
66 7.116012334823608
66 7.1217429637908936
66 7.127376079559326
66 7.131905794143677
66 7.137125015258789
66 7.141850233078003
66 7.147063255310059
66 7.1518073081970215
66 7.157028436660767
66 7.161770820617676
66 7.166982173919678
66 7.1724138259887695
66 7.177920579910278
66 7.182411193847656
66 7.188048601150513
66 7.19260835647583
66 7.198131799697876
66 7.202818393707275
66 7.20807957649231
66 7.212666749954224
66 7.2180352210998535
66 7.223704099655151
66 7.2289698123931885
66 7.233726739883423
66 7.2389421463012695
66 7.243713855743408
66 7.24909520149231
66 7.253881931304932
66 7.259081125259399
66 7.2638771533966064
66 7.269127368927002
66 7.280910015106201
66 7.287665367126465
66 7.2921576499938965
66 7.2977824211120605
66 7.302261590957642
66 7.307971954345703
66 7.312539577484131
66 7.317920684814453
66 7.32240891456604
66 7.329022645950317
66 7.333760499954224
66 7.338980197906494
66 7.343710422515869
66 7.3489203453063965
66 7.353688716888428
66 7.358912467956543
66 7.3636674880981445
66 7.369089603424072
66 7.373847961425781
66 7.380054235458374
66 7.384577751159668
66 7.390039682388306
66 7.394566774368286
66 7.4000537395477295
66 7.404567718505859
66 7.410063982009888
66 7.414567708969116
66 7.4200544357299805
66 7.4245665073394775
66 7.430807590484619
66 7.436231374740601
66 7.4407947063446045
66 7.446221828460693
66 7.450788497924805
66 7.456202983856201
66 7.460907459259033
66 7.46631383895874
66 7.470881223678589
66 7.476304054260254
66 7.481942892074585
66 7.487563848495483
66 7.492056369781494
66 7.497537612915039
66 7.50202751159668
66 7.507481336593628
66 7.5120038986206055
66 7.5174641609191895
66 7.5219995975494385
66 7.5281596183776855
66 7.532912731170654
66 7.538308143615723
66 7.542897939682007
66 7.548492670059204
66 7.553009986877441
66 7.55851149559021
66 7.563004970550537
66 7.568394422531128
66 7.572973966598511
66 7.5794148445129395
66 7.5926549434661865
66 7.598342657089233
66 7.603717803955078
66 7.609440326690674
66 7.613977670669556
66 7.619594573974609
66 7.624613285064697
66 7.630815267562866
66 7.636248588562012
66 7.64079475402832
66 7.64620304107666
66 7.650792837142944
66 7.6586012840271
66 7.663088798522949
66 7.668734073638916
66 7.678800582885742
66 7.686315059661865
66 7.690979719161987
66 7.696429014205933
66 7.701565504074097
66 7.706984281539917
66 7.711742401123047
66 7.717113971710205
66 7.721846103668213
66 7.727483034133911
66 7.732975721359253
66 7.738355398178101
66 7.7429327964782715
66 7.7483069896698
66 7.757735967636108
66 7.762226343154907
66 7.767695188522339
66 7.77217435836792
66 7.778136491775513
66 7.784696578979492
66 7.790297269821167
66 7.794792413711548
66 7.800693988800049
66 7.806157827377319
66 7.810745477676392
66 7.816196918487549
66 7.82076096534729
66 7.826181888580322
66 7.83074951171875
66 7.8371100425720215
66 7.841843843460083
66 7.847473859786987
66 7.851992130279541
66 7.857470750808716
66 7.861998081207275
66 7.867522954940796
66 7.872020721435547
66 7.877472877502441
66 7.882946252822876
66 7.888509035110474
66 7.893052339553833
66 7.898539304733276
66 7.903043746948242
66 7.908679246902466
66 7.9133946895599365
66 7.918640613555908
66 7.92315411567688
66 7.928617238998413
66 7.934051752090454
66 7.939527988433838
66 7.944043159484863
66 7.949484348297119
66 7.954037427902222
66 7.959484338760376
66 7.9640257358551025
66 7.9696574211120605
66 7.9741809368133545
66 7.979799509048462
66 7.985534429550171
66 7.990519762039185
66 7.995547294616699
66 8.0005202293396
66 8.005533456802368
66 8.010547161102295
66 8.015934228897095
66 8.020563125610352
66 8.025951862335205
66 8.030713081359863
66 8.037415027618408
66 8.04193377494812
66 8.047428607940674
66 8.051957607269287
66 8.057389974594116
66 8.061901807785034
66 8.06716275215149
66 8.07190489768982
66 8.08274507522583
66 8.08949875831604
66 8.09402871131897
66 8.09964919090271
66 8.104167699813843
66 8.109892845153809
66 8.114382028579712
66 8.119872093200684
66 8.124445915222168
66 8.129903793334961
66 8.134380102157593
66 8.140576601028442
66 8.14595365524292
66 8.150749206542969
66 8.156171560287476
66 8.160746097564697
66 8.166187524795532
66 8.17074203491211
66 8.176195621490479
66 8.180771350860596
66 8.18619966506958
66 8.191899061203003
66 8.19713044166565
66 8.201868295669556
66 8.207520484924316
66 8.212035655975342
66 8.217506647109985
66 8.222020864486694
66 8.227473974227905
66 8.23198914527893
66 8.241936206817627
66 8.247397422790527
66 8.25192141532898
66 8.257140159606934
66 8.261868715286255
66 8.267560720443726
66 8.27206826210022
66 8.277525424957275
66 8.282024383544922
66 8.288176536560059
66 8.293843269348145
66 8.299082517623901
66 8.303839445114136
66 8.309061050415039
66 8.31382441520691
66 8.31901478767395
66 8.323777675628662
66 8.32943606376648
66 8.333980560302734
66 8.340026378631592
66 8.34462833404541
66 8.350117683410645
66 8.354597568511963
66 8.360061883926392
66 8.364567518234253
66 8.370238304138184
66 8.374780893325806
66 8.380269050598145
66 8.384769916534424
66 8.391581535339355
66 8.396833896636963
66 8.401569366455078
66 8.406819105148315
66 8.411581754684448
66 8.416826009750366
66 8.421591520309448
66 8.434940576553345
66 8.441629886627197
66 8.447094917297363
66 8.451846837997437
66 8.457785367965698
66 8.462262153625488
66 8.467741012573242
66 8.472223997116089
66 8.483619451522827
66 8.489011526107788
66 8.49622654914856
66 8.501081943511963
66 8.5069899559021
66 8.511740446090698
66 8.517643928527832
66 8.522100687026978
66 8.529717445373535
66 8.53423023223877
66 8.53970980644226
66 8.546395778656006
66 8.55094838142395
66 8.556387424468994
66 8.560908555984497
66 8.566367626190186
66 8.571086168289185
66 8.576729536056519
66 8.589903831481934
66 8.596107482910156
66 8.609447002410889
66 8.613995790481567
66 8.619906902313232
66 8.641666412353516
66 8.652331352233887
66 8.684177875518799
66 8.719806671142578
66 8.730936050415039
66 8.779046535491943
66 8.796774864196777
66 8.808868408203125
66 8.819978713989258
66 8.824453115463257
66 8.829926490783691
66 8.834410429000854
66 8.840269327163696
66 8.844778776168823
66 8.851032972335815
66 8.856678485870361
66 8.861050367355347
66 8.866832494735718
66 8.87159276008606
66 8.90434217453003
66 8.914844751358032
66 8.926134824752808
66 8.932275772094727
66 8.940943002700806
66 8.954392910003662
66 8.960726737976074
66 8.966849088668823
66 8.973703384399414
66 8.978934288024902
66 8.983682870864868
66 8.989071607589722
66 8.994271993637085
66 9.009430885314941
66 9.014419794082642
66 9.028131484985352
66 9.033561706542969
66 9.049777030944824
66 9.056848049163818
66 9.061670064926147
66 9.067060708999634
66 9.072184085845947
66 9.077664852142334
66 9.082142353057861
66 9.087608814239502
66 9.092114210128784
66 9.097574949264526
66 9.10421109199524
66 9.110581636428833
66 9.11599612236023
66 9.12060546875
66 9.12640118598938
66 9.13093876838684
66 9.136370658874512
66 9.14091420173645
66 9.146363496780396
66 9.151073694229126
66 9.157679557800293
66 9.162168741226196
66 9.167783498764038
66 9.172292709350586
66 9.177739143371582
66 9.18223237991333
66 9.187700986862183
66 9.192184209823608
66 9.197634220123291
66 9.202171087265015
66 9.208492040634155
66 9.212992191314697
66 9.21837306022644
66 9.222960948944092
66 9.228607416152954
66 9.23310375213623
66 9.238578081130981
66 9.243070602416992
66 9.248525857925415
66 9.253037214279175
66 9.259457349777222
66 9.264019012451172
66 9.269469022750854
66 9.274020195007324
66 9.287041187286377
66 9.291814804077148
66 9.297468185424805
66 9.302001953125
66 9.307602167129517
66 9.313106298446655
66 9.318596363067627
66 9.323104858398438
66 9.328598260879517
66 9.333094835281372
66 9.338611602783203
66 9.343122720718384
66 9.348766803741455
66 9.35351276397705
66 9.359699487686157
66 9.364255428314209
66 9.369747400283813
66 9.374233722686768
66 9.379708766937256
66 9.384225606918335
66 9.389729261398315
66 9.394238948822021
66 9.399727582931519
66 9.404223680496216
66 9.410507917404175
66 9.415554285049438
66 9.42051386833191
66 9.426000833511353
66 9.430593490600586
66 9.43597149848938
66 9.440586805343628
66 9.44597315788269
66 9.450589895248413
66 9.456027030944824
66 9.461819171905518
66 9.467383623123169
66 9.471903800964355
66 9.477113723754883
66 9.481858968734741
66 9.48713231086731
66 9.491853952407837
66 9.497062683105469
66 9.501801013946533
66 9.50701093673706
66 9.512656688690186
66 9.51803708076477
66 9.522605180740356
66 9.528136253356934
66 9.532817125320435
66 9.538359880447388
66 9.542940139770508
66 9.548299551010132
66 9.552916049957275
66 9.558293104171753
66 9.563789367675781
66 9.569064855575562
66 9.573816299438477
66 9.579025745391846
66 9.583800315856934
66 9.58937954902649
66 9.593924045562744
66 9.599383115768433
66 9.603919744491577
66 9.609411239624023
66 9.614731550216675
66 9.620177268981934
66 9.624670267105103
66 9.630144834518433
66 9.63463568687439
66 9.64008641242981
66 9.644577980041504
66 9.650199890136719
66 9.654699325561523
66 9.660161018371582
66 9.666278600692749
66 9.6709885597229
66 9.676619291305542
66 9.687990188598633
66 9.692553758621216
66 9.698062181472778
66 9.702651023864746
66 9.708385944366455
66 9.71297574043274
66 9.719419717788696
66 9.723977088928223
66 9.729432582855225
66 9.733985185623169
66 9.739471435546875
66 9.744044303894043
66 9.753726482391357
66 9.759408950805664
66 9.763973951339722
66 9.770527839660645
66 9.77598524093628
66 9.780733823776245
66 9.786171674728394
66 9.790726661682129
66 9.796196699142456
66 9.80091667175293
66 9.806366205215454
66 9.810918092727661
66 9.81753921508789
66 9.822047233581543
66 9.82956075668335
66 9.834115266799927
66 9.839588642120361
66 9.844124794006348
66 9.85002088546753
66 9.856390953063965
66 9.860953092575073
66 9.867562770843506
66 9.8721022605896
66 9.878032684326172
66 9.882591247558594
66 9.888123512268066
66 9.892746686935425
66 9.898056983947754
66 9.902646780014038
66 9.90803337097168
66 9.91256856918335
66 9.918855667114258
66 9.923681020736694
66 9.929066181182861
66 9.933881044387817
66 9.93911623954773
66 9.943875312805176
66 9.949487447738647
66 9.954018354415894
66 9.959476709365845
66 9.96404242515564
66 9.970274925231934
66 9.974801301956177
66 9.980276107788086
66 9.984766244888306
66 9.990254402160645
66 9.99475383758545
66 10.000205039978027
66 10.004711627960205
66 10.010319471359253
66 10.014835834503174
66 10.021004915237427
66 10.0266273021698
66 10.030974626541138
66 10.036415815353394
66 10.040962219238281
66 10.04663610458374
66 10.051018953323364
66 10.056832790374756
66 10.061614036560059
66 10.067004442214966
66 10.07254147529602
66 10.07796335220337
66 10.088947772979736
66 10.093708992004395
66 10.099103450775146
66 10.103862524032593
66 10.109509468078613
66 10.114037275314331
66 10.119643926620483
66 10.124935388565063
66 10.130613088607788
66 10.136002540588379
66 10.140608072280884
66 10.146056175231934
66 10.15064525604248
66 10.156055927276611
66 10.16067910194397
66 10.1660897731781
66 10.171846389770508
66 10.177109718322754
66 10.181854963302612
66 10.187535285949707
66 10.192033529281616
66 10.197498321533203
66 10.20201301574707
66 10.207501411437988
66 10.212016105651855
66 10.217506647109985
66 10.222925662994385
66 10.228352546691895
66 10.232922792434692
66 10.23829984664917
66 10.24291205406189
66 10.24854826927185
66 10.253068923950195
66 10.258534669876099
66 10.26301646232605
66 10.268486738204956
66 10.274062633514404
66 10.279499530792236
66 10.284051179885864
66 10.29017424583435
66 10.294670343399048
66 10.300119400024414
66 10.304638147354126
66 10.310271263122559
66 10.314765214920044
66 10.320404291152954
66 10.32680058479309
66 10.33144998550415
66 10.336809873580933
66 10.34156847000122
66 10.346813678741455
66 10.351568460464478
66 10.356835842132568
66 10.361579656600952
66 10.3669912815094
66 10.371721506118774
66 10.37803602218628
66 10.38261365890503
66 10.388008832931519
66 10.39261770248413
66 10.398005485534668
66 10.402555704116821
66 10.40794849395752
66 10.412508487701416
66 10.417919635772705
66 10.422395706176758
66 10.42900013923645
66 10.433744192123413
66 10.438971519470215
66 10.443721771240234
66 10.449161529541016
66 10.453924179077148
66 10.45915150642395
66 10.46390676498413
66 10.469128847122192
66 10.47390079498291
66 10.480128765106201
66 10.491029024124146
66 10.496818542480469
66 10.501586437225342
66 10.50704026222229
66 10.511802673339844
66 10.517379999160767
66 10.521909952163696
66 10.528101205825806
66 10.532830715179443
66 10.53809142112732
66 10.542656421661377
66 10.548178672790527
66 10.552885293960571
66 10.55818796157837
66 10.567003965377808
66 10.571754693984985
66 10.578089714050293
66 10.582843542098999
66 10.588141441345215
66 10.592902898788452
66 10.59829068183899
66 10.602885723114014
66 10.60848331451416
66 10.613027811050415
66 10.618499040603638
66 10.62302017211914
66 10.629505634307861
66 10.634037256240845
66 10.6394944190979
66 10.644028902053833
66 10.649505615234375
66 10.65407943725586
66 10.65950345993042
66 10.664033651351929
66 10.66964840888977
66 10.674189805984497
66 10.680367231369019
66 10.684905290603638
66 10.690394878387451
66 10.694891452789307
66 10.7003915309906
66 10.704912424087524
66 10.71055555343628
66 10.71594500541687
66 10.720541715621948
66 10.725925922393799
66 10.731751203536987
66 10.73699402809143
66 10.741713047027588
66 10.746923446655273
66 10.751693487167358
66 10.757011890411377
66 10.761778116226196
66 10.766986608505249
66 10.771742820739746
66 10.776989459991455
66 10.782594680786133
66 10.78831434249878
66 10.792921543121338
66 10.798297643661499
66 10.802900314331055
66 10.808340311050415
66 10.812933206558228
66 10.818342924118042
66 10.8229398727417
66 10.828349351882935
66 10.834011793136597
66 10.83963918685913
66 10.844181299209595
66 10.849832773208618
66 10.854314804077148
66 10.859766960144043
66 10.864252090454102
66 10.871591329574585
66 10.877009868621826
66 10.887874126434326
66 10.89365267753601
66 10.899098634719849
66 10.903888940811157
66 10.909651517868042
66 10.914139032363892
66 10.919743061065674
66 10.924248456954956
66 10.929781675338745
66 10.935966968536377
66 10.940591096878052
66 10.945966720581055
66 10.950603485107422
66 10.95601511001587
66 10.960639953613281
66 10.96605110168457
66 10.970796346664429
66 10.976208448410034
66 10.980784177780151
66 10.987150430679321
66 10.991890668869019
66 10.997113704681396
66 11.001840114593506
66 11.00708270072937
66 11.011837482452393
66 11.017056941986084
66 11.021799802780151
66 11.02715802192688
66 11.03194284439087
66 11.03831434249878
66 11.04290246963501
66 11.048336029052734
66 11.052914142608643
66 11.058316230773926
66 11.062902927398682
66 11.068319082260132
66 11.072914123535156
66 11.078348636627197
66 11.082931280136108
66 11.089536190032959
66 11.094040393829346
66 11.099651336669922
66 11.104217529296875
66 11.109681367874146
66 11.114181280136108
66 11.119633913040161
66 11.124167919158936
66 11.129627466201782
66 11.134217023849487
66 11.140442609786987
66 11.144925355911255
66 11.150596141815186
66 11.155966758728027
66 11.16058349609375
66 11.16597580909729
66 11.17059063911438
66 11.175972700119019
66 11.180575370788574
66 11.185960292816162
66 11.19172215461731
66 11.196934938430786
66 11.20170521736145
66 11.207101583480835
66 11.211866855621338
66 11.217092514038086
66 11.221856355667114
66 11.227524995803833
66 11.232065677642822
66 11.238368511199951
66 11.242998123168945
66 11.248486518859863
66 11.252995729446411
66 11.258365154266357
66 11.262960433959961
66 11.268558979034424
66 11.273069143295288
66 11.278583765029907
66 11.28307294845581
66 11.296257495880127
66 11.300978183746338
66 11.306400537490845
66 11.311100959777832
66 11.316879749298096
66 11.321629524230957
66 11.327044486999512
66 11.331827640533447
66 11.337053775787354
66 11.34262728691101
66 11.348049640655518
66 11.352635383605957
66 11.358297109603882
66 11.362903833389282
66 11.368332862854004
66 11.37293553352356
66 11.378350019454956
66 11.382933378219604
66 11.388590335845947
66 11.394034147262573
66 11.399471521377563
66 11.404021263122559
66 11.409492015838623
66 11.414031505584717
66 11.419500827789307
66 11.424032211303711
66 11.429501056671143
66 11.434061050415039
66 11.439511775970459
66 11.444798946380615
66 11.450469493865967
66 11.454966306686401
66 11.460438966751099
66 11.464923620223999
66 11.470404148101807
66 11.474952220916748
66 11.480451107025146
66 11.4849374294281
66 11.49171757698059
66 11.496968030929565
66 11.501702547073364
66 11.507141351699829
66 11.51186203956604
66 11.517079830169678
66 11.521836996078491
66 11.527061939239502
66 11.531825065612793
66 11.537022829055786
66 11.542609930038452
66 11.548041105270386
66 11.552611827850342
66 11.558000802993774
66 11.562603235244751
66 11.56817626953125
66 11.572890043258667
66 11.578287601470947
66 11.582889556884766
66 11.58834719657898
66 11.593957662582397
66 11.59943151473999
66 11.604039192199707
66 11.609488725662231
66 11.61403512954712
66 11.619738101959229
66 11.624239683151245
66 11.629871368408203
66 11.634395122528076
66 11.6398766040802
66 11.645927429199219
66 11.650583744049072
66 11.655980110168457
66 11.660602807998657
66 11.665993213653564
66 11.670599222183228
66 11.67602825164795
66 11.680632829666138
66 11.69067120552063
66 11.698702573776245
66 11.70344352722168
66 11.708830833435059
66 11.713580846786499
66 11.718950271606445
66 11.723699569702148
66 11.728907346725464
66 11.733714580535889
66 11.738953113555908
66 11.743704557418823
66 11.753690004348755
66 11.759054899215698
66 11.76379680633545
66 11.768989562988281
66 11.773736953735352
66 11.778964757919312
66 11.783745765686035
66 11.788972854614258
66 11.79375958442688
66 11.799793243408203
66 11.804290533065796
66 11.809913635253906
66 11.814442873001099
66 11.819910526275635
66 11.824402809143066
66 11.829888582229614
66 11.834453582763672
66 11.839927434921265
66 11.84445333480835
66 11.850599527359009
66 11.855965375900269
66 11.860575914382935
66 11.865979433059692
66 11.87073826789856
66 11.876177549362183
66 11.88090968132019
66 11.88631010055542
66 11.890864849090576
66 11.896284103393555
66 11.902012825012207
66 11.907466650009155
66 11.911976099014282
66 11.917426347732544
66 11.921954154968262
66 11.92762804031372
66 11.932133674621582
66 11.937608480453491
66 11.942126750946045
66 11.947603702545166
66 11.953079462051392
66 11.958590030670166
66 11.963109016418457
66 11.968580722808838
66 11.97310495376587
66 11.978619813919067
66 11.983155250549316
66 11.988805770874023
66 11.993560791015625
66 11.999797105789185
66 12.00431513786316
66 12.009950637817383
66 12.014420509338379
66 12.019911527633667
66 12.024413585662842
66 12.029905796051025
66 12.034424304962158
66 12.039899826049805
66 12.044410467147827
66 12.05064606666565
66 12.056078672409058
66 12.060647964477539
66 12.06607174873352
66 12.070680141448975
66 12.076152563095093
66 12.080698013305664
66 12.08999514579773
66 12.097110748291016
66 12.102864742279053
66 12.108594417572021
66 12.113107442855835
66 12.118739366531372
66 12.123504400253296
66 12.128772020339966
66 12.13354778289795
66 12.138945579528809
66 12.143702030181885
66 12.14896297454834
66 12.154510259628296
66 12.159998655319214
66 12.164530992507935
66 12.170135498046875
66 12.174636840820312
66 12.18013596534729
66 12.184649467468262
66 12.190141916275024
66 12.194640636444092
66 12.200119256973267
66 12.206241607666016
66 12.210803031921387
66 12.216246366500854
66 12.220812797546387
66 12.226237535476685
66 12.230937480926514
66 12.236387014389038
66 12.240924835205078
66 12.246402978897095
66 12.250971794128418
66 12.257610321044922
66 12.262098550796509
66 12.267720222473145
66 12.272302150726318
66 12.277745723724365
66 12.282209157943726
66 12.288687944412231
66 12.293437480926514
66 12.298748254776001
66 12.304192066192627
66 12.309664011001587
66 12.314182758331299
66 12.319661617279053
66 12.324172973632812
66 12.329673051834106
66 12.334222316741943
66 12.339693069458008
66 12.34421181678772
66 12.349857091903687
66 12.35604190826416
66 12.360660076141357
66 12.366120100021362
66 12.370676755905151
66 12.37613320350647
66 12.380671739578247
66 12.386105298995972
66 12.397546768188477
66 12.402052879333496
66 12.408638954162598
66 12.413151264190674
66 12.418634176254272
66 12.423129796981812
66 12.428630113601685
66 12.433125257492065
66 12.438611030578613
66 12.443160057067871
66 12.448638439178467
66 12.453132152557373
66 12.459585189819336
66 12.464096069335938
66 12.469761848449707
66 12.474253177642822
66 12.479724645614624
66 12.48423457145691
66 12.494933605194092
66 12.500569820404053
66 12.505958080291748
66 12.511819124221802
66 12.517155170440674
66 12.521931648254395
66 12.527589082717896
66 12.532100439071655
66 12.537591457366943
66 12.546051740646362
66 12.550662755966187
66 12.556126832962036
66 12.561849355697632
66 12.567084789276123
66 12.57185697555542
66 12.57707667350769
66 12.58185601234436
66 12.587471008300781
66 12.592037677764893
66 12.597512006759644
66 12.60204529762268
66 12.607509136199951
66 12.613012313842773
66 12.618495464324951
66 12.623010635375977
66 12.628417253494263
66 12.633017301559448
66 12.638516426086426
66 12.64302921295166
66 12.648640632629395
66 12.653159618377686
66 12.659717082977295
66 12.664276599884033
66 12.669757843017578
66 12.67425799369812
66 12.679750680923462
66 12.684254884719849
66 12.689752340316772
66 12.694246292114258
66 12.699741125106812
66 12.70422625541687
66 12.7104971408844
66 12.715547323226929
66 12.720486640930176
66 12.725532054901123
66 12.730553388595581
66 12.735912322998047
66 12.74054479598999
66 12.745906829833984
66 12.75055193901062
66 12.755977630615234
66 12.761845111846924
66 12.767492055892944
66 12.772013425827026
66 12.77747368812561
66 12.782012462615967
66 12.78776216506958
66 12.79224157333374
66 12.79770302772522
66 12.802170515060425
66 12.807624340057373
66 12.81312084197998
66 12.818611145019531
66 12.82311201095581
66 12.828760862350464
66 12.833491802215576
66 12.838768243789673
66 12.843494892120361
66 12.848769903182983
66 12.85352873802185
66 12.858764886856079
66 12.864196062088013
66 12.869680643081665
66 12.874202251434326
66 12.879684686660767
66 12.88422966003418
66 12.894598245620728
66 12.90096402168274
66 12.906397342681885
66 12.911423683166504
66 12.918018817901611
66 12.922621726989746
66 12.928021430969238
66 12.932597160339355
66 12.937960624694824
66 12.942506790161133
66 12.948049783706665
66 12.952649593353271
66 12.95804238319397
66 12.962613105773926
66 12.968912839889526
66 12.973681449890137
66 12.97890591621399
66 12.98368215560913
66 12.98889684677124
66 12.993647575378418
66 12.998857736587524
491 13.00636911392212
