0 0.006707668304443359
0 0.018350601196289062
0 0.023986339569091797
1 0.029365062713623047
1 0.03410005569458008
2 0.03961300849914551
3 0.04415011405944824
3 0.04936933517456055
5 0.055040836334228516
7 0.06257390975952148
9 0.0671083927154541
11 0.07255363464355469
12 0.07707977294921875
15 0.08301138877868652
16 0.08843469619750977
19 0.09319496154785156
21 0.09882569313049316
25 0.10325002670288086
27 0.10985279083251953
30 0.11434412002563477
34 0.12000584602355957
36 0.12449812889099121
41 0.12996292114257812
43 0.13444304466247559
47 0.139939546585083
51 0.1444556713104248
55 0.14996981620788574
59 0.15446782112121582
65 0.1608412265777588
69 0.165358304977417
75 0.17084932327270508
78 0.17535996437072754
83 0.18103408813476562
87 0.18580031394958496
93 0.19110846519470215
97 0.19591975212097168
103 0.20121431350708008
107 0.2068006992340088
112 0.2123703956604004
117 0.21689748764038086
121 0.2225816249847412
125 0.22712326049804688
133 0.2400667667388916
136 0.24458861351013184
138 0.2502713203430176
141 0.2549428939819336
144 0.26165103912353516
146 0.26627135276794434
148 0.2717905044555664
150 0.27636051177978516
151 0.2818872928619385
153 0.2864573001861572
154 0.292003870010376
155 0.29651713371276855
156 0.30219054222106934
157 0.3067605495452881
157 0.31289219856262207
157 0.3183937072753906
157 0.3229959011077881
157 0.3284599781036377
157 0.33305788040161133
157 0.3385334014892578
157 0.3431088924407959
156 0.34858226776123047
155 0.35372161865234375
154 0.36006808280944824
153 0.3647160530090332
151 0.37013888359069824
150 0.3747854232788086
149 0.38025760650634766
147 0.3849525451660156
145 0.39030885696411133
143 0.3950207233428955
141 0.40036487579345703
138 0.40513110160827637
135 0.41129159927368164
133 0.41611218452453613
129 0.4218928813934326
127 0.4264659881591797
123 0.43201541900634766
120 0.436565637588501
117 0.44209885597229004
113 0.4466557502746582
110 0.452190637588501
105 0.45673131942749023
101 0.46309900283813477
97 0.46858930587768555
93 0.4731616973876953
89 0.47901129722595215
84 0.4839003086090088
79 0.49103760719299316
75 0.49579906463623047
70 0.5010559558868408
67 0.5057990550994873
63 0.5124497413635254
59 0.5189568996429443
56 0.5233151912689209
54 0.5289630889892578
51 0.5340468883514404
49 0.5397853851318359
47 0.5442905426025391
45 0.5497558116912842
43 0.5542957782745361
41 0.5597972869873047
39 0.5653269290924072
38 0.5708529949188232
37 0.5753653049468994
36 0.5808885097503662
36 0.5856494903564453
35 0.590949535369873
35 0.5957086086273193
35 0.6011519432067871
35 0.605910062789917
35 0.6113114356994629
35 0.6168341636657715
36 0.6223113536834717
37 0.6268355846405029
39 0.6384470462799072
39 0.6431498527526855
41 0.6486117839813232
43 0.6537322998046875
44 0.6592831611633301
46 0.6648812294006348
48 0.6703238487243652
51 0.6750319004058838
53 0.6803297996520996
55 0.6850073337554932
57 0.6903214454650879
61 0.6950018405914307
63 0.7002716064453125
67 0.7048535346984863
69 0.7102837562561035
73 0.7160084247589111
77 0.721623420715332
80 0.7261946201324463
85 0.7316718101501465
87 0.7362585067749023
92 0.7419674396514893
97 0.7465450763702393
101 0.7520952224731445
105 0.7566311359405518
107 0.7621433734893799
111 0.7683084011077881
115 0.7729296684265137
117 0.7784123420715332
121 0.7831611633300781
123 0.7888240814208984
125 0.7932116985321045
127 0.7989075183868408
129 0.8033137321472168
131 0.8090193271636963
133 0.8138251304626465
135 0.8201520442962646
136 0.8247666358947754
137 0.8301949501037598
137 0.8347907066345215
138 0.8405342102050781
139 0.8451635837554932
139 0.8505911827087402
139 0.8552381992340088
139 0.8607633113861084
139 0.8653054237365723
138 0.8719773292541504
137 0.8765051364898682
137 0.8820195198059082
136 0.8865542411804199
135 0.8921105861663818
134 0.8966460227966309
133 0.9023096561431885
131 0.9068388938903809
130 0.9123837947845459
128 0.9169304370880127
125 0.9231774806976318
124 0.9288244247436523
121 0.9332494735717773
119 0.9389345645904541
117 0.9437439441680908
113 0.9499969482421875
111 0.9545273780822754
107 0.9603285789489746
104 0.9650402069091797
100 0.9712903499603271
97 0.9761102199554443
93 0.9813482761383057
91 0.9861953258514404
86 0.9917292594909668
83 0.9963462352752686
79 1.0020315647125244
75 1.0065240859985352
73 1.0119926929473877
69 1.0165061950683594
66 1.022895336151123
64 1.028367280960083
59 1.0400335788726807
57 1.0445184707641602
55 1.0501482486724854
53 1.0547714233398438
53 1.0603199005126953
51 1.065000057220459
50 1.071220874786377
49 1.0760154724121094
49 1.081655502319336
48 1.0862460136413574
47 1.0917267799377441
47 1.0962493419647217
47 1.101715326309204
47 1.1062695980072021
48 1.1117897033691406
48 1.1163101196289062
49 1.1224589347839355
49 1.126967191696167
51 1.1325771808624268
51 1.137101411819458
53 1.142716646194458
54 1.1481115818023682
55 1.1527159214019775
57 1.1577465534210205
59 1.162726879119873
61 1.1681451797485352
63 1.173821210861206
65 1.1790902614593506
67 1.1838374137878418
69 1.1891021728515625
73 1.1938748359680176
76 1.1995868682861328
79 1.204141616821289
82 1.209599494934082
85 1.2141506671905518
89 1.2196340560913086
93 1.2252633571624756
97 1.2308449745178223
100 1.235598087310791
103 1.2408788204193115
106 1.2456579208374023
109 1.250971794128418
111 1.2557380199432373
114 1.261183500289917
115 1.2659721374511719
118 1.2712061405181885
120 1.2767846584320068
121 1.2823073863983154
123 1.2868494987487793
124 1.29237699508667
125 1.2968833446502686
126 1.3023741245269775
127 1.3069257736206055
127 1.31245756149292
128 1.3169569969177246
128 1.3226444721221924
128 1.3290462493896484
127 1.3338253498077393
127 1.3391470909118652
127 1.343918800354004
126 1.3492059707641602
125 1.35398268699646
124 1.359222412109375
123 1.3640038967132568
121 1.3692870140075684
120 1.3740720748901367
117 1.380615234375
116 1.3852145671844482
114 1.3908634185791016
112 1.3956513404846191
109 1.40097975730896
107 1.4057226181030273
100 1.4199771881103516
98 1.4244792461395264
87 1.444190502166748
78 1.4563560485839844
71 1.4665164947509766
63 1.476686954498291
59 1.4884827136993408
54 1.497021198272705
51 1.5103464126586914
47 1.5167641639709473
45 1.5311100482940674
43 1.5429909229278564
43 1.553086280822754
42 1.5585737228393555
43 1.5641577243804932
43 1.569786548614502
43 1.57430100440979
43 1.5797677040100098
44 1.5842580795288086
45 1.594313621520996
49 1.6061797142028809
51 1.6132643222808838
54 1.6208994388580322
55 1.6260907649993896
58 1.631319284439087
60 1.636082649230957
63 1.6413378715515137
65 1.6461234092712402
67 1.651764154434204
71 1.6569833755493164
75 1.6624655723571777
77 1.6669676303863525
81 1.6725366115570068
83 1.67704439163208
88 1.6826856136322021
91 1.6881186962127686
95 1.6928327083587646
98 1.6983745098114014
102 1.7029790878295898
105 1.7096850872039795
108 1.7142441272735596
111 1.7197551727294922
113 1.7242963314056396
116 1.729832410812378
118 1.7343435287475586
121 1.7400102615356445
122 1.7444794178009033
124 1.7499663829803467
125 1.7544817924499512
127 1.7609782218933105
128 1.765763759613037
129 1.7710306644439697
129 1.7758033275604248
130 1.7812466621398926
131 1.7860443592071533
131 1.7913095951080322
131 1.796105146408081
131 1.8017451763153076
130 1.8070402145385742
129 1.8125414848327637
129 1.8170788288116455
127 1.8225412368774414
127 1.8270974159240723
125 1.8368947505950928
123 1.8439278602600098
121 1.8493411540985107
119 1.8541288375854492
115 1.8608403205871582
114 1.8655896186828613
111 1.8710522651672363
109 1.875821590423584
106 1.8810899257659912
104 1.8858575820922852
101 1.8911614418029785
99 1.895965576171875
95 1.9012198448181152
92 1.9060266017913818
88 1.912426471710205
84 1.9169702529907227
80 1.9226572513580322
77 1.9271717071533203
74 1.9326739311218262
72 1.937161922454834
69 1.942664623260498
67 1.948941707611084
64 1.953317642211914
63 1.9599742889404297
61 1.9644904136657715
59 1.9699547290802002
57 1.9744369983673096
56 1.980116844177246
55 1.9846036434173584
54 1.9901111125946045
53 1.99458646774292
53 2.000027894973755
52 2.004483938217163
52 2.0109357833862305
52 2.0157079696655273
52 2.0209667682647705
52 2.025702476501465
53 2.0309715270996094
54 2.0399999618530273
55 2.0445001125335693
55 2.0499532222747803
57 2.0544345378875732
58 2.059908390045166
60 2.065643072128296
61 2.070941925048828
63 2.075648307800293
65 2.080911636352539
67 2.085698366165161
69 2.090986728668213
71 2.0957329273223877
75 2.1011765003204346
77 2.105930805206299
80 2.1121068000793457
83 2.1166493892669678
85 2.122136116027832
89 2.1267290115356445
92 2.1322572231292725
96 2.136826992034912
99 2.142364263534546
103 2.1468896865844727
105 2.152409553527832
108 2.156928777694702
111 2.1632239818573
113 2.1690797805786133
115 2.173926591873169
117 2.1791787147521973
119 2.183992385864258
121 2.1892240047454834
121 2.194002389907837
123 2.199221611022949
123 2.203986883163452
125 2.2092533111572266
125 2.215026378631592
125 2.220592737197876
126 2.2252442836761475
126 2.230745553970337
125 2.241349935531616
125 2.2461864948272705
124 2.2519469261169434
123 2.256483554840088
122 2.2621641159057617
121 2.2683887481689453
119 2.2731261253356934
118 2.2785792350769043
116 2.283634662628174
115 2.2890522480010986
113 2.2938263416290283
111 2.2992944717407227
108 2.304096221923828
105 2.30934739112854
103 2.3148653507232666
101 2.3203067779541016
97 2.325042963027954
95 2.330352783203125
91 2.3351051807403564
87 2.340810537338257
85 2.3456125259399414
81 2.35099196434021
79 2.3557655811309814
76 2.3610129356384277
73 2.366513967514038
71 2.3719968795776367
69 2.376504421234131
67 2.381986618041992
65 2.386498212814331
64 2.391963481903076
63 2.396475076675415
61 2.402137041091919
60 2.4066333770751953
59 2.4121298789978027
59 2.4182138442993164
58 2.422917127609253
57 2.4283623695373535
57 2.4331064224243164
57 2.4385311603546143
57 2.443096876144409
57 2.4485085010528564
58 2.4530751705169678
59 2.4584929943084717
59 2.463198184967041
61 2.4698731899261475
61 2.4743599891662598
63 2.479832887649536
63 2.484333038330078
65 2.489795684814453
67 2.494302749633789
69 2.4998111724853516
71 2.5043554306030273
73 2.509836435317993
75 2.5143344402313232
79 2.5209546089172363
81 2.525723934173584
83 2.5310018062591553
86 2.5357725620269775
89 2.5410799980163574
91 2.5458967685699463
95 2.55118465423584
97 2.556014060974121
101 2.561660051345825
103 2.5662593841552734
107 2.5744762420654297
109 2.5802338123321533
111 2.58487606048584
113 2.590517044067383
115 2.595127820968628
116 2.6008427143096924
117 2.6056175231933594
118 2.6109063625335693
119 2.615725040435791
119 2.6219916343688965
120 2.6265313625335693
120 2.63203763961792
120 2.6429903507232666
120 2.648456335067749
119 2.653191089630127
119 2.6589927673339844
119 2.663794994354248
118 2.670180082321167
116 2.6749460697174072
115 2.680302619934082
114 2.6850106716156006
112 2.690589427947998
111 2.695183038711548
109 2.7008259296417236
107 2.7055869102478027
105 2.7109005451202393
103 2.7156741619110107
101 2.7219834327697754
97 2.7265684604644775
95 2.7321012020111084
93 2.7366414070129395
90 2.7421834468841553
87 2.7467055320739746
85 2.752230167388916
81 2.756819009780884
78 2.762479782104492
77 2.7669882774353027
73 2.7732205390930176
72 2.778878927230835
70 2.7832529544830322
69 2.7888877391815186
67 2.7932591438293457
66 2.7988905906677246
65 2.803260087966919
63 2.8088808059692383
63 2.8132870197296143
62 2.8191428184509277
61 2.824735641479492
61 2.830124855041504
61 2.8346188068389893
61 2.8401448726654053
61 2.844719171524048
61 2.8501181602478027
62 2.8545970916748047
63 2.8600854873657227
63 2.864564895629883
64 2.8700687885284424
65 2.875805616378784
67 2.881215810775757
67 2.885967254638672
69 2.8917276859283447
71 2.8962769508361816
73 2.901803731918335
75 2.906315326690674
77 2.911785840988159
79 2.9163198471069336
81 2.9217898845672607
84 2.927149534225464
87 2.9326558113098145
89 2.9377243518829346
93 2.9429104328155518
95 2.949695348739624
99 2.9543120861053467
101 2.9598422050476074
103 2.964369535446167
105 2.969848155975342
107 2.975250005722046
110 2.980794906616211
111 2.9853615760803223
113 2.9908831119537354
113 2.995645761489868
115 3.0011117458343506
115 3.0058841705322266
116 3.0111465454101562
117 3.015941858291626
117 3.0211987495422363
117 3.0267722606658936
117 3.0323052406311035
117 3.042466878890991
116 3.0490384101867676
115 3.0538511276245117
115 3.059635877609253
113 3.064220428466797
112 3.069887638092041
111 3.0743911266326904
109 3.0809788703918457
107 3.085768461227417
105 3.0910582542419434
103 3.0959372520446777
101 3.101205825805664
99 3.106019973754883
97 3.1112544536590576
95 3.116069793701172
91 3.1217401027679443
89 3.1270604133605957
85 3.1326231956481934
83 3.137165069580078
80 3.142679214477539
78 3.1476891040802
75 3.152663230895996
74 3.157170295715332
72 3.162653684616089
71 3.16715931892395
69 3.1726369857788086
68 3.179206132888794
67 3.1839828491210938
65 3.1892151832580566
65 3.1939733028411865
64 3.1992220878601074
63 3.203967809677124
63 3.209585666656494
63 3.2141737937927246
63 3.2196013927459717
63 3.224158525466919
64 3.230365514755249
65 3.2350716590881348
65 3.240715503692627
67 3.245231866836548
67 3.250685453414917
69 3.2552103996276855
70 3.260617256164551
71 3.2652249336242676
73 3.2707645893096924
75 3.275299072265625
77 3.2817940711975098
79 3.2863237857818604
81 3.2917909622192383
83 3.296341896057129
86 3.3019933700561523
89 3.306537628173828
91 3.3120851516723633
95 3.3166537284851074
97 3.322204351425171
99 3.326768398284912
102 3.3331527709960938
103 3.338620185852051
106 3.3437445163726807
107 3.349057197570801
109 3.353825807571411
111 3.3593692779541016
111 3.3641462326049805
113 3.369659662246704
113 3.3742170333862305
114 3.379732131958008
115 3.385282516479492
115 3.3907644748687744
115 3.395303726196289
115 3.400830030441284
115 3.405585289001465
115 3.4108996391296387
114 3.415714740753174
113 3.4212546348571777
113 3.426068067550659
112 3.432283401489258
111 3.4408955574035645
108 3.449352979660034
107 3.4541401863098145
105 3.4598183631896973
103 3.4643747806549072
101 3.470181941986084
98 3.4747934341430664
97 3.480391263961792
93 3.486003875732422
91 3.491285562515259
88 3.496138334274292
85 3.5016748905181885
83 3.506272315979004
81 3.5117053985595703
79 3.5162649154663086
77 3.521724224090576
75 3.526289463043213
73 3.5317885875701904
71 3.5371086597442627
69 3.5427498817443848
69 3.5482263565063477
68 3.5528390407562256
67 3.558253765106201
67 3.5628631114959717
66 3.568296432495117
66 3.5728695392608643
65 3.5783071517944336
66 3.58406138420105
66 3.589296579360962
67 3.5940425395965576
67 3.599639654159546
68 3.604192018508911
69 3.6096723079681396
70 3.614231586456299
71 3.619702100753784
72 3.624213218688965
74 3.629678249359131
75 3.6352012157440186
78 3.64062237739563
79 3.6452078819274902
82 3.6506075859069824
84 3.6552011966705322
87 3.660837411880493
89 3.665583610534668
91 3.670990467071533
94 3.6758034229278564
97 3.681091547012329
99 3.686673641204834
101 3.6921684741973877
103 3.6966922283172607
105 3.7022182941436768
107 3.7067711353302
107 3.7122621536254883
109 3.716815710067749
109 3.722468852996826
111 3.7270405292510986
111 3.732692241668701
111 3.7390661239624023
112 3.7438249588012695
112 3.7491490840911865
112 3.75392484664917
111 3.759214162826538
111 3.7639803886413574
111 3.769235134124756
110 3.7740092277526855
109 3.7796437740325928
108 3.7842249870300293
106 3.7907376289367676
105 3.7952733039855957
103 3.800804615020752
102 3.8053340911865234
100 3.8108620643615723
99 3.8156251907348633
96 3.8209245204925537
94 3.825711488723755
91 3.831019639968872
89 3.8358306884765625
83 3.8493285179138184
81 3.8541033267974854
79 3.8598592281341553
77 3.8643648624420166
75 3.8699872493743896
73 3.874495267868042
72 3.8799757957458496
71 3.884460926055908
69 3.8908779621124268
69 3.895662307739258
68 3.9010887145996094
67 3.9059205055236816
67 3.9111886024475098
67 3.9160807132720947
67 3.9213242530822754
67 3.9261248111724854
67 3.9315907955169678
68 3.936150550842285
69 3.9423575401306152
69 3.946857452392578
71 3.9530282020568848
72 3.9584543704986572
73 3.963169813156128
75 3.968621253967285
77 3.973201274871826
78 3.9788358211517334
80 3.98323130607605
81 3.989037275314331
84 3.9945523738861084
87 4.000020265579224
89 4.004539966583252
91 4.0100812911987305
95 4.0185205936431885
99 4.023641347885132
101 4.0290367603302
103 4.0338051319122314
105 4.039139270782471
107 4.0447916984558105
108 4.050238609313965
109 4.054850816726685
111 4.0602710247039795
111 4.065052270889282
112 4.070376396179199
113 4.075126647949219
113 4.080770254135132
113 4.085304260253906
113 4.091744661331177
114 4.096403360366821
113 4.10192084312439
113 4.106492042541504
113 4.111985683441162
113 4.11650538444519
112 4.122184753417969
111 4.126765251159668
110 4.132291793823242
109 4.136828184127808
107 4.143187522888184
106 4.148829221725464
104 4.153261423110962
103 4.158957242965698
101 4.163723945617676
99 4.169058799743652
97 4.173831224441528
95 4.179104804992676
91 4.183948755264282
89 4.189260244369507
85 4.195046663284302
83 4.200703859329224
81 4.205246925354004
79 4.210696220397949
77 4.215250253677368
75 4.220618486404419
73 4.2252044677734375
72 4.230609655380249
71 4.23521614074707
69 4.246645927429199
67 4.253628730773926
67 4.259244680404663
67 4.2640275955200195
67 4.269739389419556
67 4.274259328842163
67 4.279891729354858
67 4.284383535385132
68 4.289824962615967
69 4.295273542404175
69 4.3007917404174805
71 4.305318117141724
72 4.310810089111328
73 4.315325975418091
75 4.320983648300171
76 4.325767278671265
78 4.331067800521851
79 4.335801362991333
82 4.341064691543579
85 4.346605539321899
86 4.352151155471802
89 4.356701374053955
91 4.362217664718628
94 4.366768836975098
96 4.372293472290039
99 4.37684440612793
101 4.382541179656982
103 4.387078762054443
105 4.392566919326782
107 4.398969888687134
108 4.403774976730347
109 4.409096956253052
110 4.41391921043396
111 4.419241428375244
112 4.424042463302612
113 4.4292826652526855
113 4.434077024459839
113 4.439769268035889
113 4.444308519363403
113 4.4507787227630615
112 4.455311059951782
111 4.4608376026153564
111 4.4656007289886475
110 4.470937728881836
109 4.4757304191589355
108 4.481005907058716
107 4.48580265045166
105 4.491070985794067
104 4.495833396911621
102 4.502263069152832
99 4.506805419921875
97 4.5125555992126465
95 4.517110109329224
93 4.522650957107544
91 4.528160810470581
88 4.5328452587127686
86 4.538330554962158
83 4.542966842651367
81 4.5496299266815186
79 4.554227828979492
77 4.559898138046265
75 4.564373254776001
73 4.569840431213379
73 4.574333190917969
71 4.579837322235107
71 4.584352731704712
69 4.589820623397827
69 4.594326972961426
68 4.600709676742554
68 4.605223655700684
67 4.610690355300903
67 4.615259647369385
67 4.620866298675537
68 4.625575304031372
69 4.630870342254639
69 4.635594606399536
70 4.646438121795654
72 4.652858734130859
73 4.658287525177002
75 4.663007736206055
75 4.66845440864563
77 4.673136949539185
79 4.678562164306641
81 4.683259963989258
83 4.688925743103027
85 4.693643093109131
87 4.6990602016448975
91 4.7047107219696045
93 4.7101781368255615
95 4.714784383773804
97 4.7202231884002686
100 4.724846124649048
101 4.730260372161865
103 4.734945058822632
105 4.74055814743042
107 4.7451910972595215
108 4.7506020069122314
109 4.75627326965332
110 4.761755466461182
111 4.766318321228027
111 4.771974563598633
111 4.776514053344727
112 4.782042980194092
111 4.786569356918335
111 4.79210638999939
111 4.796640157699585
111 4.80292820930481
110 4.808408260345459
109 4.813010215759277
108 4.81847357749939
107 4.823055982589722
106 4.828485727310181
104 4.833074331283569
103 4.83858585357666
101 4.843163251876831
99 4.848610162734985
97 4.854401588439941
95 4.860064506530762
91 4.8645851612091064
90 4.870152473449707
87 4.8747193813323975
85 4.880204916000366
83 4.884832859039307
81 4.89023494720459
79 4.894813299179077
77 4.9003660678863525
75 4.90613579750061
74 4.91161584854126
73 4.916172742843628
71 4.921821594238281
71 4.926362752914429
70 4.931872367858887
69 4.936404705047607
69 4.941872835159302
69 4.946420192718506
69 4.952527046203613
69 4.958885192871094
69 4.963233709335327
70 4.968865156173706
71 4.973209381103516
71 4.978971004486084
73 4.98374080657959
73 4.9890360832214355
75 4.993786573410034
76 4.999059200286865
78 5.003779172897339
80 5.010056734085083
81 5.014560222625732
83 5.020012617111206
85 5.024488925933838
88 5.030156850814819
91 5.0347723960876465
93 5.045324802398682
99 5.052547454833984
101 5.059129953384399
103 5.063935279846191
105 5.0696516036987305
105 5.074225425720215
107 5.07989501953125
108 5.084520578384399
109 5.0899882316589355
109 5.094498872756958
110 5.100180387496948
111 5.104779243469238
111 5.111175537109375
111 5.115959405899048
111 5.1212074756622314
110 5.12598443031311
109 5.131217002868652
109 5.136009693145752
108 5.141223430633545
107 5.145993709564209
106 5.151230573654175
105 5.1560399532318115
103 5.162538766860962
101 5.167068243026733
99 5.17254114151001
97 5.177076816558838
95 5.1825597286224365
93 5.187112092971802
91 5.192648887634277
89 5.197709083557129
86 5.202709436416626
84 5.209222793579102
82 5.2140209674835205
79 5.219605445861816
78 5.224158525466919
76 5.229367256164551
75 5.23410701751709
73 5.239589214324951
73 5.244109869003296
71 5.249592542648315
71 5.254118204116821
71 5.260313034057617
70 5.264939546585083
69 5.270282745361328
69 5.274859189987183
69 5.280382871627808
70 5.2851104736328125
71 5.290759086608887
71 5.295250654220581
72 5.300753116607666
73 5.305257558822632
74 5.311686992645264
75 5.316260099411011
77 5.321728467941284
78 5.326298952102661
79 5.331743240356445
81 5.336272954940796
83 5.341900587081909
85 5.346442937850952
87 5.351965665817261
90 5.356560945510864
93 5.362842321395874
95 5.368348836898804
97 5.372970819473267
99 5.378424882888794
101 5.383029222488403
103 5.388485908508301
105 5.3930885791778564
105 5.398546457290649
107 5.40329647064209
108 5.409010410308838
109 5.414494514465332
109 5.42023777961731
110 5.424823760986328
110 5.43026065826416
111 5.435021638870239
110 5.440387725830078
109 5.459797382354736
107 5.465222358703613
106 5.470888614654541
105 5.475669860839844
103 5.481103897094727
103 5.485864639282227
101 5.491153717041016
99 5.495945453643799
97 5.5012006759643555
95 5.5059802532196045
93 5.511239290237427
90 5.516823053359985
87 5.5225749015808105
85 5.52716064453125
83 5.532705783843994
81 5.537695646286011
79 5.542687654495239
77 5.547703981399536
75 5.552855968475342
75 5.558271169662476
73 5.564046144485474
71 5.5693018436431885
71 5.574059963226318
70 5.579687118530273
69 5.584239482879639
69 5.589730262756348
69 5.594268321990967
69 5.5997655391693115
69 5.604280710220337
69 5.6097776889801025
69 5.615184783935547
70 5.620577573776245
71 5.6251630783081055
71 5.630581855773926
72 5.635171175003052
73 5.640782594680786
75 5.64528226852417
76 5.650734901428223
77 5.655269384384155
79 5.660719633102417
81 5.66626501083374
83 5.671720504760742
85 5.67626690864563
87 5.681959629058838
89 5.686514616012573
91 5.692070484161377
95 5.696751356124878
97 5.70243763923645
99 5.706963062286377
101 5.712458372116089
103 5.718623876571655
105 5.723226547241211
106 5.728917121887207
107 5.733317852020264
108 5.739033460617065
109 5.7438130378723145
109 5.749114274978638
111 5.753922700881958
111 5.759350538253784
111 5.764140605926514
111 5.7703869342803955
111 5.77512788772583
111 5.780581951141357
111 5.785206317901611
110 5.790597915649414
110 5.795201301574707
109 5.800596475601196
108 5.805210590362549
107 5.81087851524353
106 5.815646648406982
105 5.822124719619751
103 5.826637029647827
101 5.832129001617432
99 5.836645126342773
98 5.842143774032593
93 5.85375714302063
91 5.859221935272217
88 5.864089727401733
85 5.870612859725952
83 5.87524676322937
81 5.880946159362793
79 5.88570237159729
77 5.891005992889404
75 5.895796775817871
74 5.901064872741699
73 5.905809640884399
71 5.911039113998413
71 5.915807008743286
70 5.922109842300415
69 5.926600933074951
69 5.9321129322052
69 5.936672687530518
69 5.942311763763428
69 5.946831941604614
69 5.953005790710449
69 5.958423376083374
69 5.962987422943115
70 5.968420505523682
71 5.974116802215576
72 5.979346752166748
73 5.984084606170654
75 5.9892966747283936
75 5.994060277938843
77 5.999667167663574
79 6.004204988479614
81 6.009721994400024
82 6.014270067214966
85 6.019746541976929
87 6.025240182876587
90 6.0307838916778564
92 6.035346508026123
95 6.040888547897339
99 6.049793243408203
100 6.054353952407837
102 6.059988737106323
103 6.0645129680633545
105 6.070157766342163
107 6.075879335403442
108 6.081179141998291
109 6.085981130599976
109 6.091219186782837
109 6.0960893630981445
110 6.101345777511597
110 6.106137990951538
110 6.111633062362671
110 6.116248846054077
109 6.122548341751099
109 6.127112150192261
109 6.1326282024383545
108 6.137725114822388
107 6.1427154541015625
106 6.1482226848602295
105 6.152869462966919
103 6.158349990844727
101 6.162952661514282
100 6.1684181690216064
98 6.174212217330933
95 6.179924011230469
94 6.184478998184204
91 6.189991474151611
89 6.194512605667114
87 6.200239658355713
84 6.204944610595703
82 6.210332155227661
80 6.215019702911377
78 6.220582962036133
77 6.2262561321258545
75 6.231714487075806
74 6.236269950866699
73 6.241910934448242
71 6.253025531768799
71 6.2584617137908936
70 6.26322078704834
69 6.268987417221069
69 6.274482727050781
70 6.280145645141602
70 6.28470516204834
71 6.290277481079102
71 6.294853210449219
72 6.3005454540252686
73 6.305153131484985
74 6.310546398162842
75 6.315140962600708
77 6.3205811977386475
78 6.3261754512786865
80 6.331655740737915
81 6.336228370666504
84 6.341894626617432
85 6.34644079208374
88 6.351978302001953
91 6.356520414352417
93 6.362226724624634
95 6.366797208786011
97 6.372333765029907
99 6.378497123718262
102 6.383091926574707
103 6.388567209243774
105 6.393182277679443
106 6.398989677429199
107 6.403786659240723
108 6.409109115600586
109 6.422517538070679
110 6.432727336883545
110 6.44396185874939
109 6.453300952911377
108 6.470566511154175
106 6.475192070007324
103 6.486766576766968
101 6.496446847915649
97 6.508295297622681
91 6.516890287399292
87 6.52900242805481
82 6.539868116378784
78 6.546514272689819
77 6.552153825759888
75 6.556640625
73 6.562134027481079
72 6.566648006439209
71 6.57213020324707
69 6.576653242111206
68 6.589350938796997
67 6.600216388702393
67 6.6089794635772705
67 6.61420464515686
67 6.619702577590942
68 6.624229431152344
69 6.629766941070557
69 6.634294271469116
71 6.639950513839722
71 6.645650386810303
75 6.656534910202026
77 6.662266969680786
79 6.666808605194092
80 6.672460556030273
83 6.676960706710815
85 6.682646036148071
87 6.687158107757568
90 6.692689657211304
92 6.699071645736694
95 6.70393967628479
97 6.709256649017334
99 6.714037656784058
101 6.7196691036224365
103 6.724254131317139
105 6.729772567749023
106 6.734346389770508
107 6.740065336227417
109 6.744596242904663
110 6.750945091247559
111 6.755766153335571
111 6.761029958724976
111 6.765834808349609
111 6.77108359336853
111 6.775858402252197
111 6.781292200088501
111 6.786088705062866
111 6.791352272033691
110 6.796931743621826
109 6.8025078773498535
108 6.807103633880615
107 6.81264066696167
106 6.817161321640015
105 6.822683572769165
103 6.827743053436279
101 6.832769870758057
100 6.838195085525513
97 6.843010902404785
95 6.849819183349609
93 6.854385137557983
91 6.859941005706787
89 6.864467144012451
85 6.869983673095703
83 6.874527215957642
81 6.880014181137085
79 6.884478807449341
77 6.88995623588562
76 6.894414663314819
73 6.900829076766968
73 6.905357837677002
71 6.910878419876099
71 6.915642499923706
69 6.92097544670105
69 6.925722122192383
69 6.930997371673584
68 6.93575382232666
68 6.941067218780518
68 6.945827960968018
68 6.952654600143433
69 6.957169532775879
69 6.962829828262329
69 6.968217611312866
71 6.973011255264282
71 6.978435754776001
73 6.983022212982178
73 6.988457679748535
75 6.993015289306641
76 6.9984893798828125
78 7.004122018814087
81 7.009353160858154
82 7.014103174209595
84 7.019733667373657
86 7.024299144744873
89 7.029850006103516
91 7.034416198730469
93 7.039954900741577
95 7.044512510299683
101 7.056752681732178
103 7.0624377727508545
105 7.066979646682739
107 7.072671890258789
107 7.077779531478882
109 7.083045482635498
109 7.088498592376709
111 7.093120098114014
111 7.098576307296753
111 7.104511260986328
111 7.110009431838989
111 7.114547252655029
111 7.12021017074585
111 7.124777317047119
111 7.130218744277954
110 7.134833097457886
109 7.140566825866699
108 7.1451921463012695
107 7.150856971740723
106 7.156386375427246
105 7.161903619766235
103 7.166473150253296
101 7.172001123428345
99 7.176519393920898
98 7.182017803192139
95 7.186545372009277
93 7.192230463027954
91 7.1968114376068115
88 7.203279495239258
86 7.209031581878662
83 7.213823556900024
81 7.219106435775757
79 7.223894357681274
78 7.229145765304565
76 7.233905076980591
74 7.2393248081207275
73 7.244089126586914
72 7.249331474304199
71 7.2551000118255615
70 7.260737657546997
69 7.265268564224243
69 7.270748853683472
69 7.275285482406616
69 7.280809640884399
69 7.285313129425049
69 7.290805339813232
69 7.295328617095947
69 7.3009631633758545
70 7.306461334228516
71 7.311986923217773
72 7.316494703292847
73 7.322199583053589
74 7.326719522476196
75 7.332215309143066
77 7.336743354797363
78 7.342254400253296
80 7.346781015396118
81 7.352260112762451
84 7.35848593711853
87 7.36304497718811
89 7.368607044219971
91 7.373825311660767
93 7.379313230514526
96 7.384134531021118
99 7.3896355628967285
100 7.394228935241699
102 7.399754285812378
103 7.404315710067749
105 7.410799264907837
107 7.4153478145599365
108 7.420981168746948
109 7.425781011581421
109 7.431074857711792
109 7.435876131057739
110 7.441309213638306
111 7.446124076843262
110 7.460308313369751
109 7.465032577514648
109 7.471110582351685
108 7.475912094116211
107 7.4813172817230225
106 7.486113786697388
105 7.492041110992432
103 7.497126579284668
101 7.502803325653076
100 7.509225130081177
98 7.514450550079346
95 7.519944190979004
93 7.524470090866089
91 7.530033826828003
89 7.53458046913147
86 7.540268659591675
83 7.54502272605896
82 7.5503411293029785
79 7.555102586746216
78 7.561587810516357
77 7.56621241569519
75 7.571702003479004
74 7.576272010803223
73 7.581743955612183
72 7.5863001346588135
71 7.591774225234985
71 7.5963122844696045
70 7.601789951324463
69 7.606332063674927
69 7.612637519836426
69 7.617164373397827
70 7.6228249073028564
71 7.62820839881897
71 7.632817029953003
72 7.6381995677948
73 7.643019676208496
73 7.648437261581421
75 7.653028726577759
76 7.658464670181274
78 7.6641106605529785
80 7.669342756271362
81 7.674126148223877
83 7.6797802448272705
85 7.684312105178833
87 7.689818382263184
89 7.69437313079834
93 7.69990086555481
95 7.704602003097534
97 7.711111545562744
99 7.715967893600464
102 7.72122049331665
103 7.725989580154419
105 7.7312705516815186
106 7.736091613769531
107 7.74179482460022
108 7.746366262435913
109 7.752018928527832
110 7.7565436363220215
111 7.762815237045288
111 7.768275260925293
111 7.772912502288818
111 7.778407573699951
111 7.783008813858032
111 7.7884862422943115
111 7.793084621429443
111 7.79856014251709
109 7.803306579589844
109 7.809002876281738
108 7.814451217651367
107 7.8199779987335205
106 7.824496507644653
105 7.8299760818481445
103 7.834506273269653
101 7.839991569519043
100 7.844534873962402
96 7.854585886001587
93 7.8613176345825195
90 7.866926193237305
87 7.8726983070373535
85 7.878197193145752
83 7.883028984069824
81 7.888465881347656
79 7.893038749694824
77 7.898502826690674
75 7.9030842781066895
74 7.90856146812439
73 7.91428017616272
71 7.919921875
71 7.924409866333008
69 7.929927587509155
69 7.934419870376587
69 7.9398720264434814
68 7.944376707077026
68 7.950706243515015
68 7.955225229263306
69 7.960737943649292
69 7.9661712646484375
69 7.971642255783081
71 7.976203680038452
71 7.981868028640747
72 7.98642897605896
73 7.991909503936768
75 7.996434926986694
77 8.002112865447998
79 8.00663948059082
80 8.012300729751587
82 8.018547773361206
85 8.023094415664673
86 8.02857494354248
89 8.033171892166138
91 8.0390305519104
94 8.043898344039917
97 8.049165725708008
99 8.053966760635376
101 8.05922532081604
103 8.064020156860352
105 8.070271492004395
106 8.075015306472778
107 8.080308675765991
109 8.085007190704346
109 8.090309619903564
110 8.095025539398193
111 8.100725173950195
111 8.105280637741089
111 8.110763549804688
111 8.115318536758423
111 8.12182879447937
111 8.126403093338013
111 8.13212776184082
110 8.136669397354126
109 8.142173290252686
109 8.146681785583496
108 8.15222454071045
107 8.156766176223755
105 8.165884494781494
103 8.172165870666504
101 8.176691770553589
99 8.182198524475098
97 8.18675971031189
95 8.192337274551392
93 8.196879863739014
91 8.202413558959961
87 8.206955909729004
85 8.212644100189209
83 8.219269514083862
80 8.224066734313965
78 8.229303359985352
77 8.23405933380127
75 8.239247560501099
73 8.24402928352356
71 8.249286413192749
69 8.260598421096802
69 8.265191078186035
68 8.271753549575806
67 8.27631688117981
67 8.281996488571167
67 8.286518573760986
67 8.29199481010437
67 8.296507120132446
67 8.301995992660522
69 8.306523561477661
69 8.31198263168335
70 8.316501140594482
71 8.322716474533081
72 8.328161716461182
74 8.332787275314331
75 8.338187456130981
77 8.342992782592773
78 8.348429203033447
81 8.353019714355469
82 8.358484268188477
85 8.363041639328003
87 8.368478059768677
89 8.37432050704956
93 8.379845380783081
94 8.38441014289856
97 8.390143156051636
100 8.394770383834839
101 8.400347232818604
103 8.405083894729614
105 8.410389184951782
108 8.420583248138428
109 8.42624020576477
111 8.431911706924438
111 8.436465740203857
111 8.442160844802856
112 8.446676015853882
113 8.452205657958984
113 8.456747055053711
113 8.462428331375122
113 8.466954231262207
112 8.47311782836914
112 8.478615283966064
111 8.48322343826294
111 8.49073338508606
109 8.49534273147583
108 8.500876426696777
107 8.505646705627441
105 8.51162314414978
104 8.517104625701904
101 8.524006366729736
99 8.52927017211914
97 8.534056901931763
95 8.54005217552185
93 8.54455828666687
91 8.550076246261597
87 8.55461859703064
85 8.560172319412231
83 8.564791679382324
81 8.57018232345581
79 8.575881719589233
77 8.58132028579712
75 8.58610463142395
73 8.591355800628662
72 8.596126556396484
71 8.601344585418701
70 8.60613203048706
69 8.611641883850098
69 8.61623501777649
68 8.621696949005127
67 8.626933574676514
67 8.632410764694214
67 8.636914730072021
67 8.642560243606567
67 8.647076606750488
69 8.659716367721558
69 8.664276123046875
71 8.669919967651367
71 8.67561149597168
73 8.681018590927124
75 8.68576455116272
76 8.691046476364136
77 8.695813179016113
79 8.701225519180298
81 8.705976009368896
83 8.711201190948486
85 8.715936422348022
88 8.721241474151611
91 8.726760625839233
93 8.732347011566162
96 8.736896514892578
97 8.742423295974731
100 8.746962070465088
103 8.752542495727539
104 8.757076263427734
105 8.762717247009277
107 8.76824426651001
108 8.772878885269165
109 8.77974009513855
110 8.784273386001587
111 8.789757490158081
111 8.794265508651733
111 8.79976773262024
111 8.804309844970703
111 8.80986213684082
111 8.814391613006592
111 8.820045948028564
111 8.824541807174683
109 8.831014394760132
109 8.835793018341064
108 8.841086149215698
107 8.845867395401001
105 8.851139545440674
104 8.855902910232544
103 8.861165046691895
101 8.86595106124878
99 8.871206521987915
97 8.875969648361206
95 8.882361888885498
92 8.88687801361084
90 8.89238953590393
87 8.896883726119995
85 8.902445316314697
83 8.90701961517334
80 8.9126558303833
79 8.91715407371521
77 8.922658443450928
75 8.927169561386108
73 8.933808326721191
73 8.939229488372803
71 8.943991422653198
70 8.950177431106567
69 8.954733848571777
69 8.960138320922852
69 8.964726448059082
69 8.970123529434204
69 8.974590539932251
69 8.980995178222656
69 8.985780477523804
69 8.99104380607605
70 8.995763301849365
71 9.001170873641968
71 9.005928039550781
73 9.011184930801392
73 9.01593017578125
75 9.02116847038269
77 9.025938034057617
78 9.032228946685791
81 9.036763429641724
82 9.04239010810852
84 9.046889305114746
86 9.056548118591309
91 9.063724040985107
93 9.069255352020264
97 9.074061632156372
99 9.079751253128052
102 9.085208177566528
105 9.090865850448608
106 9.095667839050293
108 9.100962162017822
109 9.1057767868042
111 9.111055850982666
111 9.115827083587646
113 9.121289014816284
113 9.126091003417969
114 9.131341457366943
114 9.136786460876465
115 9.142284393310547
115 9.146803855895996
115 9.15235161781311
114 9.156856536865234
113 9.162371158599854
113 9.166910409927368
112 9.172559976577759
111 9.17710256576538
110 9.183961868286133
108 9.189227104187012
107 9.194007396697998
105 9.199265718460083
104 9.204042911529541
102 9.209321975708008
101 9.214096307754517
98 9.219342708587646
96 9.224111080169678
93 9.229598999023438
91 9.235262393951416
87 9.241002798080444
85 9.245823383331299
83 9.251134395599365
81 9.255893230438232
78 9.261127948760986
77 9.26589846611023
75 9.271137237548828
73 9.275880098342896
71 9.281103372573853
70 9.286535739898682
69 9.292021036148071
69 9.296523809432983
67 9.302183866500854
67 9.306678771972656
67 9.312157392501831
67 9.316644430160522
66 9.322165966033936
66 9.326679229736328
67 9.332142114639282
67 9.338361024856567
67 9.342928171157837
67 9.348378658294678
69 9.35298776626587
69 9.358424186706543
71 9.36315107345581
71 9.368592262268066
73 9.373140096664429
74 9.378597736358643
76 9.38314938545227
78 9.389759063720703
79 9.39428186416626
82 9.399750471115112
83 9.404304265975952
86 9.409825801849365
88 9.4143807888031
91 9.420149087905884
94 9.42479658126831
96 9.43052625656128
99 9.435180187225342
101 9.441683292388916
103 9.44626259803772
105 9.45179533958435
109 9.462950706481934
109 9.468411207199097
111 9.473180294036865
111 9.479118585586548
112 9.483924627304077
113 9.490357160568237
113 9.495099544525146
113 9.500538349151611
113 9.505161762237549
113 9.510586261749268
112 9.515204191207886
111 9.520742416381836
111 9.52528190612793
109 9.532533884048462
109 9.539172649383545
107 9.544002056121826
105 9.549647808074951
104 9.554215431213379
102 9.560020446777344
101 9.564531087875366
99 9.570041179656982
97 9.574535369873047
94 9.580089330673218
91 9.584728240966797
89 9.591104745864868
87 9.595921039581299
83 9.601343870162964
82 9.606178522109985
79 9.611597537994385
78 9.6161527633667
76 9.621363878250122
75 9.626142501831055
73 9.631355047225952
72 9.636154890060425
71 9.642354249954224
69 9.64686393737793
69 9.652356624603271
69 9.65685772895813
68 9.662502527236938
68 9.667011022567749
68 9.672531127929688
68 9.677036046981812
68 9.68252682685852
69 9.687029600143433
69 9.693910837173462
70 9.69921588897705
71 9.703940153121948
72 9.70916748046875
73 9.713924407958984
75 9.71936559677124
75 9.724143743515015
77 9.729366064071655
79 9.73409914970398
81 9.739333629608154
83 9.74505066871643
85 9.750380516052246
88 9.755127906799316
91 9.760581016540527
93 9.765246391296387
95 9.7707839012146
97 9.77534818649292
99 9.781041622161865
101 9.785823106765747
103 9.791112184524536
105 9.796558856964111
106 9.802043437957764
107 9.80663013458252
108 9.812144994735718
109 9.816668033599854
109 9.8223295211792
110 9.826854467391968
110 9.8323655128479
111 9.83691954612732
111 9.843320608139038
110 9.84902811050415
109 9.85847783088684
108 9.865207433700562
107 9.870840787887573
106 9.875598907470703
105 9.881052732467651
103 9.885826349258423
101 9.891276359558105
99 9.896828174591064
97 9.902511835098267
96 9.90706753730774
93 9.912566184997559
91 9.917129755020142
89 9.922704458236694
87 9.92818021774292
84 9.932838916778564
83 9.938290357589722
81 9.942867040634155
79 9.950292348861694
77 9.95500111579895
75 9.96053695678711
74 9.965141296386719
73 9.970540046691895
73 9.975138425827026
72 9.980567455291748
71 9.985172986984253
71 9.990569829940796
71 9.996167421340942
71 10.001616477966309
71 10.00622272491455
71 10.011680841445923
71 10.016233921051025
73 10.021874189376831
73 10.02642011642456
74 10.03190803527832
75 10.036482334136963
77 10.041985988616943
78 10.048121929168701
80 10.052755355834961
81 10.058216333389282
83 10.062830924987793
85 10.068264722824097
87 10.072882413864136
89 10.078399181365967
92 10.083178758621216
94 10.088927268981934
97 10.093787908554077
99 10.10013198852539
101 10.104700565338135
103 10.11012315750122
104 10.114716291427612
105 10.120137691497803
107 10.124783992767334
107 10.13027572631836
108 10.134949445724487
109 10.140583753585815
109 10.145196437835693
109 10.151748657226562
109 10.156309843063354
109 10.161831378936768
109 10.166379928588867
109 10.17189908027649
108 10.176442623138428
107 10.181981563568115
106 10.186513423919678
105 10.192020177841187
103 10.196573257446289
102 10.203003406524658
99 10.212083578109741
97 10.216641426086426
96 10.222148418426514
93 10.226667642593384
92 10.232210636138916
89 10.236833333969116
87 10.242380380630493
85 10.246941328048706
83 10.253206014633179
78 10.26512360572815
77 10.270769357681274
75 10.275280714035034
74 10.28089427947998
73 10.285638570785522
73 10.291079759597778
72 10.295856952667236
71 10.302092790603638
71 10.306644916534424
71 10.312144994735718
71 10.316646099090576
71 10.322283029556274
71 10.32680058479309
72 10.332276821136475
73 10.336791515350342
73 10.342434406280518
75 10.346952199935913
76 10.353643894195557
77 10.359012842178345
79 10.363771200180054
79 10.369053602218628
81 10.373820781707764
83 10.3792884349823
85 10.384047269821167
87 10.389317750930786
89 10.394124746322632
92 10.399658441543579
95 10.405226469039917
97 10.41081690788269
99 10.415583610534668
101 10.420985698699951
103 10.425758361816406
105 10.431004524230957
105 10.435803651809692
107 10.441255807876587
107 10.446082592010498
108 10.452168226242065
109 10.456833839416504
109 10.462400913238525
109 10.466936111450195
109 10.472641468048096
109 10.477683782577515
109 10.482706069946289
109 10.488107204437256
109 10.492801666259766
108 10.498204946517944
107 10.504177570343018
106 10.509675741195679
105 10.514239072799683
103 10.519776821136475
103 10.524346351623535
101 10.529841661453247
99 10.53437352180481
97 10.539861679077148
95 10.54439401626587
93 10.549937009811401
91 10.555704832077026
87 10.56116795539856
86 10.56598162651062
83 10.571244716644287
82 10.576032638549805
79 10.581284761428833
78 10.586060285568237
77 10.591286420822144
75 10.596097946166992
74 10.601762294769287
73 10.606994390487671
72 10.612495422363281
71 10.617026567459106
71 10.62267518043518
71 10.627157926559448
70 10.632657289505005
70 10.637691736221313
70 10.642682075500488
71 10.647705554962158
71 10.652687788009644
72 10.66501498222351
73 10.670684099197388
74 10.675225973129272
75 10.680967330932617
77 10.68576192855835
78 10.691168785095215
79 10.695922613143921
81 10.701182126998901
83 10.706608057022095
85 10.712105751037598
87 10.716653823852539
89 10.722212314605713
92 10.72676396369934
95 10.732486248016357
97 10.73706316947937
99 10.742706537246704
101 10.748159170150757
103 10.75284743309021
105 10.759289979934692
105 10.764057636260986
107 10.769319295883179
108 10.77410364151001
109 10.779653310775757
109 10.78422474861145
110 10.789777755737305
110 10.794324398040771
111 10.79997992515564
111 10.804478406906128
110 10.81098222732544
109 10.81579065322876
109 10.821069240570068
109 10.825866937637329
107 10.831153154373169
107 10.835952997207642
105 10.841201782226562
104 10.845979928970337
103 10.851215362548828
101 10.856035232543945
99 10.862487077713013
97 10.867047548294067
95 10.872544288635254
93 10.877096176147461
91 10.882644653320312
89 10.887694835662842
85 10.892779350280762
84 10.898209571838379
81 10.902820110321045
80 10.908212661743164
78 10.913951873779297
76 10.919368743896484
75 10.924158573150635
73 10.929619312286377
73 10.93417239189148
71 10.939652919769287
71 10.94420838356018
70 10.950350761413574
69 10.955049276351929
69 10.961244344711304
69 10.965994596481323
69 10.971199989318848
70 10.975942611694336
71 10.981365203857422
71 10.986126184463501
72 10.991746187210083
73 10.99631118774414
74 11.001795291900635
75 11.006345987319946
77 11.012600660324097
78 11.017132759094238
80 11.022630453109741
81 11.027155876159668
84 11.032661199569702
85 11.037728309631348
88 11.042896032333374
90 11.048391580581665
93 11.05297303199768
95 11.063999652862549
101 11.071171283721924
102 11.075976848602295
103 11.081366300582886
105 11.086171865463257
107 11.091872930526733
107 11.096423625946045
108 11.102091312408447
109 11.106635332107544
109 11.112758874893188
110 11.118234872817993
110 11.123026847839355
110 11.128461837768555
110 11.133076190948486
110 11.138551712036133
109 11.143141746520996
109 11.148626327514648
108 11.1532142162323
107 11.158982038497925
106 11.164554357528687
105 11.17004680633545
103 11.174532890319824
102 11.180071353912354
100 11.184589385986328
99 11.19010591506958
96 11.194705724716187
95 11.200129508972168
92 11.204793214797974
90 11.210273265838623
87 11.215945720672607
85 11.221593141555786
83 11.2262544631958
81 11.231726884841919
79 11.23629093170166
77 11.241783142089844
76 11.246317148208618
75 11.251964569091797
73 11.256478786468506
72 11.261988401412964
71 11.267693519592285
71 11.272701501846313
70 11.278124570846558
69 11.282884120941162
69 11.288353443145752
69 11.292963743209839
70 11.298375129699707
70 11.302950143814087
71 11.308399677276611
71 11.312994718551636
73 11.319649457931519
73 11.324204921722412
75 11.329684495925903
75 11.334229707717896
77 11.339889287948608
79 11.344390630722046
80 11.349900960922241
81 11.354393482208252
84 11.359866857528687
85 11.364362955093384
89 11.3708336353302
91 11.37564754486084
94 11.381170749664307
95 11.3859703540802
98 11.391242980957031
99 11.396073579788208
102 11.401743412017822
103 11.406326293945312
106 11.415788650512695
108 11.428567886352539
109 11.437157392501831
110 11.449344873428345
110 11.466430425643921
109 11.47696328163147
107 11.489346027374268
105 11.502095699310303
102 11.512243032455444
99 11.520380735397339
94 11.533818244934082
89 11.543189764022827
85 11.549737215042114
83 11.554311275482178
81 11.559804439544678
79 11.564331769943237
77 11.569813013076782
75 11.57435154914856
73 11.584402799606323
70 11.596366882324219
68 11.605598211288452
67 11.611035585403442
67 11.616159439086914
66 11.621653079986572
66 11.626253128051758
66 11.631734609603882
66 11.63628101348877
67 11.641951560974121
67 11.647732973098755
68 11.652703046798706
69 11.657756328582764
69 11.662723064422607
70 11.667758226394653
71 11.672776460647583
73 11.678179502487183
75 11.682814836502075
75 11.68822431564331
77 11.692835807800293
80 11.699337720870972
81 11.704091310501099
84 11.709311723709106
86 11.71411395072937
89 11.719653367996216
91 11.72426438331604
94 11.72982144355774
95 11.734371662139893
99 11.739964008331299
100 11.745642900466919
103 11.750980377197266
105 11.755762815475464
106 11.761207103729248
107 11.765984296798706
109 11.77166199684143
109 11.776265621185303
111 11.781760692596436
111 11.786322116851807
112 11.791841506958008
112 11.797109127044678
113 11.802667140960693
113 11.80772876739502
113 11.812765836715698
112 11.818206071853638
112 11.822986602783203
111 11.828487157821655
111 11.833085060119629
110 11.838579177856445
109 11.843153715133667
108 11.853218078613281
105 11.86412501335144
101 11.870808362960815
100 11.875360250473022
98 11.88117504119873
96 11.88593316078186
93 11.891594171524048
91 11.896239280700684
88 11.902685403823853
86 11.908202886581421
83 11.912875413894653
81 11.918341875076294
79 11.922917604446411
78 11.928361177444458
76 11.932950258255005
75 11.938437223434448
73 11.943178653717041
72 11.95476222038269
69 11.970682859420776
69 11.982962369918823
69 11.991251707077026
72 12.01834774017334
74 12.032252788543701
81 12.045156240463257
88 12.06331753730774
91 12.070130348205566
93 12.074822664260864
95 12.080561637878418
99 12.086736917495728
101 12.092321157455444
103 12.096876621246338
105 12.103224277496338
107 12.10964035987854
107 12.11421513557434
109 12.119908809661865
109 12.12442660331726
110 12.129963159561157
111 12.134486436843872
111 12.139988422393799
111 12.144498586654663
111 12.149980068206787
111 12.155659437179565
111 12.16116738319397
111 12.165932416915894
110 12.171225547790527
109 12.176037311553955
109 12.181687116622925
108 12.186266899108887
107 12.191807270050049
105 12.196369409561157
104 12.202614307403564
102 12.207742929458618
100 12.212759017944336
99 12.218207120895386
96 12.222851514816284
95 12.22834300994873
92 12.232988595962524
90 12.238476037979126
87 12.243201494216919
85 12.248958826065063
81 12.254604578018188
80 12.260120630264282
76 12.271669626235962
75 12.276264667510986
73 12.281915426254272
72 12.286465644836426
71 12.292202472686768
70 12.296710014343262
69 12.302391767501831
69 12.308612585067749
69 12.313173770904541
69 12.318819761276245
69 12.323206424713135
69 12.328930139541626
69 12.333306074142456
70 12.342212677001953
71 12.346757650375366
71 12.352262258529663
73 12.358474016189575
74 12.363200426101685
75 12.368905544281006
77 12.373652458190918
78 12.378988981246948
81 12.383753538131714
82 12.3891122341156
84 12.393873929977417
86 12.399136066436768
89 12.403941631317139
91 12.410274744033813
95 12.415051460266113
97 12.420860767364502
99 12.425640344619751
101 12.430999755859375
103 12.435806274414062
105 12.441075086593628
106 12.445894718170166
107 12.451173543930054
109 12.456719398498535
109 12.462255477905273
111 12.466803550720215
111 12.472391366958618
111 12.476954698562622
112 12.482656955718994
112 12.487714290618896
112 12.492761373519897
111 12.498192548751831
111 12.502852439880371
110 12.509281873703003
109 12.514070749282837
109 12.519323348999023
108 12.52410078048706
106 12.529667377471924
105 12.5342538356781
103 12.53992247581482
102 12.544435501098633
100 12.550135612487793
98 12.554745197296143
95 12.561148166656494
93 12.56596827507019
91 12.571233749389648
89 12.576094150543213
86 12.581607341766357
84 12.586287260055542
81 12.591800451278687
80 12.596343040466309
78 12.601985931396484
76 12.606520652770996
74 12.612579345703125
73 12.617158889770508
72 12.622660875320435
71 12.627173662185669
70 12.632670402526855
69 12.637675762176514
69 12.642686128616333
69 12.648142099380493
69 12.653018474578857
69 12.658467531204224
69 12.670732259750366
69 12.675265073776245
70 12.680998086929321
71 12.68574833869934
71 12.691184997558594
73 12.695944547653198
74 12.701354265213013
75 12.706130981445312
77 12.71226167678833
79 12.716804504394531
80 12.722427129745483
82 12.726969003677368
85 12.732496500015259
86 12.737072229385376
89 12.742567777633667
91 12.747135877609253
94 12.752684831619263
95 12.758214473724365
99 12.764083623886108
101 12.769588232040405
102 12.77418041229248
104 12.779867172241211
105 12.784412384033203
107 12.78993821144104
107 12.794472217559814
109 12.799983024597168
109 12.804492950439453
109 12.810200214385986
111 12.815929889678955
111 12.821228265762329
111 12.826031684875488
110 12.831286668777466
110 12.836090803146362
109 12.841782331466675
109 12.84636402130127
108 12.851883172988892
107 12.856451511383057
106 12.862597227096558
105 12.867171049118042
103 12.872751712799072
101 12.878211975097656
99 12.882875919342041
98 12.888354301452637
95 12.892985105514526
94 12.898460149765015
91 12.903299808502197
89 12.909019708633423
87 12.914584159851074
84 12.92015552520752
81 12.924774885177612
80 12.930208206176758
78 12.934773683547974
77 12.940324783325195
75 12.945045948028564
73 12.951241254806519
73 12.956021308898926
71 12.961675882339478
71 12.966980934143066
70 12.972480773925781
69 12.977001428604126
69 12.982470035552979
69 12.986975193023682
69 12.992509365081787
70 12.997016906738281
923 13.00501012802124
