0 0.0062868595123291016
0 0.01721358299255371
0 0.024045944213867188
1 0.028573274612426758
2 0.03418540954589844
2 0.03866386413574219
3 0.04591202735900879
4 0.050330162048339844
6 0.05574774742126465
7 0.060212135314941406
9 0.06602191925048828
10 0.0723264217376709
12 0.07663440704345703
14 0.08198022842407227
17 0.08646106719970703
19 0.09182333946228027
22 0.09648299217224121
24 0.10187220573425293
28 0.10651946067810059
30 0.11188864707946777
34 0.11640024185180664
38 0.12269353866577148
40 0.1273970603942871
43 0.13256454467773438
48 0.13728785514831543
50 0.14249610900878906
55 0.14722394943237305
58 0.1526341438293457
63 0.15736174583435059
66 0.162581205368042
71 0.16728949546813965
76 0.17354869842529297
79 0.17799758911132812
84 0.18343806266784668
87 0.18787479400634766
92 0.1932964324951172
94 0.1977863311767578
99 0.20326900482177734
102 0.2077641487121582
106 0.2134106159210205
108 0.21785259246826172
112 0.2240746021270752
115 0.22864174842834473
118 0.23426437377929688
120 0.2387847900390625
122 0.24428343772888184
124 0.24878907203674316
126 0.25432586669921875
127 0.2590487003326416
128 0.2643108367919922
130 0.26882052421569824
130 0.27530956268310547
132 0.2798008918762207
132 0.2852749824523926
132 0.2897603511810303
133 0.2951807975769043
133 0.2997162342071533
133 0.3051438331604004
132 0.3096644878387451
132 0.3158226013183594
131 0.3202826976776123
130 0.32640576362609863
130 0.3318464756011963
128 0.33652687072753906
127 0.34195828437805176
126 0.3465139865875244
124 0.3519458770751953
122 0.3565254211425781
120 0.3619246482849121
118 0.3666050434112549
117 0.3720076084136963
114 0.37775707244873047
112 0.3832707405090332
107 0.39421820640563965
104 0.39998602867126465
102 0.40560078620910645
99 0.4101271629333496
97 0.41573381423950195
94 0.42025041580200195
92 0.42653822898864746
90 0.4319634437561035
88 0.43643927574157715
86 0.4418494701385498
84 0.4463939666748047
82 0.451815128326416
80 0.45650720596313477
79 0.4618957042694092
78 0.4664132595062256
76 0.4718186855316162
75 0.47746753692626953
74 0.4826645851135254
73 0.48737573623657227
72 0.4927530288696289
72 0.49750399589538574
71 0.5026795864105225
70 0.5073976516723633
70 0.5127623081207275
70 0.5174787044525146
70 0.5226626396179199
70 0.5282449722290039
70 0.5336058139801025
70 0.5380420684814453
70 0.5434446334838867
71 0.5478785037994385
72 0.5533449649810791
72 0.5577936172485352
73 0.5632202625274658
74 0.5677225589752197
74 0.5733423233032227
76 0.5787785053253174
76 0.5842738151550293
78 0.5887196063995361
78 0.5941624641418457
80 0.598618745803833
80 0.6039509773254395
82 0.6085069179534912
82 0.6137681007385254
84 0.6183042526245117
84 0.62384033203125
86 0.629432201385498
87 0.6347687244415283
88 0.6395223140716553
89 0.6446812152862549
90 0.6493957042694092
91 0.6545593738555908
92 0.6592779159545898
92 0.6644902229309082
93 0.6692452430725098
94 0.6744582653045654
95 0.6799538135528564
96 0.6853978633880615
96 0.689965009689331
96 0.6955673694610596
97 0.7000467777252197
98 0.7054557800292969
98 0.7099316120147705
98 0.7153708934783936
98 0.7198467254638672
98 0.7252776622772217
98 0.7304928302764893
99 0.7359304428100586
99 0.7404115200042725
99 0.7458510398864746
99 0.7503023147583008
98 0.7559232711791992
98 0.7604286670684814
98 0.7659118175506592
98 0.7703821659088135
98 0.7955162525177002
96 0.8066389560699463
96 0.8180253505706787
95 0.8297841548919678
94 0.8387904167175293
93 0.8501758575439453
92 0.8620173931121826
92 0.8704988956451416
90 0.8819942474365234
90 0.8920667171478271
89 0.900486946105957
88 0.912574291229248
88 0.9182770252227783
88 0.9236116409301758
88 0.9280455112457275
88 0.9336090087890625
88 0.9380261898040771
87 0.9434144496917725
87 0.9478652477264404
87 0.957831621170044
87 0.9716076850891113
87 0.9792282581329346
87 0.9846463203430176
87 0.9896683692932129
87 0.9952402114868164
87 0.9997098445892334
87 1.0051400661468506
87 1.0096211433410645
87 1.015944004058838
87 1.0204100608825684
87 1.0258233547210693
87 1.030268907546997
87 1.0356781482696533
88 1.0400850772857666
88 1.0455162525177002
88 1.0499427318572998
88 1.0555737018585205
88 1.0599923133850098
88 1.0661132335662842
88 1.0706181526184082
88 1.0760266780853271
88 1.0805110931396484
88 1.0859355926513672
88 1.0903723239898682
88 1.0957775115966797
88 1.100231647491455
88 1.1056623458862305
88 1.1100835800170898
88 1.1156821250915527
88 1.1218316555023193
88 1.1263442039489746
88 1.1317131519317627
88 1.1364045143127441
88 1.1417744159698486
88 1.146467924118042
88 1.1518256664276123
88 1.1563539505004883
88 1.1617329120635986
88 1.1662700176239014
88 1.1727845668792725
88 1.1774876117706299
88 1.1826450824737549
88 1.187361478805542
88 1.1985869407653809
88 1.2041478157043457
88 1.2086176872253418
88 1.2141907215118408
88 1.2196311950683594
88 1.2251849174499512
88 1.229663372039795
88 1.2352268695831299
88 1.239687442779541
88 1.2450673580169678
88 1.2495481967926025
88 1.25474214553833
88 1.2593979835510254
88 1.264563798904419
88 1.2698853015899658
88 1.2754547595977783
88 1.279902458190918
88 1.2853164672851562
88 1.2897536754608154
88 1.2953145503997803
88 1.2997698783874512
88 1.305147647857666
88 1.309680461883545
88 1.315772533416748
88 1.321753740310669
88 1.3262579441070557
88 1.3312249183654785
88 1.3361172676086426
88 1.3405797481536865
88 1.345984697341919
88 1.350400686264038
88 1.3560519218444824
88 1.3605115413665771
88 1.3658957481384277
88 1.372035264968872
88 1.3764889240264893
88 1.3818557262420654
88 1.3863685131072998
88 1.3917362689971924
88 1.3962578773498535
88 1.4015717506408691
88 1.4063010215759277
88 1.4115791320800781
88 1.4162936210632324
88 1.4225075244903564
88 1.4271857738494873
88 1.432394027709961
88 1.436744213104248
88 1.4422926902770996
88 1.4465885162353516
88 1.4519391059875488
88 1.4564547538757324
88 1.461806297302246
88 1.4662978649139404
88 1.472581386566162
88 1.4773139953613281
88 1.4825031757354736
88 1.4867711067199707
88 1.4923393726348877
88 1.4966633319854736
88 1.5023448467254639
88 1.506640911102295
88 1.512026071548462
88 1.5164811611175537
88 1.521824836730957
88 1.5273902416229248
88 1.5327303409576416
88 1.5374119281768799
88 1.5425794124603271
88 1.547215223312378
88 1.5524113178253174
88 1.5567526817321777
88 1.5623421669006348
88 1.5666468143463135
88 1.5720462799072266
88 1.5776212215423584
88 1.582787275314331
88 1.5874745845794678
88 1.5985255241394043
88 1.6040012836456299
88 1.6085340976715088
88 1.613994836807251
88 1.6185102462768555
88 1.624826192855835
88 1.629570722579956
88 1.634749412536621
88 1.639420509338379
88 1.6445789337158203
88 1.6493239402770996
88 1.6546828746795654
88 1.6593868732452393
88 1.6646909713745117
88 1.6693899631500244
88 1.67549467086792
88 1.6799540519714355
88 1.6853995323181152
88 1.6898393630981445
88 1.6952540874481201
88 1.6996822357177734
88 1.7050905227661133
88 1.7095961570739746
88 1.7151358127593994
88 1.7196323871612549
88 1.7247793674468994
88 1.7301177978515625
88 1.7355246543884277
88 1.7399647235870361
88 1.7453656196594238
88 1.7498421669006348
88 1.7552447319030762
88 1.759716272354126
88 1.7650961875915527
88 1.769590139389038
88 1.7751398086547852
88 1.7803857326507568
88 1.7858612537384033
88 1.7902889251708984
88 1.7958970069885254
88 1.8003311157226562
88 1.805722951889038
88 1.810183048248291
88 1.8155877590179443
88 1.8199989795684814
88 1.8254354000091553
88 1.8306019306182861
88 1.8361608982086182
88 1.8405787944793701
88 1.8459627628326416
88 1.8503916263580322
88 1.8577449321746826
88 1.8631267547607422
88 1.8675849437713623
88 1.8727443218231201
88 1.8787479400634766
88 1.8840503692626953
88 1.8896985054016113
88 1.8952646255493164
88 1.8997132778167725
88 1.9054789543151855
88 1.9099619388580322
88 1.9153590202331543
88 1.9197940826416016
88 1.9253602027893066
88 1.9306120872497559
88 1.9360828399658203
88 1.9405176639556885
88 1.945876121520996
88 1.9502577781677246
88 1.955796718597412
88 1.9602386951446533
88 1.9656240940093994
88 1.9700450897216797
88 1.975409746170044
88 1.9805212020874023
88 1.9859004020690918
88 1.9903321266174316
88 2.001821994781494
88 2.0064656734466553
88 2.0118112564086914
88 2.0165934562683105
88 2.02558970451355
88 2.031663179397583
88 2.03619384765625
88 2.0406394004821777
88 2.0460729598999023
88 2.050527811050415
88 2.056096315383911
88 2.0605309009552
88 2.065922737121582
88 2.070378541946411
88 2.0759267807006836
88 2.082005023956299
88 2.0864932537078857
88 2.091848134994507
88 2.0963382720947266
88 2.1017003059387207
88 2.106245994567871
88 2.11156964302063
88 2.1161317825317383
88 2.120568037033081
88 2.125936269760132
88 2.132025957107544
88 2.136711835861206
88 2.1420645713806152
88 2.146536350250244
88 2.1518802642822266
88 2.1564126014709473
88 2.161811590194702
88 2.1663129329681396
88 2.1716644763946533
88 2.1761820316314697
88 2.1806070804595947
88 2.1872434616088867
88 2.1926164627075195
88 2.197287082672119
88 2.202484369277954
88 2.206779956817627
88 2.21235728263855
88 2.216649055480957
88 2.2220277786254883
88 2.2264983654022217
88 2.231842279434204
88 2.237476110458374
88 2.2426297664642334
88 2.247316598892212
88 2.252629280090332
88 2.257296562194824
88 2.2625136375427246
88 2.2667593955993652
88 2.2723498344421387
88 2.276651382446289
88 2.2819933891296387
88 2.287677764892578
88 2.2930707931518555
88 2.2975351810455322
88 2.302678108215332
88 2.3073418140411377
88 2.3136680126190186
88 2.318071126937866
88 2.323512077331543
88 2.3279149532318115
88 2.333307981491089
88 2.3386342525482178
88 2.3438212871551514
88 2.3483235836029053
88 2.353649139404297
88 2.358035087585449
88 2.36342453956604
88 2.3678369522094727
88 2.373413324356079
88 2.3778316974639893
88 2.383237600326538
88 2.388552188873291
88 2.398332357406616
88 2.404710054397583
88 2.4093825817108154
88 2.4146981239318848
88 2.4193904399871826
88 2.4246904850006104
88 2.4293899536132812
88 2.434695243835449
88 2.4401376247406006
88 2.4456899166107178
88 2.45011043548584
88 2.4555206298828125
88 2.459947109222412
88 2.4653444290161133
88 2.4697885513305664
88 2.475238084793091
88 2.4797279834747314
88 2.485182046890259
88 2.4904487133026123
88 2.4960007667541504
88 2.500419855117798
88 2.505812644958496
88 2.510227918624878
88 2.5156617164611816
88 2.5200841426849365
88 2.5254716873168945
88 2.5299301147460938
88 2.535330295562744
88 2.5404765605926514
88 2.5458335876464844
88 2.550248146057129
88 2.5558080673217773
88 2.5602571964263916
88 2.565680742263794
88 2.5701444149017334
88 2.575700044631958
88 2.5800981521606445
88 2.5854666233062744
88 2.5915873050689697
88 2.5961437225341797
88 2.6005847454071045
88 2.6059746742248535
88 2.610412359237671
88 2.6159708499908447
88 2.620403289794922
88 2.625784397125244
88 2.630218029022217
88 2.635641098022461
88 2.6416468620300293
88 2.646225929260254
88 2.6511850357055664
88 2.656073570251465
88 2.6605217456817627
88 2.6659085750579834
88 2.6703686714172363
88 2.6759395599365234
88 2.680367946624756
88 2.685743570327759
88 2.691837787628174
88 2.696326494216919
88 2.701688528060913
88 2.7063817977905273
88 2.7117440700531006
88 2.716245651245117
88 2.7211661338806152
88 2.7260794639587402
88 2.7305171489715576
88 2.736098527908325
88 2.7424235343933105
88 2.746713161468506
88 2.7520675659179688
88 2.756523847579956
88 2.761896848678589
88 2.7663683891296387
88 2.7717316150665283
88 2.78043532371521
88 2.7860867977142334
88 2.7926933765411377
88 2.8042314052581787
88 2.80867075920105
88 2.8142967224121094
88 2.8187177181243896
88 2.824254274368286
88 2.828655958175659
88 2.834195137023926
88 2.8386306762695312
88 2.8447508811950684
88 2.8494253158569336
88 2.8547348976135254
88 2.859386682510376
88 2.864522695541382
88 2.8691773414611816
88 2.874408721923828
88 2.879044771194458
88 2.884251594543457
88 2.888669013977051
88 2.8962209224700928
88 2.9020676612854004
88 2.9065301418304443
88 2.911879539489746
88 2.9165151119232178
88 2.922602653503418
88 2.9272477626800537
88 2.932427406311035
88 2.9367146492004395
88 2.9422800540924072
88 2.9477779865264893
88 2.9532358646392822
88 2.957667112350464
88 2.96321702003479
88 2.967655897140503
88 2.9732117652893066
88 2.9776623249053955
88 2.9830567836761475
88 2.9875094890594482
88 2.99265718460083
88 2.998046636581421
88 3.003408432006836
88 3.0078225135803223
88 3.013259172439575
88 3.017681121826172
88 3.023049831390381
88 3.0275042057037354
88 3.032825231552124
88 3.0375282764434814
88 3.0426642894744873
88 3.0480189323425293
88 3.053412437438965
88 3.057870864868164
88 3.0632693767547607
88 3.0677073001861572
88 3.073068618774414
88 3.0775108337402344
88 3.082676410675049
88 3.087336540222168
88 3.092674970626831
88 3.0982587337493896
88 3.103585958480835
88 3.1079816818237305
88 3.1133713722229004
88 3.11777925491333
88 3.123189687728882
88 3.127659320831299
88 3.132798194885254
88 3.1374905109405518
88 3.142639398574829
88 3.1482081413269043
88 3.153688907623291
88 3.1581709384918213
88 3.1634554862976074
88 3.1678590774536133
88 3.1732587814331055
88 3.177700996398926
88 3.183112382888794
88 3.1875698566436768
88 3.1927170753479004
88 3.204523801803589
88 3.209235429763794
88 3.2146592140197754
88 3.2193238735198975
88 3.2247612476348877
88 3.2294816970825195
88 3.2347633838653564
88 3.2394378185272217
88 3.244598865509033
88 3.2500414848327637
88 3.2554454803466797
88 3.259871482849121
88 3.265305757522583
88 3.269770860671997
88 3.275327682495117
88 3.279778003692627
88 3.2851498126983643
88 3.2896461486816406
88 3.2947957515716553
88 3.3001837730407715
88 3.305626392364502
88 3.3100697994232178
88 3.316110849380493
88 3.3205323219299316
88 3.325930595397949
88 3.3303606510162354
88 3.3359336853027344
88 3.34039044380188
88 3.3457698822021484
88 3.3519108295440674
88 3.35654354095459
88 3.361895799636841
88 3.3664050102233887
88 3.3717503547668457
88 3.376270055770874
88 3.3815999031066895
88 3.3861515522003174
88 3.39058518409729
88 3.3961293697357178
88 3.4024884700775146
88 3.4067797660827637
88 3.412443161010742
88 3.4167160987854004
88 3.4220826625823975
88 3.4265782833099365
88 3.4319114685058594
88 3.436405897140503
88 3.4418094158172607
88 3.446303606033325
88 3.4527482986450195
88 3.4574408531188965
88 3.462601661682129
88 3.467264413833618
88 3.4724671840667725
88 3.476727247238159
88 3.482084274291992
88 3.4867210388183594
88 3.4920806884765625
88 3.496570110321045
88 3.503077507019043
88 3.5075623989105225
88 3.5131173133850098
88 3.517575979232788
88 3.522692918777466
88 3.52740740776062
88 3.532569408416748
88 3.5372304916381836
88 3.54243803024292
88 3.546710729598999
88 3.5520811080932617
88 3.5577552318573
88 3.563113212585449
88 3.567563533782959
88 3.5730443000793457
88 3.5775136947631836
88 3.5826785564422607
88 3.5873641967773438
88 3.592550277709961
88 3.6016147136688232
88 3.6092538833618164
88 3.614701271057129
88 3.6194093227386475
88 3.6247403621673584
88 3.629406690597534
88 3.634775161743164
88 3.639449119567871
88 3.644589900970459
88 3.6492769718170166
88 3.655381441116333
88 3.659888505935669
88 3.665325403213501
88 3.6697683334350586
88 3.675179958343506
88 3.679654598236084
88 3.684793472290039
88 3.6894869804382324
88 3.6947996616363525
88 3.699460983276367
88 3.7045950889587402
88 3.7100586891174316
88 3.715424060821533
88 3.7198987007141113
88 3.725327730178833
88 3.7297658920288086
88 3.7351419925689697
88 3.739624500274658
88 3.745152235031128
88 3.7496402263641357
88 3.755239486694336
88 3.7604432106018066
88 3.765923500061035
88 3.7703590393066406
88 3.7757668495178223
88 3.7802302837371826
88 3.7857625484466553
88 3.7902181148529053
88 3.7956604957580566
88 3.80008864402771
88 3.8054699897766113
88 3.81160831451416
88 3.8162992000579834
88 3.821610927581787
88 3.826157569885254
88 3.8305869102478027
88 3.835984230041504
88 3.84043550491333
88 3.8458385467529297
88 3.850367546081543
88 3.855746030807495
88 3.8618643283843994
88 3.8663790225982666
88 3.8717405796051025
88 3.8763952255249023
88 3.881736993789673
88 3.886242151260376
88 3.891148328781128
88 3.896085023880005
88 3.900526762008667
88 3.9058990478515625
88 3.9119441509246826
88 3.916412353515625
88 3.921733856201172
88 3.9262657165527344
88 3.931206226348877
88 3.9380364418029785
88 3.9435391426086426
88 3.9479176998138428
88 3.9534380435943604
88 3.9578192234039307
88 3.9642746448516846
88 3.9686825275421143
88 3.973999500274658
88 3.9785189628601074
88 3.9867260456085205
88 3.9924581050872803
88 3.9967496395111084
88 4.008411884307861
88 4.014775276184082
88 4.019470930099487
88 4.024789333343506
88 4.029468297958374
88 4.0347394943237305
88 4.0394415855407715
88 4.0445778369903564
88 4.049253463745117
88 4.054556131362915
88 4.059220552444458
88 4.065419673919678
88 4.0698559284210205
88 4.07526707649231
88 4.079732656478882
88 4.085095643997192
88 4.089579343795776
88 4.094767808914185
88 4.099424839019775
88 4.104556560516357
88 4.109220743179321
88 4.115416765213013
88 4.119878530502319
88 4.125346422195435
88 4.129782199859619
88 4.1353819370269775
88 4.13981032371521
88 4.145190000534058
88 4.149662017822266
88 4.154828310012817
88 4.159528970718384
88 4.165628433227539
88 4.170043468475342
88 4.175597667694092
88 4.1800055503845215
88 4.185420036315918
88 4.189854383468628
88 4.195265293121338
88 4.199703693389893
88 4.2050981521606445
88 4.209606885910034
88 4.215795278549194
88 4.22023344039917
88 4.2256598472595215
88 4.230150461196899
88 4.235682964324951
88 4.2401275634765625
88 4.2455174922943115
88 4.24992561340332
88 4.255331754684448
88 4.259764194488525
88 4.266096353530884
88 4.270550489425659
88 4.275922775268555
88 4.2803521156311035
88 4.2857506275177
88 4.290228605270386
88 4.295783042907715
88 4.300233364105225
88 4.305654287338257
88 4.310086488723755
88 4.317237138748169
88 4.322436094284058
88 4.32672905921936
88 4.332294225692749
88 4.336585998535156
88 4.34191632270813
88 4.346393823623657
88 4.3517351150512695
88 4.356399297714233
88 4.361800193786621
88 4.367350101470947
88 4.372584819793701
88 4.377225399017334
88 4.3824427127838135
88 4.386720657348633
88 4.392084360122681
88 4.3967084884643555
88 4.408200263977051
88 4.413764715194702
88 4.419403553009033
88 4.424746036529541
88 4.429412126541138
88 4.4347169399261475
88 4.439418077468872
88 4.444586753845215
88 4.449264049530029
88 4.454458475112915
88 4.459092140197754
88 4.46431303024292
88 4.469775199890137
88 4.475339651107788
88 4.479783296585083
88 4.485154628753662
88 4.489640474319458
88 4.494823932647705
88 4.49953556060791
88 4.504683256149292
88 4.509363412857056
88 4.5145111083984375
88 4.519930362701416
88 4.5255231857299805
88 4.529926776885986
88 4.535508394241333
88 4.539949893951416
88 4.545351505279541
88 4.549786806106567
88 4.555209398269653
88 4.5596489906311035
88 4.564816951751709
88 4.570286512374878
88 4.575678825378418
88 4.5801239013671875
88 4.585519552230835
88 4.589919328689575
88 4.595461368560791
88 4.599897384643555
88 4.605321407318115
88 4.609800815582275
88 4.615208148956299
88 4.6203508377075195
88 4.625739097595215
88 4.630175590515137
88 4.635615587234497
88 4.640103101730347
88 4.645482301712036
88 4.6499059200286865
88 4.655503034591675
88 4.659917116165161
88 4.6653242111206055
88 4.6705358028411865
88 4.6759254932403564
88 4.680365324020386
88 4.685755252838135
88 4.69019627571106
88 4.695603132247925
88 4.700011253356934
88 4.7053916454315186
88 4.70981764793396
88 4.715376615524292
88 4.72053337097168
88 4.726001024246216
88 4.730429410934448
88 4.735788583755493
88 4.740220785140991
88 4.745639085769653
88 4.750101327896118
88 4.755497694015503
88 4.759917497634888
88 4.765305280685425
88 4.769741773605347
88 4.77604866027832
88 4.780481338500977
88 4.786150217056274
88 4.7905662059783936
88 4.79594349861145
88 4.805778980255127
88 4.811888933181763
88 4.816582441329956
88 4.8232080936431885
88 4.827719449996948
88 4.833378314971924
88 4.837811470031738
88 4.843205451965332
88 4.847636461257935
88 4.852790355682373
88 4.85747218132019
88 4.862604141235352
88 4.867288827896118
88 4.8725059032440186
88 4.877887725830078
88 4.883277654647827
88 4.887698411941528
88 4.893256902694702
88 4.897696495056152
88 4.9030444622039795
88 4.90751576423645
88 4.912827491760254
88 4.917496204376221
88 4.922666072845459
88 4.92816948890686
88 4.933450222015381
88 4.937851667404175
88 4.94326639175415
88 4.947698354721069
88 4.953251838684082
88 4.95769190788269
88 4.963057994842529
88 4.9675352573394775
88 4.972668170928955
88 4.978042125701904
88 4.983426332473755
88 4.987819671630859
88 4.993196487426758
88 4.997620344161987
88 5.002791404724121
88 5.007470369338989
88 5.0128014087677
88 5.017471551895142
88 5.022653341293335
88 5.028003692626953
88 5.033399343490601
88 5.037829160690308
88 5.043406963348389
88 5.047800302505493
88 5.053204298019409
88 5.0576348304748535
88 5.062789678573608
88 5.067483901977539
88 5.072804689407349
88 5.078400373458862
88 5.083669662475586
88 5.088054180145264
88 5.09346079826355
88 5.0978686809539795
88 5.103258371353149
88 5.107674837112427
88 5.112825155258179
88 5.117501735687256
88 5.122645854949951
88 5.128231048583984
88 5.133681774139404
88 5.138169527053833
88 5.143465757369995
88 5.147873878479004
88 5.1532886028289795
88 5.157707214355469
88 5.163064479827881
88 5.167524099349976
88 5.173052549362183
88 5.17827033996582
88 5.183689117431641
88 5.188060283660889
88 5.193594455718994
88 5.198025226593018
88 5.20909309387207
88 5.214429616928101
88 5.219093561172485
88 5.224438428878784
88 5.229891300201416
88 5.235461711883545
88 5.239913463592529
88 5.245330810546875
88 5.249802112579346
88 5.2553980350494385
88 5.259850263595581
88 5.265296220779419
88 5.269734621047974
88 5.2751145362854
88 5.280276536941528
88 5.28569483757019
88 5.290096759796143
88 5.295516729354858
88 5.2999267578125
88 5.305522441864014
88 5.309927701950073
88 5.316126585006714
88 5.320554971694946
88 5.325952529907227
88 5.332058668136597
88 5.336531162261963
88 5.341883659362793
88 5.34635853767395
88 5.351755380630493
88 5.356274604797363
88 5.361572027206421
88 5.366114139556885
88 5.37056565284729
88 5.376093149185181
88 5.382420539855957
88 5.386755704879761
88 5.392339706420898
88 5.396643400192261
88 5.402010202407837
88 5.406456470489502
88 5.411813020706177
88 5.41628360748291
88 5.42156457901001
88 5.4261109828948975
88 5.432596206665039
88 5.43733286857605
88 5.4425177574157715
88 5.4467737674713135
88 5.452365875244141
88 5.456664323806763
88 5.462015628814697
88 5.466477870941162
88 5.471845388412476
88 5.476327419281006
88 5.481676816940308
88 5.487323760986328
88 5.492638349533081
88 5.497356653213501
88 5.502501964569092
88 5.506758213043213
88 5.512325286865234
88 5.516628980636597
88 5.521980285644531
88 5.526478052139282
88 5.531813859939575
88 5.537493467330933
88 5.542617559432983
88 5.547265529632568
88 5.5526206493377686
88 5.557316780090332
88 5.5626444816589355
88 5.567319631576538
88 5.572592258453369
88 5.577264785766602
88 5.582478761672974
88 5.587921619415283
88 5.593281030654907
88 5.597714185714722
88 5.607533693313599
88 5.614194869995117
88 5.6186559200286865
88 5.624201536178589
88 5.628644943237305
88 5.634181499481201
88 5.639657735824585
88 5.644788503646851
88 5.649466037750244
88 5.65459942817688
88 5.659265041351318
88 5.664457321166992
88 5.669140577316284
88 5.674476385116577
88 5.679168939590454
88 5.684337854385376
88 5.6896867752075195
88 5.6952784061431885
88 5.699708461761475
88 5.7051005363464355
88 5.709575176239014
88 5.714744806289673
88 5.719417095184326
88 5.724606037139893
88 5.729260206222534
88 5.734560251235962
88 5.740012168884277
88 5.7454235553741455
88 5.74987268447876
88 5.755316257476807
88 5.7597692012786865
88 5.765134572982788
88 5.769629240036011
88 5.778753757476807
88 5.784233808517456
88 5.79449200630188
88 5.806100845336914
88 5.814709186553955
88 5.829229116439819
88 5.836519002914429
88 5.8475892543792725
88 5.859634876251221
88 5.868553876876831
88 5.87984037399292
88 5.8887903690338135
88 5.900064468383789
88 5.907731294631958
88 5.913251161575317
88 5.917660713195801
88 5.923047304153442
88 5.927492618560791
88 5.932654619216919
88 5.937306880950928
88 5.947268962860107
88 5.9591968059539795
88 5.966622352600098
88 5.974445343017578
88 5.979397296905518
88 5.984523773193359
88 5.989161252975464
88 5.994315147399902
88 5.998720169067383
88 6.010300874710083
88 6.01586389541626
88 6.020251035690308
88 6.025784015655518
88 6.030238389968872
88 6.035872459411621
88 6.040260076522827
88 6.045678377151489
88 6.050091743469238
88 6.055464506149292
88 6.06063175201416
88 6.066035270690918
88 6.084029197692871
88 6.08855414390564
88 6.094043254852295
88 6.098583221435547
88 6.1037819385528564
88 6.109426021575928
88 6.114605665206909
88 6.119322061538696
88 6.124438524246216
88 6.129112243652344
88 6.13431191444397
88 6.138726472854614
88 6.144057750701904
88 6.1485748291015625
88 6.154056072235107
88 6.158571481704712
88 6.164724349975586
88 6.169443368911743
88 6.174576282501221
88 6.179259777069092
88 6.184426307678223
88 6.189085483551025
88 6.194289684295654
88 6.1987385749816895
88 6.204063892364502
88 6.208587408065796
88 6.2151734828948975
88 6.2196574211120605
88 6.225245237350464
88 6.229681730270386
88 6.234821796417236
88 6.239527940750122
88 6.244676828384399
88 6.2493274211883545
88 6.254479169845581
88 6.259166717529297
88 6.265379190444946
88 6.269830226898193
88 6.2754151821136475
88 6.279863595962524
88 6.285282373428345
88 6.289721250534058
88 6.29510498046875
88 6.299585580825806
88 6.304745197296143
88 6.309425592422485
88 6.316098213195801
88 6.320549964904785
88 6.325927734375
88 6.330346345901489
88 6.335920333862305
88 6.3403565883636475
88 6.345782041549683
88 6.350228786468506
88 6.355774402618408
88 6.36023211479187
88 6.366331577301025
88 6.37169075012207
88 6.376242160797119
88 6.381567001342773
88 6.386117458343506
88 6.390564680099487
88 6.396099090576172
88 6.400536060333252
88 6.410484075546265
88 6.417795896530151
88 6.423357248306274
88 6.427796363830566
88 6.433351039886475
88 6.437752723693848
88 6.44315767288208
88 6.447578191757202
88 6.45313835144043
88 6.4576051235198975
88 6.462766647338867
88 6.468272924423218
88 6.4735846519470215
88 6.477989196777344
88 6.483552694320679
88 6.487953424453735
88 6.49333381652832
88 6.49774694442749
88 6.503130197525024
88 6.507570505142212
88 6.513100624084473
88 6.518404006958008
88 6.523648023605347
88 6.5280373096466064
88 6.533413648605347
88 6.5378429889678955
88 6.54327392578125
88 6.547697305679321
88 6.553045749664307
88 6.557508230209351
88 6.56266188621521
88 6.568007469177246
88 6.5735766887664795
88 6.578010320663452
88 6.583397388458252
88 6.58778977394104
88 6.5931737422943115
88 6.5976080894470215
88 6.602794170379639
88 6.6074724197387695
88 6.612780809402466
88 6.618408918380737
88 6.623639106750488
88 6.628193140029907
88 6.633659839630127
88 6.638051748275757
88 6.64343786239624
88 6.647834300994873
88 6.653249502182007
88 6.657680511474609
88 6.662822723388672
88 6.66851282119751
88 6.673673868179321
88 6.678056955337524
88 6.68344783782959
88 6.687883138656616
88 6.693420648574829
88 6.697824239730835
88 6.703204870223999
88 6.707662582397461
88 6.712810754776001
88 6.718264579772949
88 6.723593235015869
88 6.72802996635437
88 6.733403921127319
88 6.737798452377319
88 6.74338960647583
88 6.747773885726929
88 6.753359794616699
88 6.757786512374878
88 6.763209819793701
88 6.768613338470459
88 6.774038791656494
88 6.778562545776367
88 6.783826589584351
88 6.788339376449585
88 6.793648958206177
88 6.798052549362183
88 6.803456544876099
88 6.814479112625122
88 6.819868326187134
88 6.825456142425537
88 6.8299078941345215
88 6.835467338562012
88 6.8398964405059814
88 6.845461368560791
88 6.849890470504761
88 6.855334758758545
88 6.859776973724365
88 6.865132808685303
88 6.870306015014648
88 6.875925302505493
88 6.880369186401367
88 6.885779619216919
88 6.890207290649414
88 6.895909070968628
88 6.9003307819366455
88 6.905734539031982
88 6.910191059112549
88 6.915626525878906
88 6.921700716018677
88 6.92624044418335
88 6.931155681610107
88 6.936239242553711
88 6.941638946533203
88 6.946201801300049
88 6.9506142139434814
88 6.956014394760132
88 6.960438251495361
88 6.965800046920776
88 6.970275163650513
88 6.976402044296265
88 6.981755495071411
88 6.9862682819366455
88 6.9912121295928955
88 6.996283531188965
88 7.00161075592041
88 7.006300449371338
88 7.011213302612305
88 7.016107082366943
88 7.020525932312012
88 7.026668071746826
88 7.032041311264038
88 7.0365190505981445
88 7.041867256164551
88 7.0463645458221436
88 7.0517261028289795
88 7.056391477584839
88 7.061732530593872
88 7.066282510757446
88 7.071575403213501
88 7.077284812927246
88 7.082474231719971
88 7.086748838424683
88 7.092304944992065
88 7.0965986251831055
88 7.10195255279541
88 7.106420040130615
88 7.111810207366943
88 7.116496324539185
88 7.121851205825806
88 7.127544641494751
88 7.133069276809692
88 7.1375391483306885
88 7.14269757270813
88 7.147357940673828
88 7.152586221694946
88 7.157259941101074
88 7.162431716918945
88 7.166702747344971
88 7.172087907791138
88 7.177867412567139
88 7.183252334594727
88 7.187688589096069
88 7.192818641662598
88 7.197493553161621
88 7.202666282653809
88 7.210123777389526
88 7.218676567077637
88 7.224268674850464
88 7.229656457901001
88 7.235309362411499
88 7.239760160446167
88 7.245312452316284
88 7.249776840209961
88 7.255191087722778
88 7.259685277938843
88 7.265238523483276
88 7.269695281982422
88 7.275079727172852
88 7.280364036560059
88 7.2857825756073
88 7.29022741317749
88 7.295804023742676
88 7.3002142906188965
88 7.305630207061768
88 7.310052394866943
88 7.316116094589233
88 7.320518255233765
88 7.32592248916626
88 7.332006216049194
88 7.336474657058716
88 7.341862916946411
88 7.346367120742798
88 7.351716041564941
88 7.356378793716431
88 7.3617329597473145
88 7.366259574890137
88 7.371607065200806
88 7.376141786575317
88 7.3824076652526855
88 7.386746168136597
88 7.39208984375
88 7.396700859069824
88 7.402095794677734
88 7.40657901763916
88 7.411914825439453
88 7.416546583175659
88 7.421888828277588
88 7.426370143890381
88 7.432687997817993
88 7.437359094619751
88 7.4425084590911865
88 7.446780681610107
88 7.452348232269287
88 7.456667184829712
88 7.462043285369873
88 7.466506004333496
88 7.471853494644165
88 7.476516485214233
88 7.482815504074097
88 7.487512826919556
88 7.49264931678772
88 7.497286319732666
88 7.502464294433594
88 7.5067174434661865
88 7.512084245681763
88 7.516593933105469
88 7.521944522857666
88 7.526576995849609
88 7.533358335494995
88 7.537773847579956
88 7.543200969696045
88 7.547631740570068
88 7.552783489227295
88 7.557461261749268
88 7.562597990036011
88 7.567241907119751
88 7.572458028793335
88 7.576711654663086
88 7.583269834518433
88 7.587709903717041
88 7.593271970748901
88 7.597710609436035
88 7.603116035461426
88 7.612780332565308
88 7.618718862533569
88 7.624264478683472
88 7.628716230392456
88 7.635299444198608
88 7.639744997024536
88 7.645320415496826
88 7.6498048305511475
88 7.655426502227783
88 7.659878492355347
88 7.665282964706421
88 7.66976523399353
88 7.675146102905273
88 7.679656267166138
88 7.685811281204224
88 7.6902453899383545
88 7.695659160614014
88 7.700078725814819
88 7.7054667472839355
88 7.7099034786224365
88 7.7155773639678955
88 7.720005989074707
88 7.725393295288086
88 7.7298424243927
88 7.736010551452637
88 7.740453243255615
88 7.7458655834198
88 7.750260829925537
88 7.755680322647095
88 7.760095834732056
88 7.7654807567596436
88 7.769942998886108
88 7.775519371032715
88 7.786451816558838
88 7.791845083236694
88 7.796340227127075
88 7.801676034927368
88 7.80622673034668
88 7.811931848526001
88 7.816404342651367
88 7.821782350540161
88 7.826284646987915
88 7.83160400390625
88 7.837430477142334
88 7.842572450637817
88 7.847209930419922
88 7.852446794509888
88 7.856726884841919
88 7.86208963394165
88 7.866591930389404
88 7.871929407119751
88 7.87640905380249
88 7.881797552108765
88 7.887321710586548
88 7.892679214477539
88 7.897379159927368
88 7.902564764022827
88 7.907215595245361
88 7.912569522857666
88 7.917231798171997
88 7.922394752502441
88 7.926663398742676
88 7.931992292404175
88 7.937669038772583
88 7.942807197570801
88 7.947464227676392
88 7.952788591384888
88 7.957476854324341
88 7.962616920471191
88 7.967281103134155
88 7.972431659698486
88 7.976746559143066
88 7.982091426849365
88 7.987748384475708
88 7.993140935897827
88 7.997572898864746
88 8.002691984176636
88 8.00735855102539
88 8.018748998641968
88 8.024282455444336
88 8.02871561050415
88 8.03426742553711
88 8.03959608078003
88 8.045271635055542
88 8.049712896347046
88 8.055064678192139
88 8.059544324874878
88 8.064685821533203
88 8.069353342056274
88 8.074682712554932
88 8.079338312149048
88 8.084481716156006
88 8.094172239303589
88 8.09861445426941
88 8.10383152961731
88 8.108329772949219
88 8.113645553588867
88 8.118054151535034
88 8.12345027923584
88 8.127837896347046
88 8.133418798446655
88 8.137828350067139
88 8.144155740737915
88 8.148622989654541
88 8.153793811798096
88 8.15829610824585
88 8.163637161254883
88 8.168030500411987
88 8.173580169677734
88 8.178016662597656
88 8.183393955230713
88 8.187793493270874
88 8.194328784942627
88 8.198767185211182
88 8.204059839248657
88 8.208586931228638
88 8.213786840438843
88 8.218278169631958
88 8.223647117614746
88 8.22803807258606
88 8.233417987823486
88 8.23787260055542
88 8.244277954101562
88 8.248729467391968
88 8.254281520843506
88 8.25871467590332
88 8.264018535614014
88 8.268556833267212
88 8.273796319961548
88 8.278316497802734
88 8.283647060394287
88 8.288063764572144
88 8.294420003890991
88 8.299108028411865
88 8.304443359375
88 8.30915117263794
88 8.315491437911987
88 8.319907903671265
88 8.325292587280273
88 8.32976222038269
88 8.335154056549072
88 8.339648246765137
88 8.345745086669922
88 8.350192070007324
88 8.355591535568237
88 8.360002517700195
88 8.365427494049072
88 8.369884729385376
88 8.375420093536377
88 8.37986421585083
88 8.385260343551636
88 8.389751434326172
88 8.395954132080078
88 8.40037202835083
88 8.40575122833252
88 8.419659614562988
88 8.425231695175171
88 8.429676532745361
88 8.435403108596802
88 8.440223455429077
88 8.44656252861023
88 8.451906204223633
88 8.456384181976318
88 8.461758613586426
88 8.466260433197021
88 8.47159194946289
88 8.476109504699707
88 8.480542659759521
88 8.485910177230835
88 8.490362644195557
88 8.496609449386597
88 8.501981258392334
88 8.50644326210022
88 8.511770248413086
88 8.516315221786499
88 8.521631240844727
88 8.526172161102295
88 8.530606031417847
88 8.53600287437439
88 8.540398120880127
88 8.546417951583862
88 8.551818609237671
88 8.556468963623047
88 8.561819314956665
88 8.566474437713623
88 8.571812868118286
88 8.576319456100464
88 8.581616163253784
88 8.586161613464355
88 8.590573072433472
88 8.596679449081421
88 8.602068185806274
88 8.606541395187378
88 8.61188530921936
88 8.616521120071411
88 8.62188720703125
88 8.626378774642944
88 8.63175368309021
88 8.636257648468018
88 8.641587495803833
88 8.647278547286987
88 8.652510404586792
88 8.656764268875122
88 8.66236162185669
88 8.666645050048828
88 8.671994924545288
88 8.676620483398438
88 8.68198275566101
88 8.686458349227905
88 8.691837549209595
88 8.69647741317749
88 8.702683687210083
88 8.707372426986694
88 8.712547063827515
88 8.717199087142944
88 8.722432374954224
88 8.726699590682983
88 8.732059955596924
88 8.736713886260986
88 8.742283582687378
88 8.74658727645874
88 8.753209829330444
88 8.757641553878784
88 8.762785911560059
88 8.767472267150879
88 8.772611856460571
88 8.777320146560669
88 8.782580852508545
88 8.787237882614136
88 8.792568922042847
88 8.797253608703613
88 8.80338716506958
88 8.807814359664917
88 8.819525957107544
88 8.825968265533447
88 8.830399751663208
88 8.836363792419434
88 8.842787742614746
88 8.847496032714844
88 8.853813171386719
88 8.858316659927368
88 8.864205598831177
88 8.868652105331421
88 8.873958349227905
88 8.878414392471313
88 8.883671283721924
88 8.888063907623291
88 8.893436908721924
88 8.897880792617798
88 8.90428614616394
88 8.908738613128662
88 8.914278268814087
88 8.918677568435669
88 8.92400598526001
88 8.928524732589722
88 8.933714628219604
88 8.938223600387573
88 8.943546533584595
88 8.947944164276123
88 8.954424619674683
88 8.959102392196655
88 8.964273452758789
88 8.968738794326782
88 8.974277257919312
88 8.978682279586792
88 8.984012603759766
88 8.988578081130981
88 8.993757486343384
88 8.998287677764893
88 9.004501342773438
88 9.009186029434204
88 9.014348983764648
88 9.018775463104248
88 9.024167537689209
88 9.02860426902771
88 9.034031629562378
88 9.038580417633057
88 9.04380488395691
88 9.048313617706299
88 9.054664611816406
88 9.059356212615967
88 9.064551591873169
88 9.069203615188599
88 9.074410200119019
88 9.079086303710938
88 9.084474563598633
88 9.08915114402771
88 9.09446382522583
88 9.099107503890991
88 9.105297088623047
88 9.109799146652222
88 9.115202903747559
88 9.119657039642334
88 9.12481427192688
88 9.129528045654297
88 9.134681940078735
88 9.139358043670654
88 9.144521951675415
88 9.14917802810669
88 9.1554594039917
88 9.159909009933472
88 9.165306091308594
88 9.169777154922485
88 9.17518162727356
88 9.17963695526123
88 9.184793710708618
88 9.189466714859009
88 9.194602966308594
88 9.199265003204346
88 9.204440355300903
88 9.209779739379883
88 9.2205331325531
88 9.226096153259277
88 9.230535984039307
88 9.236082315444946
88 9.240533113479614
88 9.246086359024048
88 9.250545024871826
88 9.256676197052002
88 9.262085437774658
88 9.266567945480347
88 9.271920919418335
88 9.276565313339233
88 9.281963348388672
88 9.28646206855774
88 9.291811466217041
88 9.296346187591553
88 9.301721096038818
88 9.307433366775513
88 9.313589811325073
88 9.318001508712769
88 9.323395729064941
88 9.327789783477783
88 9.333343029022217
88 9.337769985198975
88 9.343297481536865
88 9.347732067108154
88 9.35312533378601
88 9.358466386795044
88 9.36367130279541
88 9.368072748184204
88 9.373438835144043
88 9.377828121185303
88 9.383247375488281
88 9.387701272964478
88 9.393253803253174
88 9.397689819335938
88 9.403085231781006
88 9.407551765441895
88 9.413739681243896
88 9.418243408203125
88 9.423610925674438
88 9.428030967712402
88 9.433413743972778
88 9.43781852722168
88 9.44320559501648
88 9.447643041610718
88 9.453240156173706
88 9.45766830444336
88 9.46375060081482
88 9.468222618103027
88 9.473664045333862
88 9.478179454803467
88 9.483518123626709
88 9.48791766166687
88 9.493311643600464
88 9.497716665267944
88 9.503055334091187
88 9.507528305053711
88 9.513998985290527
88 9.518569469451904
88 9.523789644241333
88 9.528292417526245
88 9.533595323562622
88 9.538008213043213
88 9.543428897857666
88 9.547816276550293
88 9.553197383880615
88 9.557644128799438
88 9.563815116882324
88 9.568471193313599
88 9.573832750320435
88 9.578405141830444
88 9.58365797996521
88 9.588054656982422
88 9.593415975570679
88 9.597877979278564
88 9.603461265563965
88 9.607871294021606
88 9.618502616882324
88 9.625475883483887
88 9.629914283752441
88 9.635559320449829
88 9.639984607696533
88 9.645524978637695
88 9.649972438812256
88 9.655543804168701
88 9.65996241569519
88 9.666102409362793
88 9.670527696609497
88 9.675967931747437
88 9.680426120758057
88 9.685795307159424
88 9.690229415893555
88 9.69579815864563
88 9.700232028961182
88 9.70565414428711
88 9.710118532180786
88 9.716271877288818
88 9.721565961837769
88 9.726097345352173
88 9.730554819107056
88 9.73593258857727
88 9.740357160568237
88 9.745925664901733
88 9.750370979309082
88 9.755935192108154
88 9.760403394699097
88 9.76660704612732
88 9.771994352340698
88 9.781157732009888
88 9.786309003829956
88 9.791605710983276
88 9.796321392059326
88 9.801650285720825
88 9.806418657302856
88 9.81175684928894
88 9.81754207611084
88 9.822702884674072
88 9.827358961105347
88 9.832628965377808
88 9.83728289604187
88 9.842450380325317
88 9.846710443496704
88 9.852093935012817
88 9.858632326126099
88 9.863852739334106
88 9.86936330795288
88 9.875362873077393
88 9.881567001342773
88 9.886136531829834
88 9.89057183265686
88 9.895940780639648
88 9.901660442352295
88 9.906229496002197
88 9.91116976737976
88 9.917236566543579
88 9.922461748123169
88 9.926715850830078
88 9.932448148727417
88 9.93671989440918
88 9.94206190109253
88 9.94652009010315
88 9.951862812042236
88 9.956485033035278
88 9.961846828460693
88 9.967488765716553
88 9.972661972045898
88 9.977338552474976
88 9.982479095458984
88 9.986713647842407
88 9.992085933685303
88 9.99669623374939
88 10.00201940536499
88 10.006477355957031
88 10.01180362701416
88 10.02360463142395
88 10.028013944625854
88 10.033555746078491
88 10.03796911239624
88 10.04364824295044
88 10.048023462295532
88 10.053646326065063
88 10.058031797409058
88 10.063411235809326
88 10.068761587142944
88 10.074244022369385
88 10.0786612033844
88 10.083838701248169
88 10.088340759277344
88 10.093697547912598
88 10.098073244094849
88 10.103445291519165
88 10.107818603515625
88 10.113372325897217
88 10.122648000717163
88 10.12730622291565
88 10.13249135017395
88 10.136759996414185
88 10.142462968826294
88 10.147103548049927
88 10.152392387390137
88 10.156745672225952
88 10.162357568740845
88 10.166736841201782
88 10.173490524291992
88 10.177886962890625
88 10.18328046798706
88 10.187748193740845
88 10.193186283111572
88 10.197651147842407
88 10.202786445617676
88 10.207502365112305
88 10.212661743164062
88 10.21736741065979
88 10.223552942276001
88 10.22796368598938
88 10.233444452285767
88 10.237836837768555
88 10.24326777458191
88 10.247704982757568
88 10.253298997879028
88 10.25771427154541
88 10.263076543807983
88 10.267532110214233
88 10.273715019226074
88 10.278206825256348
88 10.283511638641357
88 10.287902355194092
88 10.293426752090454
88 10.297822952270508
88 10.303264141082764
88 10.307693004608154
88 10.313739776611328
88 10.318240404129028
88 10.324446201324463
88 10.3291494846344
88 10.334319114685059
88 10.338738203048706
88 10.344035387039185
88 10.348584413528442
88 10.354053020477295
88 10.358640432357788
88 10.363837003707886
88 10.368408679962158
88 10.374719858169556
88 10.37939190864563
88 10.38453459739685
88 10.389225721359253
88 10.394399166107178
88 10.399041652679443
88 10.404265642166138
88 10.408673524856567
88 10.414239883422852
88 10.426318407058716
88 10.431700944900513
88 10.436388731002808
88 10.441755056381226
88 10.446440696716309
88 10.451805830001831
88 10.456450462341309
88 10.461808919906616
88 10.46631669998169
88 10.471654653549194
88 10.4774808883667
88 10.48263168334961
88 10.487289905548096
88 10.492482900619507
88 10.497089624404907
88 10.502544403076172
88 10.50724172592163
88 10.512421131134033
88 10.516709566116333
88 10.52207064628601
88 10.527599096298218
88 10.533166408538818
88 10.537615060806274
88 10.542762279510498
88 10.547445297241211
88 10.552580118179321
88 10.557239294052124
88 10.56241750717163
88 10.566704988479614
88 10.572082042694092
88 10.57777714729309
88 10.583184003829956
88 10.587676286697388
88 10.593237161636353
88 10.59769868850708
88 10.603071212768555
88 10.60753870010376
88 10.612667560577393
88 10.617360353469849
88 10.622513055801392
88 10.627966403961182
88 10.633506536483765
88 10.637911796569824
88 10.643311738967896
88 10.647733926773071
88 10.653312921524048
88 10.657732248306274
88 10.663161754608154
88 10.667641401290894
88 10.672812461853027
88 10.6782546043396
88 10.683580160140991
88 10.687999725341797
88 10.693384170532227
88 10.697797536849976
88 10.703232049942017
88 10.707679986953735
88 10.71323037147522
88 10.71769666671753
88 10.723090887069702
88 10.727538585662842
88 10.733742713928223
88 10.738252401351929
88 10.743578433990479
88 10.747978448867798
88 10.753377914428711
88 10.7577965259552
88 10.763377904891968
88 10.767833232879639
88 10.77635145187378
88 10.78272795677185
88 10.7874596118927
88 10.792605638504028
88 10.797261238098145
88 10.802429914474487
88 10.806695699691772
88 10.81209135055542
88 10.816646099090576
88 10.827636003494263
88 10.834234237670898
88 10.838680028915405
88 10.844269275665283
88 10.848708152770996
88 10.854225397109985
88 10.85866641998291
88 10.863957405090332
88 10.86850643157959
88 10.873689889907837
88 10.878168106079102
88 10.884450435638428
88 10.889153957366943
88 10.896164178848267
88 10.900602340698242
88 10.906150341033936
88 10.91058897972107
88 10.91611361503601
88 10.920533180236816
88 10.92614459991455
88 10.932407140731812
88 10.936720848083496
88 10.94208812713623
88 10.946585655212402
88 10.951956272125244
88 10.956663608551025
88 10.96202802658081
88 10.966495990753174
88 10.971862077713013
88 10.976359367370605
88 10.98174500465393
88 10.987374782562256
88 10.992557048797607
88 10.997232675552368
88 11.002452611923218
88 11.006747007369995
88 11.01250433921814
88 11.017231702804565
88 11.022592544555664
88 11.027253150939941
88 11.03246784210205
88 11.037893056869507
88 11.043299436569214
88 11.047746181488037
88 11.053127765655518
88 11.057575225830078
88 11.062705039978027
88 11.067387104034424
88 11.072743892669678
88 11.077455759048462
88 11.082625150680542
88 11.08805251121521
88 11.093446493148804
88 11.097859859466553
88 11.103269577026367
88 11.107698202133179
88 11.113084316253662
88 11.117542028427124
88 11.122688293457031
88 11.127382516860962
88 11.13272213935852
88 11.138190746307373
88 11.143512964248657
88 11.147920370101929
88 11.153433084487915
88 11.157907009124756
88 11.163275480270386
88 11.167721509933472
88 11.173120260238647
88 11.17757511138916
88 11.192695617675781
88 11.197402477264404
88 11.21533989906311
88 11.240164756774902
88 11.245767593383789
88 11.250212907791138
88 11.266539573669434
88 11.271939992904663
88 11.277349948883057
88 11.282734632492065
88 11.288288831710815
88 11.293637752532959
88 11.29865288734436
88 11.303981304168701
88 11.30854868888855
88 11.314790964126587
88 11.319470405578613
88 11.32463002204895
88 11.332035064697266
88 11.336521625518799
88 11.343124866485596
88 11.34797739982605
88 11.353364944458008
88 11.357767820358276
88 11.363199234008789
88 11.367654085159302
88 11.37321162223816
88 11.377672910690308
88 11.383047103881836
88 11.387508153915405
88 11.393630743026733
88 11.398037910461426
88 11.403440713882446
88 11.407840728759766
88 11.413410425186157
88 11.417882442474365
88 11.423274040222168
88 11.427709579467773
88 11.433303594589233
88 11.437748670578003
88 11.443825006484985
88 11.44840693473816
88 11.453669786453247
88 11.458063840866089
88 11.463444232940674
88 11.467857837677002
88 11.473271131515503
88 11.477709770202637
88 11.483140707015991
88 11.487581968307495
88 11.494029998779297
88 11.498572587966919
88 11.503772258758545
88 11.508271217346191
88 11.513610363006592
88 11.518027544021606
88 11.523398637771606
88 11.527873754501343
88 11.533269882202148
88 11.5377357006073
88 11.544211864471436
88 11.548645257949829
88 11.55418086051941
88 11.55864930152893
88 11.563966751098633
88 11.568495273590088
88 11.5736722946167
88 11.578059434890747
88 11.583449125289917
88 11.587839841842651
88 11.593851089477539
88 11.598504066467285
88 11.60370945930481
88 11.608207702636719
88 11.613670349121094
88 11.618078470230103
88 11.629307985305786
88 11.634621620178223
88 11.639294624328613
88 11.645503282546997
88 11.649974346160889
88 11.655538082122803
88 11.659966230392456
88 11.665353059768677
88 11.669800996780396
88 11.675411224365234
88 11.679908037185669
88 11.685286521911621
88 11.689746856689453
88 11.695822715759277
88 11.700247526168823
88 11.705647468566895
88 11.710061073303223
88 11.715475797653198
88 11.719916582107544
88 11.725349426269531
88 11.729801893234253
88 11.735415697097778
88 11.739855289459229
88 11.746034622192383
88 11.750499486923218
88 11.755913257598877
88 11.76034426689148
88 11.765769481658936
88 11.770222187042236
88 11.775660276412964
88 11.780098915100098
88 11.785586833953857
88 11.789993286132812
88 11.796283483505249
88 11.80162000656128
88 11.80631399154663
88 11.811609506607056
88 11.81615948677063
88 11.820588827133179
88 11.82599687576294
88 11.830445051193237
88 11.835912704467773
88 11.840365409851074
88 11.846376180648804
88 11.851779460906982
88 11.856458187103271
88 11.861812114715576
88 11.866301774978638
88 11.871642351150513
88 11.876195907592773
88 11.881150960922241
88 11.886075735092163
88 11.890533685684204
88 11.896658182144165
88 11.902052640914917
88 11.906523942947388
88 11.911915302276611
88 11.916571378707886
88 11.921937704086304
88 11.92641544342041
88 11.931747198104858
88 11.936524152755737
88 11.941900968551636
88 11.94754934310913
88 11.952713012695312
88 11.95737600326538
88 11.962552070617676
88 11.967224359512329
88 11.9725821018219
88 11.977253913879395
88 11.982439994812012
88 11.986704587936401
88 11.992293119430542
88 11.996609687805176
88 12.00283145904541
88 12.00749397277832
88 12.014565229415894
88 12.019323825836182
88 12.03004765510559
88 12.035729885101318
88 12.040187120437622
88 12.045721292495728
88 12.05187201499939
88 12.060117959976196
88 12.065661907196045
88 12.070079565048218
88 12.075497388839722
88 12.079908847808838
88 12.085319519042969
88 12.089765787124634
88 12.095326900482178
88 12.100510120391846
88 12.105937480926514
88 12.11460542678833
88 12.119314432144165
88 12.124444961547852
88 12.129136800765991
88 12.134371995925903
88 12.139057636260986
88 12.154030323028564
88 12.159345388412476
88 12.164681196212769
88 12.169406414031982
88 12.174760818481445
88 12.17987322807312
88 12.185268878936768
88 12.189708709716797
88 12.195282459259033
88 12.199767351150513
88 12.205935716629028
88 12.210397481918335
88 12.217984914779663
88 12.223396062850952
88 12.227874755859375
88 12.233662128448486
88 12.238071203231812
88 12.243460655212402
88 12.247863054275513
88 12.254199504852295
88 12.258671283721924
88 12.263859033584595
88 12.268468856811523
88 12.27380084991455
88 12.278306007385254
88 12.283632040023804
88 12.288033246994019
88 12.29339861869812
88 12.297860622406006
88 12.30407977104187
88 12.308640241622925
88 12.314709186553955
88 12.319388389587402
88 12.324695825576782
88 12.329378366470337
88 12.334680080413818
88 12.339353561401367
88 12.344520568847656
88 12.349204063415527
88 12.35539722442627
88 12.35983943939209
88 12.36531949043274
88 12.369763612747192
88 12.375155210494995
88 12.379646301269531
88 12.38478946685791
88 12.389477968215942
88 12.39478325843811
88 12.399472951889038
88 12.405627012252808
88 12.410060167312622
88 12.415445327758789
88 12.419964790344238
88 12.431718826293945
88 12.436397314071655
88 12.441802024841309
88 12.446445226669312
88 12.451823711395264
88 12.457778930664062
88 12.4631929397583
88 12.467652559280396
88 12.473223686218262
88 12.477694511413574
88 12.48305630683899
88 12.487520456314087
88 12.492671728134155
88 12.497328996658325
88 12.502696752548218
88 12.508179664611816
88 12.513657331466675
88 12.518041133880615
88 12.523407459259033
88 12.527892112731934
88 12.533276319503784
88 12.537728786468506
88 12.543276071548462
88 12.547699451446533
88 12.553086042404175
88 12.5585618019104
88 12.563799619674683
88 12.568330526351929
88 12.573792695999146
88 12.578291416168213
88 12.583627462387085
88 12.588028907775879
88 12.593615770339966
88 12.598036766052246
88 12.60341477394104
88 12.608776807785034
88 12.614174127578735
88 12.618620872497559
88 12.623962879180908
88 12.62851071357727
88 12.633983373641968
88 12.638518571853638
88 12.643705129623413
88 12.648184537887573
88 12.653704166412354
88 12.659268379211426
88 12.664460182189941
88 12.669135570526123
88 12.674341440200806
88 12.678795337677002
88 12.684222936630249
88 12.688653469085693
88 12.694196462631226
88 12.69864535331726
88 12.703840255737305
88 12.709465742111206
88 12.714602947235107
88 12.719263315200806
88 12.724604845046997
88 12.729261636734009
88 12.734450817108154
88 12.739160060882568
88 12.744361639022827
88 12.748806476593018
88 12.754406213760376
88 12.759759426116943
88 12.765181541442871
88 12.769663572311401
88 12.775073051452637
88 12.779561281204224
88 12.784807682037354
88 12.789504766464233
88 12.794670820236206
88 12.799350261688232
88 12.804685592651367
88 12.810113430023193
88 12.815784215927124
88 12.820234060287476
88 12.831761360168457
88 12.836395740509033
88 12.841736316680908
88 12.846390962600708
88 12.851771831512451
88 12.856400728225708
88 12.862754821777344
88 12.867422819137573
88 12.872745752334595
88 12.877461194992065
88 12.88264274597168
88 12.887311935424805
88 12.892682552337646
88 12.897350549697876
88 12.902510643005371
88 12.906768798828125
88 12.913341999053955
88 12.91778302192688
88 12.923187017440796
88 12.927643060684204
88 12.933188915252686
88 12.93766713142395
88 12.942818880081177
88 12.947497367858887
88 12.95267128944397
88 12.957315444946289
88 12.96346139907837
88 12.967868328094482
88 12.973278045654297
88 12.977713346481323
88 12.98305892944336
88 12.987543821334839
88 12.9931321144104
88 12.997583627700806
325 1586661269.2287621
