0 0.007051944732666016
0 0.018033742904663086
0 0.023847341537475586
1 0.02991628646850586
2 0.03515625
3 0.04148387908935547
4 0.05070066452026367
6 0.056955814361572266
8 0.06191563606262207
10 0.06797385215759277
12 0.07382583618164062
14 0.0797739028930664
16 0.08508896827697754
18 0.09117388725280762
21 0.09758901596069336
26 0.10382723808288574
28 0.10984086990356445
31 0.11555218696594238
34 0.1211857795715332
39 0.12749910354614258
41 0.1329646110534668
44 0.138991117477417
48 0.14406347274780273
50 0.15101265907287598
54 0.15748834609985352
56 0.1629643440246582
60 0.16933608055114746
62 0.17465615272521973
64 0.18073391914367676
66 0.187042236328125
68 0.192061185836792
70 0.19809293746948242
72 0.2046031951904297
72 0.2106776237487793
74 0.22353339195251465
75 0.22975802421569824
76 0.2351398468017578
76 0.24129986763000488
78 0.2476963996887207
78 0.2539238929748535
79 0.2599308490753174
80 0.26566362380981445
80 0.27130556106567383
81 0.27773594856262207
82 0.28324127197265625
82 0.2935338020324707
82 0.3001539707183838
82 0.3074171543121338
83 0.3126235008239746
84 0.3188338279724121
84 0.32460832595825195
84 0.33069658279418945
85 0.3371272087097168
86 0.3421812057495117
86 0.34880733489990234
86 0.35475921630859375
86 0.3607797622680664
86 0.36708545684814453
86 0.3720543384552002
87 0.3781111240386963
88 0.38358426094055176
88 0.38963818550109863
88 0.39496421813964844
88 0.40110325813293457
89 0.40813779830932617
89 0.4135899543762207
90 0.41962552070617676
90 0.4249401092529297
90 0.4309654235839844
90 0.43714404106140137
90 0.4420902729034424
90 0.44805288314819336
90 0.45348429679870605
90 0.46064186096191406
90 0.4668436050415039
90 0.4719815254211426
90 0.4781324863433838
90 0.48352956771850586
90 0.4894695281982422
90 0.49477219581604004
90 0.5007712841033936
90 0.5077180862426758
90 0.5131552219390869
90 0.5192835330963135
90 0.5244958400726318
90 0.5305142402648926
90 0.5365478992462158
90 0.5416316986083984
90 0.5477135181427002
90 0.553250789642334
90 0.5598528385162354
90 0.5651237964630127
90 0.5710527896881104
90 0.5773868560791016
90 0.5825648307800293
90 0.588629961013794
90 0.5937044620513916
90 0.599632740020752
90 0.6049304008483887
90 0.6119568347930908
90 0.6245121955871582
90 0.6306629180908203
90 0.6371512413024902
90 0.64212965965271
90 0.64849853515625
90 0.6535799503326416
90 0.6605136394500732
90 0.666607141494751
90 0.6717398166656494
90 0.6777386665344238
90 0.6831221580505371
90 0.6891162395477295
90 0.6940929889678955
90 0.7001802921295166
90 0.7065064907073975
90 0.7127737998962402
90 0.7188448905944824
90 0.7238452434539795
90 0.7297604084014893
90 0.7350077629089355
90 0.74871826171875
90 0.7537469863891602
90 0.7608764171600342
90 0.7670950889587402
90 0.7720437049865723
90 0.77801513671875
90 0.7834999561309814
90 0.7895138263702393
90 0.7947938442230225
90 0.8007729053497314
90 0.8070073127746582
90 0.8132133483886719
90 0.8193137645721436
90 0.8245644569396973
90 0.8311493396759033
90 0.8373627662658691
90 0.8427345752716064
90 0.8488397598266602
90 0.8538784980773926
90 0.8597958087921143
90 0.8671340942382812
90 0.872122049331665
90 0.8785455226898193
90 0.883681058883667
90 0.889617919921875
90 0.8949143886566162
90 0.9008698463439941
90 0.9071235656738281
90 0.9133052825927734
90 0.9193413257598877
90 0.9245877265930176
90 0.9305481910705566
90 0.9365952014923096
90 0.9419209957122803
90 0.947899580001831
90 0.9532995223999023
90 0.9592273235321045
90 0.9655864238739014
90 0.9711544513702393
90 0.9773519039154053
90 0.9825417995452881
90 0.9886226654052734
90 0.9937245845794678
90 0.9998116493225098
90 1.00510835647583
90 1.0110292434692383
90 1.023733377456665
90 1.0298089981079102
90 1.0350852012634277
90 1.041152000427246
90 1.0475327968597412
90 1.0528316497802734
90 1.0590498447418213
90 1.06504225730896
90 1.0711472034454346
90 1.077355146408081
90 1.0827789306640625
90 1.0888559818267822
90 1.0938587188720703
90 1.0997891426086426
90 1.1050670146942139
90 1.1110212802886963
90 1.1181557178497314
90 1.1235334873199463
90 1.1296608448028564
90 1.134941577911377
90 1.1408817768096924
90 1.1471302509307861
90 1.1521730422973633
90 1.1581952571868896
90 1.163593053817749
90 1.1705172061920166
90 1.1765339374542236
90 1.1818931102752686
90 1.1878650188446045
90 1.1932470798492432
90 1.1991777420043945
90 1.2041621208190918
90 1.2101161479949951
90 1.2171990871429443
90 1.2221670150756836
90 1.2281033992767334
90 1.2335362434387207
90 1.2396492958068848
90 1.244931697845459
90 1.2508971691131592
90 1.2572517395019531
90 1.2624106407165527
90 1.2692492008209229
90 1.27445387840271
90 1.2801508903503418
90 1.2861390113830566
90 1.3039562702178955
90 1.3264639377593994
90 1.3339574337005615
90 1.3400077819824219
90 1.3456645011901855
90 1.3511950969696045
90 1.3575613498687744
90 1.3628599643707275
90 1.371185302734375
90 1.3773643970489502
90 1.382530689239502
90 1.3892290592193604
90 1.39444899559021
90 1.4011480808258057
90 1.4073357582092285
90 1.4127583503723145
90 1.426429271697998
90 1.4317169189453125
90 1.4378690719604492
90 1.443284511566162
90 1.4493186473846436
90 1.4545438289642334
90 1.4605677127838135
90 1.4665708541870117
90 1.4728236198425293
90 1.4791431427001953
90 1.4841108322143555
90 1.4900109767913818
90 1.4956703186035156
90 1.5011940002441406
90 1.507422685623169
90 1.512613296508789
90 1.5188889503479004
90 1.5248034000396729
90 1.5307531356811523
90 1.5371017456054688
90 1.5420558452606201
90 1.5480091571807861
90 1.5534286499023438
90 1.5593242645263672
90 1.5645570755004883
90 1.5704984664916992
90 1.5775115489959717
90 1.5828056335449219
90 1.5888471603393555
90 1.5938563346862793
90 1.5999088287353516
90 1.6051561832427979
90 1.611130714416504
90 1.6173431873321533
90 1.6233959197998047
90 1.6293370723724365
90 1.6345601081848145
90 1.6405224800109863
90 1.6465275287628174
90 1.6518313884735107
90 1.6579737663269043
90 1.663374423980713
90 1.6694161891937256
90 1.6764609813690186
90 1.6814930438995361
90 1.6876122951507568
90 1.6930439472198486
90 1.6989636421203613
90 1.703951358795166
90 1.7099828720092773
90 1.7156312465667725
90 1.7214560508728027
90 1.7287466526031494
90 1.733762502670288
90 1.739684820175171
90 1.7449815273284912
90 1.7509033679962158
90 1.757101058959961
90 1.7620415687561035
90 1.7680113315582275
90 1.7734439373016357
90 1.7805707454681396
90 1.7866010665893555
90 1.7934584617614746
90 1.7994334697723389
90 1.8047051429748535
90 1.8106377124786377
90 1.8208518028259277
90 1.8300139904022217
90 1.835636854171753
90 1.8416156768798828
90 1.8478271961212158
90 1.8532466888427734
90 1.8591554164886475
90 1.864105463027954
90 1.8700075149536133
90 1.8756780624389648
90 1.8821749687194824
90 1.8881235122680664
90 1.893481969833374
90 1.8995542526245117
90 1.9047996997833252
90 1.9110236167907715
90 1.917207956314087
90 1.9221415519714355
90 1.9292454719543457
90 1.9344732761383057
90 1.9404358863830566
90 1.9464631080627441
90 1.9515559673309326
90 1.9577546119689941
90 1.9631903171539307
90 1.9691286087036133
90 1.974106788635254
90 1.9810385704040527
90 1.987222671508789
90 1.9921562671661377
90 1.998110055923462
90 2.0034725666046143
90 2.009411334991455
90 2.014791250228882
90 2.0209004878997803
90 2.0270986557006836
90 2.0332143306732178
90 2.0392868518829346
90 2.044558525085449
90 2.050522565841675
90 2.056497812271118
90 2.061580181121826
90 2.067645788192749
90 2.0730972290039062
90 2.0799007415771484
90 2.0856149196624756
90 2.0911452770233154
90 2.097327947616577
90 2.1025028228759766
90 2.108548164367676
90 2.1135900020599365
90 2.119500160217285
90 2.124748468399048
90 2.1317238807678223
90 2.1378767490386963
90 2.1432721614837646
90 2.149174928665161
90 2.15413236618042
90 2.160062551498413
90 2.1660571098327637
90 2.171659231185913
90 2.177713632583618
90 2.18386173248291
90 2.1897501945495605
90 2.1949737071990967
90 2.2010607719421387
90 2.2072224617004395
90 2.212176561355591
90 2.2231380939483643
90 2.2299392223358154
90 2.237281560897827
90 2.2424535751342773
90 2.2487354278564453
90 2.253749370574951
90 2.2597713470458984
90 2.2650551795959473
90 2.2710089683532715
90 2.277209520339966
90 2.2832531929016113
90 2.29373836517334
90 2.3035941123962402
90 2.309671640396118
90 2.3149521350860596
90 2.3211307525634766
90 2.327399730682373
90 2.3325705528259277
90 2.339401960372925
90 2.3446640968322754
90 2.3506014347076416
90 2.35664701461792
90 2.361743927001953
90 2.3677139282226562
90 2.373119592666626
90 2.379204034805298
90 2.385154962539673
90 2.391077995300293
90 2.3972229957580566
90 2.4024221897125244
90 2.40993595123291
90 2.4151501655578613
90 2.4210338592529297
90 2.4277801513671875
90 2.4332010746002197
90 2.4399631023406982
90 2.4451634883880615
90 2.4517428874969482
90 2.45772123336792
90 2.4631075859069824
90 2.469027280807495
90 2.474012851715088
90 2.479883909225464
90 2.487071990966797
90 2.492001533508301
90 2.4980907440185547
90 2.5034635066986084
90 2.5094006061553955
90 2.5146543979644775
90 2.5205740928649902
90 2.5265591144561768
90 2.5316481590270996
90 2.538701057434082
90 2.5437090396881104
90 2.5496132373809814
90 2.554837703704834
90 2.560990810394287
90 2.5671310424804688
90 2.572067975997925
90 2.578057289123535
90 2.5834133625030518
90 2.59013295173645
90 2.596113681793213
90 2.6012587547302246
90 2.6074635982513428
90 2.612802743911743
90 2.618993043899536
90 2.630119800567627
90 2.636112928390503
90 2.6426000595092773
90 2.6488535404205322
90 2.653857469558716
90 2.6597347259521484
90 2.6649951934814453
90 2.670931577682495
90 2.6772725582122803
90 2.682450771331787
90 2.6894235610961914
90 2.6947884559631348
90 2.700874090194702
90 2.7070939540863037
90 2.7120237350463867
90 2.7179834842681885
90 2.723405361175537
90 2.7293214797973633
90 2.734597682952881
90 2.741641044616699
90 2.7477211952209473
90 2.7531259059906006
90 2.759086847305298
90 2.7640814781188965
90 2.7699902057647705
90 2.776061534881592
90 2.7812392711639404
90 2.7874341011047363
90 2.7936549186706543
90 2.7997496128082275
90 2.8050694465637207
90 2.8110175132751465
90 2.817375659942627
90 2.822763442993164
90 2.829564332962036
90 2.8347949981689453
90 2.841625452041626
90 2.8477210998535156
90 2.853139877319336
90 2.8592629432678223
90 2.8644731044769287
90 2.8704400062561035
90 2.8764665126800537
90 2.8814926147460938
90 2.8876469135284424
90 2.893812656402588
90 2.899745464324951
90 2.9049878120422363
90 2.910912275314331
90 2.917264223098755
90 2.9224066734313965
90 2.928180456161499
90 2.9335873126983643
90 2.9395627975463867
90 2.946575880050659
90 2.9518988132476807
90 2.9578745365142822
90 2.9632773399353027
90 2.969252824783325
90 2.9744584560394287
90 2.980619192123413
90 2.986630916595459
90 2.9917547702789307
90 2.9989399909973145
90 3.0039217472076416
90 3.009805679321289
90 3.015070915222168
90 3.025718927383423
90 3.0333054065704346
90 3.0394692420959473
90 3.0465149879455566
90 3.051880121231079
90 3.05804181098938
90 3.063380479812622
90 3.0692877769470215
90 3.0745649337768555
90 3.080711603164673
90 3.0868890285491943
90 3.0918610095977783
90 3.0991175174713135
90 3.1041104793548584
90 3.1100118160247803
90 3.1156275272369385
90 3.121161460876465
90 3.1273345947265625
90 3.132498025894165
90 3.1385388374328613
90 3.143601894378662
90 3.150420904159546
90 3.156477212905884
90 3.1618101596832275
90 3.1677987575531006
90 3.173211097717285
90 3.1791043281555176
90 3.1840927600860596
90 3.1900293827056885
90 3.195639133453369
90 3.2020866870880127
90 3.208554267883301
90 3.213660478591919
90 3.2197628021240234
90 3.2250285148620605
90 3.2309749126434326
90 3.2371726036071777
90 3.242121934890747
90 3.249178886413574
90 3.2541685104370117
90 3.260058879852295
90 3.2656798362731934
90 3.271252393722534
90 3.27756929397583
90 3.282831907272339
90 3.288844108581543
90 3.2938179969787598
90 3.300830125808716
90 3.307009696960449
90 3.31191349029541
90 3.31786847114563
90 3.3232474327087402
90 3.329219341278076
90 3.3341851234436035
90 3.340519428253174
90 3.3465206623077393
90 3.3527414798736572
90 3.3587985038757324
90 3.363809108734131
90 3.369730234146118
90 3.3749563694000244
90 3.380898952484131
90 3.387089252471924
90 3.3920235633850098
90 3.39812970161438
90 3.404560089111328
90 3.410548686981201
90 3.416534423828125
90 3.427556276321411
90 3.434037685394287
90 3.440089702606201
90 3.4460501670837402
90 3.4544484615325928
90 3.460738182067871
90 3.4672131538391113
90 3.472163677215576
90 3.4785661697387695
90 3.483640193939209
90 3.489593029022217
90 3.49483585357666
90 3.5017776489257812
90 3.507819652557373
90 3.513221025466919
90 3.519289016723633
90 3.524474859237671
90 3.5301733016967773
90 3.5361528396606445
90 3.541437864303589
90 3.547563314437866
90 3.5537264347076416
90 3.5596213340759277
90 3.5648605823516846
90 3.570828914642334
90 3.5771737098693848
90 3.5820887088775635
90 3.5880966186523438
90 3.593451976776123
90 3.5995562076568604
90 3.6065590381622314
90 3.611652374267578
90 3.6177098751068115
90 3.623131036758423
90 3.629100799560547
90 3.6340739727020264
90 3.64013409614563
90 3.646116018295288
90 3.651289224624634
90 3.65817928314209
90 3.6635489463806152
90 3.669450283050537
90 3.6746838092803955
90 3.6806719303131104
90 3.686906099319458
90 3.691861152648926
90 3.698018789291382
90 3.703378200531006
90 3.7100424766540527
90 3.715649127960205
90 3.7211883068084717
90 3.727701425552368
90 3.7331321239471436
90 3.7390878200531006
90 3.7440733909606934
90 3.7499656677246094
90 3.7572929859161377
90 3.7624802589416504
90 3.768510580062866
90 3.773552417755127
90 3.7794580459594727
90 3.7846896648406982
90 3.790661334991455
90 3.7968661785125732
90 3.801820993423462
90 3.808939218521118
90 3.8139171600341797
90 3.8200042247772217
90 3.832465171813965
90 3.8387386798858643
90 3.8437397480010986
90 3.8498191833496094
90 3.8550708293914795
90 3.8620285987854004
90 3.867994546890259
90 3.8733456134796143
90 3.8794360160827637
90 3.8846893310546875
90 3.890634059906006
90 3.896824359893799
90 3.90183424949646
90 3.9089648723602295
90 3.9139626026153564
90 3.919872999191284
90 3.9251174926757812
90 3.9310412406921387
90 3.937368869781494
90 3.9425132274627686
90 3.948498249053955
90 3.953596353530884
90 3.96051025390625
90 3.9665324687957764
90 3.9716367721557617
90 3.9777278900146484
90 3.983111619949341
90 3.9892122745513916
90 3.9941794872283936
90 4.000495672225952
90 4.0065226554870605
90 4.012744665145874
90 4.018789052963257
90 4.023888111114502
90 4.02976655960083
90 4.035018444061279
90 4.040925979614258
90 4.047100067138672
90 4.052019834518433
90 4.058131456375122
90 4.064548015594482
90 4.070497751235962
90 4.07651162147522
90 4.0816028118133545
90 4.08769154548645
90 4.093123435974121
90 4.099053859710693
90 4.104085683822632
90 4.110895872116089
90 4.117440938949585
90 4.122706174850464
90 4.128740310668945
90 4.133767604827881
90 4.139646768569946
90 4.144913673400879
90 4.150863885879517
90 4.15705680847168
90 4.163233280181885
90 4.169131755828857
90 4.174110651016235
90 4.1801512241363525
90 4.186116456985474
90 4.191257476806641
90 4.197575569152832
90 4.202875852584839
90 4.208923578262329
90 4.214900493621826
90 4.220858812332153
90 4.232535362243652
90 4.238949298858643
90 4.243920803070068
90 4.250106334686279
90 4.256107807159424
90 4.261492729187012
90 4.268615245819092
90 4.273701190948486
90 4.279618263244629
90 4.284865856170654
90 4.305642604827881
90 4.3200671672821045
90 4.338796615600586
90 4.349831581115723
90 4.363141298294067
90 4.374152421951294
90 4.387477874755859
90 4.399929761886597
90 4.411110877990723
90 4.422162055969238
90 4.4366350173950195
90 4.443969488143921
90 4.449835300445557
90 4.4550817012786865
90 4.461008548736572
90 4.467153072357178
90 4.472099781036377
90 4.4818103313446045
90 4.4939234256744385
90 4.505129098892212
90 4.511841535568237
90 4.517829418182373
90 4.523220539093018
90 4.529128313064575
90 4.534090518951416
90 4.540151834487915
90 4.5473527908325195
90 4.55249810218811
90 4.558493137359619
90 4.563581943511963
90 4.569504737854004
90 4.574776887893677
90 4.580711603164673
90 4.5869059562683105
90 4.592846393585205
90 4.59909200668335
90 4.604092359542847
90 4.609955549240112
90 4.615166425704956
90 4.621086835861206
90 4.631752014160156
90 4.639156341552734
90 4.645018577575684
90 4.651119232177734
90 4.6575775146484375
90 4.662953615188599
90 4.668939828872681
90 4.673932790756226
90 4.683357000350952
90 4.689275503158569
90 4.695549249649048
90 4.7011072635650635
90 4.707231521606445
90 4.712165594100952
90 4.718549013137817
90 4.723573446273804
90 4.729457378387451
90 4.7347331047058105
90 4.740690231323242
90 4.747680425643921
90 4.753082752227783
90 4.759077310562134
90 4.76403284072876
90 4.770065784454346
90 4.7756617069244385
90 4.7814621925354
90 4.7875542640686035
90 4.794188499450684
90 4.80104923248291
90 4.80722975730896
90 4.812138080596924
90 4.8180623054504395
90 4.823488712310791
90 4.830031394958496
90 4.8356757164001465
90 4.841460704803467
90 4.848582983016968
90 4.8536717891693115
90 4.859605550765991
90 4.864857196807861
90 4.870802402496338
90 4.877041578292847
90 4.881984233856201
90 4.887949466705322
90 4.8933634757995605
90 4.900097608566284
90 4.906122446060181
90 4.911261558532715
90 4.917491436004639
90 4.922804832458496
90 4.928884506225586
90 4.933884382247925
90 4.939764022827148
90 4.945030212402344
90 4.951938629150391
90 4.958138465881348
90 4.963560104370117
90 4.969463586807251
90 4.974712371826172
90 4.980634927749634
90 4.986878156661987
90 4.991838216781616
90 4.997844934463501
90 5.00400185585022
90 5.0098936557769775
90 5.015154838562012
90 5.021247863769531
90 5.031795978546143
90 5.039639472961426
90 5.048769474029541
90 5.054815292358398
90 5.060939788818359
90 5.067131280899048
90 5.072068929672241
90 5.07819128036499
90 5.083595275878906
90 5.089527130126953
90 5.094813585281372
90 5.101732969284058
90 5.107717275619507
90 5.113079309463501
90 5.119088411331177
90 5.124056339263916
90 5.129924535751343
90 5.135175466537476
90 5.141258478164673
90 5.147438287734985
90 5.153555870056152
90 5.1596503257751465
90 5.16491436958313
90 5.170853137969971
90 5.177054405212402
90 5.181982755661011
90 5.187918663024902
90 5.19329047203064
90 5.199373006820679
90 5.206197023391724
90 5.211826324462891
90 5.217809438705444
90 5.223208427429199
90 5.2290966510772705
90 5.234103679656982
90 5.239973068237305
90 5.245173692703247
90 5.251116037368774
90 5.2581562995910645
90 5.26353120803833
90 5.269456386566162
90 5.274698734283447
90 5.28061580657959
90 5.286633014678955
90 5.291919708251953
90 5.297915697097778
90 5.303902626037598
90 5.309800148010254
90 5.315142631530762
90 5.321192741394043
90 5.3273539543151855
90 5.332513093948364
90 5.338540554046631
90 5.343650579452515
90 5.349569797515869
90 5.3565473556518555
90 5.361602783203125
90 5.367698907852173
90 5.373110294342041
90 5.3791821002960205
90 5.384152412414551
90 5.3900532722473145
90 5.395673990249634
90 5.401227712631226
90 5.408185005187988
90 5.413533926010132
90 5.419649600982666
90 5.4249467849731445
90 5.4376935958862305
90 5.443093776702881
90 5.449187994003296
90 5.454172611236572
90 5.461155652999878
90 5.467357873916626
90 5.472511291503906
90 5.478616714477539
90 5.483678817749023
90 5.489587783813477
90 5.494830131530762
90 5.500911235809326
90 5.507771015167236
90 5.51318097114563
90 5.519091606140137
90 5.524070739746094
90 5.529967546463013
90 5.535173416137695
90 5.541080951690674
90 5.547384738922119
90 5.552618980407715
90 5.559547185897827
90 5.564816951751709
90 5.570742845535278
90 5.576937437057495
90 5.581878662109375
90 5.587880849838257
90 5.593262195587158
90 5.5991716384887695
90 5.604162216186523
90 5.611109495162964
90 5.617415904998779
90 5.622607231140137
90 5.628705739974976
90 5.633699655532837
90 5.639609336853027
90 5.644883155822754
90 5.650818586349487
90 5.657017707824707
90 5.663180112838745
90 5.669152736663818
90 5.674126148223877
90 5.68019437789917
90 5.686426639556885
90 5.691460132598877
90 5.697575330734253
90 5.702837944030762
90 5.708895921707153
90 5.714894533157349
90 5.720837593078613
90 5.727090120315552
90 5.732004165649414
90 5.738089561462402
90 5.743440628051758
90 5.749377012252808
90 5.7546164989471436
90 5.761428594589233
90 5.767559289932251
90 5.772834539413452
90 5.778898239135742
90 5.783873796463013
90 5.789744138717651
90 5.794986009597778
90 5.80104660987854
90 5.807509422302246
90 5.8136820793151855
90 5.819621324539185
90 5.824864387512207
90 5.838519811630249
90 5.843590974807739
90 5.849656105041504
90 5.85487174987793
90 5.862052917480469
90 5.8681511878967285
90 5.873575210571289
90 5.87952446937561
90 5.884803295135498
90 5.890741586685181
90 5.896913528442383
90 5.90186071395874
90 5.9078450202941895
90 5.91391134262085
90 5.919960975646973
90 5.925162315368652
90 5.931088924407959
90 5.937402725219727
90 5.942601919174194
90 5.948618173599243
90 5.953672647476196
90 5.959575891494751
90 5.966489315032959
90 5.971585273742676
90 5.977808952331543
90 5.983199596405029
90 5.989090204238892
90 5.99406099319458
90 5.999965667724609
90 6.005184650421143
90 6.011081695556641
90 6.01799750328064
90 6.0233588218688965
90 6.029288053512573
90 6.034477233886719
90 6.040595293045044
90 6.046595811843872
90 6.051901578903198
90 6.057853698730469
90 6.06329083442688
90 6.0701048374176025
90 6.0760414600372314
90 6.0812366008758545
90 6.087423086166382
90 6.092614650726318
90 6.098893880844116
90 6.103875637054443
90 6.1097869873046875
90 6.11691689491272
90 6.121867895126343
90 6.127851963043213
90 6.133245468139648
90 6.139164924621582
90 6.144113063812256
90 6.150006294250488
90 6.155619144439697
90 6.161489725112915
90 6.168617486953735
90 6.173691987991333
90 6.179607629776001
90 6.184838533401489
90 6.1907854080200195
90 6.197129487991333
90 6.2020323276519775
90 6.207968711853027
90 6.213331699371338
90 6.220059156417847
90 6.2261269092559814
90 6.238126993179321
90 6.243488550186157
90 6.249573707580566
90 6.2548017501831055
90 6.260868072509766
90 6.267110347747803
90 6.273238897323608
90 6.279348611831665
90 6.284549951553345
90 6.2905542850494385
90 6.296814441680908
90 6.301778078079224
90 6.3077709674835205
90 6.313181400299072
90 6.319839954376221
90 6.325134038925171
90 6.331267356872559
90 6.3376007080078125
90 6.342952728271484
90 6.348966360092163
90 6.353963375091553
90 6.3598411083221436
90 6.365082025527954
90 6.371977806091309
90 6.377932548522949
90 6.383282899856567
90 6.389198541641235
90 6.394168376922607
90 6.400474548339844
90 6.406508922576904
90 6.411577224731445
90 6.417616367340088
90 6.423785209655762
90 6.429670333862305
90 6.434948444366455
90 6.4408674240112305
90 6.447066068649292
90 6.4519946575164795
90 6.458567142486572
90 6.46367073059082
90 6.469593048095703
90 6.476549863815308
90 6.481640815734863
90 6.487725734710693
90 6.493113040924072
90 6.4990692138671875
90 6.504062175750732
90 6.5099945068359375
90 6.515680313110352
90 6.522585153579712
90 6.528627157211304
90 6.533693075180054
90 6.539602279663086
90 6.544861793518066
90 6.550776481628418
90 6.556972026824951
90 6.561903476715088
90 6.567902088165283
90 6.574002265930176
90 6.580038785934448
90 6.585646152496338
90 6.591442584991455
90 6.597566366195679
90 6.602883338928223
90 6.608921527862549
90 6.613880634307861
90 6.619767665863037
90 6.626885414123535
90 6.6388444900512695
90 6.643856525421143
90 6.649926662445068
90 6.65517520904541
90 6.661269426345825
90 6.667585849761963
90 6.672889709472656
90 6.679664850234985
90 6.684931516647339
90 6.690860748291016
90 6.697227954864502
90 6.7021660804748535
90 6.7081170082092285
90 6.713489055633545
90 6.719587087631226
90 6.726569175720215
90 6.7316389083862305
90 6.7377142906188965
90 6.7430737018585205
90 6.748982667922974
90 6.753951549530029
90 6.760131120681763
90 6.766150236129761
90 6.771297216415405
90 6.778570175170898
90 6.783627986907959
90 6.7896058559417725
90 6.794833183288574
90 6.800745487213135
90 6.806917905807495
90 6.811862945556641
90 6.818063974380493
90 6.823483228683472
90 6.83108115196228
90 6.8372368812561035
90 6.842164516448975
90 6.848616123199463
90 6.853689193725586
90 6.859612226486206
90 6.864851236343384
90 6.8707311153411865
90 6.8777899742126465
90 6.883250713348389
90 6.8891613483428955
90 6.89417576789856
90 6.900142669677734
90 6.9061243534088135
90 6.91126012802124
90 6.917453765869141
90 6.922720670700073
90 6.929560661315918
90 6.934818744659424
90 6.940907716751099
90 6.947072505950928
90 6.951997518539429
90 6.957990646362305
90 6.963358402252197
90 6.969272136688232
90 6.988195180892944
90 6.993576526641846
90 6.99966025352478
90 7.004901647567749
90 7.010881185531616
90 7.01708722114563
90 7.021997690200806
90 7.027925491333008
90 7.040889024734497
90 7.0472800731658936
90 7.0524742603302
90 7.058899879455566
90 7.063889980316162
90 7.069896459579468
90 7.075137138366699
90 7.081988334655762
90 7.087948799133301
90 7.093380451202393
90 7.099320411682129
90 7.104550361633301
90 7.110706329345703
90 7.117109775543213
90 7.122063636779785
90 7.1280364990234375
90 7.1340718269348145
90 7.139979839324951
90 7.145678281784058
90 7.151198387145996
90 7.157390832901001
90 7.16271710395813
90 7.168789386749268
90 7.173785448074341
90 7.179872512817383
90 7.187102556228638
90 7.1920249462127686
90 7.198020696640015
90 7.20339298248291
90 7.209298610687256
90 7.214585781097412
90 7.220542907714844
90 7.226616621017456
90 7.232740163803101
90 7.2390296459198
90 7.244013547897339
90 7.2498979568481445
90 7.255549907684326
90 7.261086702346802
90 7.2673420906066895
90 7.272491455078125
90 7.278549432754517
90 7.284566164016724
90 7.294569730758667
90 7.300720453262329
90 7.3069446086883545
90 7.312623500823975
90 7.318759918212891
90 7.3238654136657715
90 7.329798460006714
90 7.337429046630859
90 7.342735528945923
90 7.3487842082977295
90 7.3537757396698
90 7.359858274459839
90 7.365098476409912
90 7.371158123016357
90 7.3773393630981445
90 7.382500410079956
90 7.389389514923096
90 7.394609689712524
90 7.40055513381958
90 7.406545162200928
90 7.41162896156311
90 7.417852401733398
90 7.423281192779541
90 7.4291956424713135
90 7.440052032470703
90 7.447486877441406
90 7.452744960784912
90 7.458945035934448
90 7.4639365673065186
90 7.469989776611328
90 7.4755613803863525
90 7.481278657913208
90 7.488188743591309
90 7.493563890457153
90 7.499631404876709
90 7.5048768520355225
90 7.510801792144775
90 7.516973257064819
90 7.521953821182251
90 7.527918815612793
90 7.533273458480835
90 7.540000915527344
90 7.545603275299072
90 7.551152944564819
90 7.557319641113281
90 7.5624680519104
90 7.568482398986816
90 7.573564529418945
90 7.579453706741333
90 7.584717273712158
90 7.591487169265747
90 7.597737073898315
90 7.603157997131348
90 7.609089374542236
90 7.61406683921814
90 7.6199421882629395
90 7.625630617141724
90 7.631433725357056
90 7.63752293586731
90 7.643645286560059
90 7.649527072906494
90 7.6547815799713135
90 7.660907983779907
90 7.66710901260376
90 7.672025442123413
90 7.677959680557251
90 7.683340787887573
90 7.689967393875122
90 7.695589303970337
90 7.701158761978149
90 7.707331895828247
90 7.712498664855957
90 7.718748569488525
90 7.723724842071533
90 7.729612588882446
90 7.734847784042358
90 7.741850852966309
90 7.747835159301758
90 7.753213882446289
90 7.759270906448364
90 7.764479398727417
90 7.77018141746521
90 7.776151895523071
90 7.781610727310181
90 7.787667989730835
90 7.793863773345947
90 7.799736022949219
90 7.804948091506958
90 7.810867786407471
90 7.817043304443359
90 7.821999549865723
90 7.829011678695679
90 7.839562892913818
90 7.847686052322388
90 7.853058338165283
90 7.859142065048218
90 7.864110231399536
90 7.870136260986328
90 7.876399755477905
90 7.881309986114502
90 7.887699127197266
90 7.893742322921753
90 7.899781703948975
90 7.905027866363525
90 7.9109320640563965
90 7.917093753814697
90 7.922008991241455
90 7.92794132232666
90 7.933350563049316
90 7.939247131347656
90 7.945119142532349
90 7.951013803482056
90 7.957358360290527
90 7.962493896484375
90 7.968485355377197
90 7.973556756973267
90 7.979448318481445
90 7.984711647033691
90 7.9906041622161865
90 7.997560977935791
90 8.002812623977661
90 8.008834838867188
90 8.013850688934326
90 8.019932508468628
90 8.025181293487549
90 8.031091213226318
90 8.037223100662231
90 8.042150020599365
90 8.049252986907959
90 8.054443359375
90 8.060168504714966
90 8.06618070602417
90 8.071315288543701
90 8.077647924423218
90 8.083014011383057
90 8.088967323303223
90 8.093957662582397
90 8.100797414779663
90 8.10699462890625
90 8.111919641494751
90 8.117877006530762
90 8.123259782791138
90 8.129169702529907
90 8.134119749069214
90 8.140166997909546
90 8.147485971450806
90 8.152794599533081
90 8.158828973770142
90 8.163825511932373
90 8.169746160507202
90 8.17497730255127
90 8.18098783493042
90 8.187136888504028
90 8.192055940628052
90 8.199239730834961
90 8.204469442367554
90 8.210425615310669
90 8.216561794281006
90 8.221634864807129
90 8.22768497467041
90 8.233074188232422
90 8.24457311630249
90 8.25155234336853
90 8.257894515991211
90 8.263229370117188
90 8.269285678863525
90 8.27443242073059
90 8.280490398406982
90 8.286492824554443
90 8.291481971740723
90 8.297594785690308
90 8.303743839263916
90 8.309633016586304
90 8.31490159034729
90 8.320988655090332
90 8.328980922698975
90 8.333970308303833
90 8.339866638183594
90 8.345104217529297
90 8.352622032165527
90 8.35871410369873
90 8.363729238510132
90 8.370020151138306
90 8.376039028167725
90 8.381430625915527
90 8.387555122375488
90 8.392814636230469
90 8.398855686187744
90 8.404915809631348
90 8.411019086837769
90 8.417179584503174
90 8.422074556350708
90 8.428004503250122
90 8.433356046676636
90 8.439435482025146
90 8.44468379020691
90 8.45131230354309
90 8.457561731338501
90 8.462804317474365
90 8.468844652175903
90 8.473855018615723
90 8.47975492477417
90 8.48496699333191
90 8.490873575210571
90 8.497244596481323
90 8.503386735916138
90 8.509301900863647
90 8.516467809677124
90 8.521846055984497
90 8.527848482131958
90 8.533201217651367
90 8.539293050765991
90 8.544492244720459
90 8.550471305847168
90 8.55752420425415
90 8.562813520431519
90 8.568852186203003
90 8.573854207992554
90 8.579750299453735
90 8.585070371627808
90 8.59097146987915
90 8.597130298614502
90 8.60203742980957
90 8.609060764312744
90 8.614026069641113
90 8.62003493309021
90 8.62560772895813
90 8.631155252456665
90 8.641830921173096
90 8.649088382720947
90 8.655056476593018
90 8.66118311882019
90 8.667603254318237
90 8.672878503799438
90 8.679220914840698
90 8.684419631958008
90 8.690147161483765
90 8.696135759353638
90 8.701297998428345
90 8.708543539047241
90 8.713608980178833
90 8.71954894065857
90 8.724790096282959
90 8.73071575164795
90 8.737049579620361
90 8.742002487182617
90 8.747983932495117
90 8.753339529037476
90 8.759867668151855
90 8.765103101730347
90 8.771031141281128
90 8.777213335037231
90 8.782127380371094
90 8.788065910339355
90 8.793413162231445
90 8.79954981803894
90 8.804792404174805
90 8.811481475830078
90 8.817708015441895
90 8.82331371307373
90 8.829893350601196
90 8.83515477180481
90 8.841119766235352
90 8.84733510017395
90 8.852535486221313
90 8.85948133468628
90 8.864790439605713
90 8.870732545852661
90 8.876949787139893
90 8.881963014602661
90 8.887957572937012
90 8.893341541290283
90 8.899291515350342
90 8.904561758041382
90 8.911463260650635
90 8.917738437652588
90 8.92318344116211
90 8.929305076599121
90 8.934544801712036
90 8.94057297706604
90 8.946614980697632
90 8.951775789260864
90 8.958925485610962
90 8.964051485061646
90 8.969964504241943
90 8.975623369216919
90 8.981425762176514
90 8.98759937286377
90 8.993060111999512
90 8.999041557312012
90 9.004066228866577
90 9.010921478271484
90 9.017118692398071
90 9.022094488143921
90 9.028066158294678
90 9.033487796783447
90 9.04557991027832
90 9.051290035247803
90 9.057806968688965
90 9.063975095748901
90 9.07002854347229
90 9.076117992401123
90 9.081295728683472
90 9.087543964385986
90 9.092966079711914
90 9.099143266677856
90 9.10417652130127
90 9.111124992370605
90 9.117546558380127
90 9.122872114181519
90 9.128957986831665
90 9.133962392807007
90 9.13986873626709
90 9.145097255706787
90 9.151031732559204
90 9.157395601272583
90 9.163520097732544
90 9.169471740722656
90 9.174728870391846
90 9.18068814277649
90 9.187076091766357
90 9.23886227607727
90 9.243889808654785
90 9.249818325042725
90 9.255133152008057
90 9.261090993881226
90 9.268094539642334
90 9.2734956741333
90 9.279624223709106
90 9.284918069839478
90 9.29983639717102
90 9.305114984512329
90 9.311185121536255
90 9.318850755691528
90 9.323880434036255
90 9.329800844192505
90 9.335102319717407
90 9.341177463531494
90 9.347400665283203
90 9.3526132106781
90 9.358758926391602
90 9.363775491714478
90 9.386488199234009
90 9.398067235946655
90 9.403818607330322
90 9.410490036010742
90 9.417638063430786
90 9.423116207122803
90 9.429096221923828
90 9.43408203125
90 9.447133302688599
90 9.452158212661743
90 9.458789825439453
90 9.463831901550293
90 9.470770835876465
90 9.477042436599731
90 9.48200249671936
90 9.487961769104004
90 9.493370771408081
90 9.499403476715088
90 9.504664421081543
90 9.510730504989624
90 9.517109870910645
90 9.523277759552002
90 9.52927041053772
90 9.534492492675781
90 9.540575504302979
90 9.546598196029663
90 9.551788568496704
90 9.55783748626709
90 9.563223123550415
90 9.56989073753357
90 9.575153112411499
90 9.581278324127197
90 9.587538242340088
90 9.592832803726196
90 9.598902225494385
90 9.603888273239136
90 9.60984182357788
90 9.615157127380371
90 9.622055292129517
90 9.628060102462769
90 9.63347840309143
90 9.639607906341553
90 9.64490032196045
90 9.650904893875122
90 9.657109260559082
90 9.662047386169434
90 9.668045997619629
90 9.674481391906738
90 9.680479526519775
90 9.686489582061768
90 9.691615104675293
90 9.697865009307861
90 9.703284740447998
90 9.709412336349487
90 9.71468472480774
90 9.721591234207153
90 9.727697849273682
90 9.73312520980835
90 9.73907208442688
90 9.74408769607544
90 9.750031471252441
90 9.75568151473999
90 9.761460065841675
90 9.767568111419678
90 9.773749589920044
90 9.779730319976807
90 9.78498363494873
90 9.790879726409912
90 9.797110557556152
90 9.802040338516235
90 9.808040142059326
90 9.813427209854126
90 9.81956148147583
90 9.82741904258728
90 9.83277702331543
90 9.839017868041992
90 9.850739479064941
90 9.857138872146606
90 9.862146854400635
90 9.868603229522705
90 9.874692440032959
90 9.880902290344238
90 9.887129306793213
90 9.892070770263672
90 9.898043870925903
90 9.903414726257324
90 9.909326314926147
90 9.914592504501343
90 9.920546293258667
90 9.927524089813232
90 9.9328293800354
90 9.939103841781616
90 9.944109916687012
90 9.950034379959106
90 9.956036806106567
90 9.961318016052246
90 9.967746257781982
90 9.973214626312256
90 9.979887962341309
90 9.985157489776611
90 9.99114727973938
90 9.99752402305603
90 10.002814769744873
90 10.008896112442017
90 10.013912677764893
90 10.019850015640259
90 10.027080059051514
90 10.032084226608276
90 10.03808879852295
90 10.043471336364746
90 10.04946780204773
90 10.05473518371582
90 10.060839176177979
90 10.067051887512207
90 10.072012424468994
90 10.079218864440918
90 10.084441661834717
90 10.09042763710022
90 10.09647250175476
90 10.101832389831543
90 10.10789179801941
90 10.11327338218689
90 10.119335174560547
90 10.12458848953247
90 10.131291151046753
90 10.137556314468384
90 10.142862558364868
90 10.148954153060913
90 10.153970956802368
90 10.159897565841675
90 10.165154218673706
90 10.171074628829956
90 10.178112506866455
90 10.183603286743164
90 10.189579486846924
90 10.194829940795898
90 10.200774192810059
90 10.206963062286377
90 10.21191120147705
90 10.217910766601562
90 10.223304033279419
90 10.230420589447021
90 10.236496925354004
90 10.247668504714966
90 10.254105806350708
90 10.260185956954956
90 10.266509532928467
90 10.27188229560852
90 10.278029441833496
90 10.284183502197266
90 10.290122032165527
90 10.296158075332642
90 10.301751852035522
90 10.30776858329773
90 10.313175439834595
90 10.319106340408325
90 10.324135780334473
90 10.331489562988281
90 10.337661027908325
90 10.343098402023315
90 10.34910535812378
90 10.354089975357056
90 10.360185861587524
90 10.366469860076904
90 10.37157392501831
90 10.377708673477173
90 10.383915424346924
90 10.38985276222229
90 10.395130157470703
90 10.401049613952637
90 10.408928871154785
90 10.413965225219727
90 10.42014217376709
90 10.426164627075195
90 10.432860136032104
90 10.439149856567383
90 10.444154739379883
90 10.450125455856323
90 10.45616102218628
90 10.461329221725464
90 10.46756649017334
90 10.47285270690918
90 10.479085445404053
90 10.485072374343872
90 10.491177558898926
90 10.497341632843018
90 10.502507448196411
90 10.508711338043213
90 10.513742923736572
90 10.519700050354004
90 10.52495002746582
90 10.530916452407837
90 10.53793740272522
90 10.543352842330933
90 10.549272060394287
90 10.554606676101685
90 10.560600519180298
90 10.566621541976929
90 10.571814775466919
90 10.577832698822021
90 10.583906412124634
90 10.589882612228394
90 10.595167875289917
90 10.601282119750977
90 10.607512950897217
90 10.61281967163086
90 10.61904501914978
90 10.62405800819397
90 10.630001783370972
90 10.637221574783325
90 10.647645950317383
90 10.65416145324707
90 10.660627603530884
90 10.666991233825684
90 10.672003030776978
90 10.678138017654419
90 10.683508396148682
90 10.690089702606201
90 10.69609808921814
90 10.701252698898315
90 10.707485914230347
90 10.712761640548706
90 10.718979358673096
90 10.723978757858276
90 10.729867696762085
90 10.737050294876099
90 10.742010354995728
90 10.748147249221802
90 10.753520011901855
90 10.759487867355347
90 10.76477336883545
90 10.770684003829956
90 10.777045488357544
90 10.78201174736023
90 10.789034366607666
90 10.794033765792847
90 10.799909591674805
90 10.80517292022705
90 10.811141014099121
90 10.817374229431152
90 10.822551727294922
90 10.829339981079102
90 10.834580183029175
90 10.841627359390259
90 10.847715139389038
90 10.853126049041748
90 10.859067440032959
90 10.864050149917603
90 10.869967460632324
90 10.875558614730835
90 10.881296634674072
90 10.88753056526184
90 10.89367389678955
90 10.899759531021118
90 10.905022382736206
90 10.910959005355835
90 10.917108535766602
90 10.922037601470947
90 10.928009510040283
90 10.933396339416504
90 10.939992189407349
90 10.945680618286133
90 10.951211214065552
90 10.957578182220459
90 10.962870359420776
90 10.968942642211914
90 10.973929643630981
90 10.979880094528198
90 10.98515510559082
90 10.992110967636108
90 10.998102188110352
90 11.003481388092041
90 11.009628772735596
90 11.01491665840149
90 11.021014213562012
90 11.02720594406128
90 11.032154321670532
90 11.038116455078125
90 11.049578189849854
90 11.057265758514404
90 11.062462329864502
90 11.068786859512329
90 11.073771715164185
90 11.079958438873291
90 11.085559129714966
90 11.092113018035889
90 11.098071813583374
90 11.10350489616394
90 11.109460592269897
90 11.11473798751831
90 11.120714902877808
90 11.12692141532898
90 11.131877422332764
90 11.138054609298706
90 11.144498348236084
90 11.150559902191162
90 11.15656328201294
90 11.161632776260376
90 11.167694568634033
90 11.173168420791626
90 11.179103374481201
90 11.18408489227295
90 11.190009355545044
90 11.197383642196655
90 11.202719688415527
90 11.208776950836182
90 11.21378493309021
90 11.219722509384155
90 11.224980592727661
90 11.230950593948364
90 11.237176895141602
90 11.242116212844849
90 11.249167203903198
90 11.254169940948486
90 11.26056694984436
90 11.26658296585083
90 11.271898746490479
90 11.277852773666382
90 11.283260822296143
90 11.29496145248413
90 11.307603120803833
90 11.318104028701782
90 11.323487043380737
90 11.329686164855957
90 11.33497428894043
90 11.341068267822266
90 11.347975254058838
90 11.353343725204468
90 11.35930061340332
90 11.364603996276855
90 11.370604038238525
90 11.37700629234314
90 11.382006406784058
90 11.387962341308594
90 11.393388032913208
90 11.400428771972656
90 11.406461238861084
90 11.411571979522705
90 11.417682886123657
90 11.423121690750122
90 11.429089307785034
90 11.434080839157104
90 11.440152168273926
90 11.45184874534607
90 11.459100008010864
90 11.464067935943604
90 11.470139026641846
90 11.476402759552002
90 11.481730222702026
90 11.487712860107422
90 11.493122816085815
90 11.499991416931152
90 11.505638360977173
90 11.511191368103027
90 11.517394542694092
90 11.52274489402771
90 11.528995990753174
90 11.53395700454712
90 11.539843559265137
90 11.545100450515747
90 11.552017211914062
90 11.55817461013794
90 11.56358551979065
90 11.569524765014648
90 11.574794054031372
90 11.580739974975586
90 11.58696699142456
90 11.591911554336548
90 11.597903490066528
90 11.60397219657898
90 11.609891176223755
90 11.615137100219727
90 11.621232509613037
90 11.627416372299194
90 11.632623434066772
90 11.638755559921265
90 11.643762111663818
90 11.650670528411865
90 11.657065153121948
90 11.662045240402222
90 11.668035745620728
90 11.677680492401123
90 11.68307089805603
90 11.68903136253357
90 11.694059133529663
90 11.700982809066772
90 11.707252979278564
90 11.712443828582764
90 11.718194723129272
90 11.723608016967773
90 11.729577779769897
90 11.734851121902466
90 11.740987539291382
90 11.747158765792847
90 11.753250122070312
90 11.759184837341309
90 11.764178991317749
90 11.770106315612793
90 11.776150703430176
90 11.781317472457886
90 11.78770399093628
90 11.794596910476685
90 11.800730228424072
90 11.807743310928345
90 11.813146591186523
90 11.81908917427063
90 11.824079751968384
90 11.831025123596191
90 11.837227582931519
90 11.84215760231018
90 11.854844093322754
90 11.861048221588135
90 11.867368698120117
90 11.872544527053833
90 11.878810405731201
90 11.883862733840942
90 11.88976788520813
90 11.895060777664185
90 11.901039361953735
90 11.907980918884277
90 11.91338300704956
90 11.919523000717163
90 11.924766778945923
90 11.930725812911987
90 11.936949014663696
90 11.941911458969116
90 11.947884321212769
90 11.953268051147461
90 11.959934949874878
90 11.965184450149536
90 11.971144914627075
90 11.977514743804932
90 11.982834815979004
90 11.988907814025879
90 11.993957042694092
90 11.999840259552002
90 12.006910800933838
90 12.011886596679688
90 12.017888307571411
90 12.023314237594604
90 12.02925968170166
90 12.03445839881897
90 12.04057788848877
90 12.046631336212158
90 12.051949501037598
90 12.059061765670776
90 12.064057350158691
90 12.069995880126953
90 12.075620412826538
90 12.081167936325073
90 12.087365627288818
90 12.092542171478271
90 12.098853826522827
90 12.103878021240234
90 12.110739707946777
90 12.116952896118164
90 12.121908187866211
90 12.12789249420166
90 12.133337020874023
90 12.139267683029175
90 12.144504070281982
90 12.1504647731781
90 12.15648865699768
90 12.163034677505493
90 12.16900897026062
90 12.174020528793335
90 12.180075883865356
90 12.186088800430298
90 12.191287279129028
90 12.197522401809692
90 12.202846050262451
90 12.209685325622559
90 12.215001106262207
90 12.221113920211792
90 12.22729778289795
90 12.232477903366089
90 12.238516807556152
90 12.243668556213379
90 12.255180597305298
90 12.26219367980957
90 12.268752098083496
90 12.2737557888031
90 12.279880046844482
90 12.285115003585815
90 12.291065454483032
90 12.297333717346191
90 12.302526712417603
90 12.30887222290039
90 12.314955234527588
90 12.320932388305664
90 12.327165126800537
90 12.33210563659668
90 12.338535785675049
90 12.34363865852356
90 12.349583148956299
90 12.354871034622192
90 12.361863374710083
90 12.367864847183228
90 12.37326431274414
90 12.379183053970337
90 12.38418459892273
90 12.390115737915039
90 12.39608883857727
90 12.401557922363281
90 12.407683372497559
90 12.413859844207764
90 12.419780254364014
90 12.425031661987305
90 12.431031227111816
90 12.43740177154541
90 12.442601919174194
90 12.448701620101929
90 12.453734397888184
90 12.459797859191895
90 12.467045545578003
90 12.472010850906372
90 12.477988243103027
90 12.483356952667236
90 12.489312171936035
90 12.494553804397583
90 12.500519514083862
90 12.506541967391968
90 12.51177191734314
90 12.519079208374023
90 12.524070262908936
90 12.52998423576355
90 12.535611152648926
90 12.541176080703735
90 12.547344446182251
90 12.552520513534546
90 12.558619976043701
90 12.56464433670044
90 12.57774043083191
90 12.584076642990112
90 12.58998966217041
90 12.595661401748657
90 12.60118842124939
90 12.607370138168335
90 12.612541675567627
90 12.619476318359375
90 12.624742269515991
90 12.630707025527954
90 12.637043237686157
90 12.6420419216156
90 12.65367865562439
90 12.659794807434082
90 12.667058944702148
90 12.672033071517944
90 12.678138256072998
90 12.68357801437378
90 12.689492225646973
90 12.694763898849487
90 12.700951337814331
90 12.70713210105896
90 12.712053298950195
90 12.719196796417236
90 12.724190711975098
90 12.730193614959717
90 12.73643708229065
90 12.741481304168701
90 12.747579574584961
90 12.752881526947021
90 12.759112119674683
90 12.764094352722168
90 12.770886421203613
90 12.777087450027466
90 12.782063245773315
90 12.788043737411499
90 12.793393850326538
90 12.799317121505737
90 12.804566144943237
90 12.81055235862732
90 12.81659746170044
90 12.82311201095581
90 12.829899549484253
90 12.83515977859497
90 12.841124057769775
90 12.847440719604492
90 12.852709770202637
90 12.858769416809082
90 12.863752603530884
90 12.870723724365234
90 12.877078533172607
90 12.882081508636475
90 12.888066291809082
90 12.893488645553589
90 12.899454593658447
90 12.904710292816162
90 12.91064453125
90 12.917020082473755
90 12.923204183578491
90 12.929137229919434
90 12.934125185012817
90 12.940191745758057
90 12.946479558944702
90 12.951621055603027
90 12.957664251327515
90 12.963056802749634
90 12.969163656234741
90 12.975606203079224
90 12.981158971786499
90 12.987359523773193
90 12.992531299591064
90 12.99897027015686
90 13.00732707977295
