0 0.004631996154785156
0 0.015062093734741211
1 0.02091073989868164
1 0.025383472442626953
1 0.031053781509399414
2 0.03557944297790527
3 0.04103374481201172
4 0.0455775260925293
6 0.05470681190490723
7 0.05997180938720703
9 0.06467008590698242
11 0.07027864456176758
13 0.07502865791320801
15 0.0802152156829834
17 0.08494949340820312
19 0.09029197692871094
21 0.09503722190856934
26 0.10143184661865234
28 0.10592150688171387
31 0.1114342212677002
34 0.11591911315917969
38 0.12140274047851562
41 0.12587261199951172
43 0.13129520416259766
48 0.13576602935791016
51 0.14121389389038086
56 0.1457352638244629
61 0.15212798118591309
65 0.15753483772277832
69 0.1620500087738037
73 0.1674480438232422
79 0.17199993133544922
83 0.1774747371673584
88 0.18202614784240723
92 0.18747973442077637
97 0.1920309066772461
101 0.19751715660095215
106 0.20312833786010742
115 0.21546006202697754
119 0.22118067741394043
123 0.2257091999053955
127 0.2315385341644287
129 0.23602652549743652
133 0.24163198471069336
135 0.24661922454833984
137 0.25276684761047363
139 0.2580912113189697
141 0.2628772258758545
143 0.26824378967285156
144 0.2729783058166504
145 0.27817535400390625
146 0.28293824195861816
147 0.2881615161895752
147 0.29291796684265137
149 0.29813051223754883
149 0.3037545680999756
149 0.30913496017456055
149 0.3137092590332031
149 0.31915783882141113
148 0.32375264167785645
147 0.3292868137359619
147 0.33398890495300293
146 0.3392765522003174
145 0.344008207321167
144 0.3492577075958252
143 0.3548848628997803
141 0.3602597713470459
139 0.36503171920776367
137 0.3702669143676758
135 0.37505030632019043
133 0.38056182861328125
131 0.385143518447876
129 0.3907887935638428
127 0.3953232765197754
123 0.4008054733276367
119 0.40665245056152344
116 0.4116401672363281
113 0.41664576530456543
110 0.42162227630615234
107 0.42666006088256836
103 0.43172287940979004
100 0.4371819496154785
95 0.4418206214904785
93 0.44730567932128906
88 0.4520740509033203
84 0.4587075710296631
81 0.46326184272766113
77 0.4687488079071045
75 0.47325730323791504
71 0.4787473678588867
69 0.48325109481811523
66 0.4889049530029297
64 0.49336671829223633
61 0.4988405704498291
60 0.5032734870910645
55 0.5157358646392822
53 0.5214076042175293
53 0.5272772312164307
51 0.5319461822509766
51 0.5373427867889404
50 0.5420553684234619
50 0.5480129718780518
49 0.5527267456054688
49 0.558969259262085
49 0.5633823871612549
50 0.5690174102783203
51 0.5734872817993164
51 0.5789225101470947
52 0.5833582878112793
53 0.5887763500213623
54 0.5932466983795166
55 0.5987441539764404
57 0.6032235622406006
61 0.6158363819122314
63 0.6216051578521729
65 0.6260621547698975
68 0.6317822933197021
70 0.6371862888336182
73 0.6419036388397217
75 0.6473479270935059
79 0.6519820690155029
81 0.6574358940124512
85 0.6630187034606934
89 0.6682846546173096
91 0.6730618476867676
95 0.6785809993743896
97 0.6831512451171875
100 0.6888279914855957
102 0.6934430599212646
105 0.698920488357544
107 0.7034339904785156
109 0.7097411155700684
111 0.7142887115478516
113 0.7197694778442383
114 0.7242677211761475
115 0.7297613620758057
116 0.7342562675476074
117 0.7397563457489014
117 0.7442517280578613
118 0.7499127388000488
118 0.7546696662902832
119 0.760897159576416
118 0.7654039859771729
118 0.7709050178527832
117 0.7753951549530029
117 0.7808659076690674
115 0.7853753566741943
115 0.7908535003662109
114 0.7953858375549316
113 0.800891637802124
111 0.8053939342498779
109 0.8117883205413818
107 0.8172783851623535
105 0.821894645690918
103 0.8273704051971436
101 0.831967830657959
99 0.8374073505401611
97 0.841982364654541
95 0.8474423885345459
91 0.8520236015319824
90 0.8575196266174316
87 0.863065242767334
85 0.8687500953674316
83 0.8732402324676514
81 0.8789007663726807
79 0.8834173679351807
77 0.8889145851135254
76 0.8933916091918945
75 0.898871898651123
73 0.9033792018890381
73 0.9088625907897949
71 0.9146466255187988
71 0.9199047088623047
71 0.9246501922607422
71 0.9300558567047119
71 0.9348044395446777
71 0.9400746822357178
71 0.9448239803314209
71 0.950066328048706
72 0.9548144340515137
73 0.9601471424102783
74 0.9657058715820312
75 0.971250057220459
76 0.9757676124572754
77 0.981266975402832
79 0.9857988357543945
81 0.991471529006958
83 0.9959697723388672
85 1.00148344039917
86 1.0060255527496338
91 1.019829511642456
93 1.0246329307556152
95 1.0300743579864502
95 1.0348601341247559
97 1.040285348892212
99 1.0450756549835205
100 1.0514633655548096
101 1.0560202598571777
102 1.0614984035491943
103 1.067948341369629
103 1.0727274417877197
103 1.0779941082000732
103 1.082826852798462
103 1.0880634784698486
103 1.0928280353546143
103 1.098067045211792
102 1.102820634841919
101 1.1082849502563477
101 1.1130759716033936
99 1.1192262172698975
98 1.1238818168640137
97 1.1292030811309814
95 1.1338841915130615
94 1.1394994258880615
93 1.1441214084625244
91 1.1495356559753418
91 1.154134750366211
89 1.159517765045166
88 1.16410493850708
87 1.170774221420288
86 1.1753034591674805
85 1.1808159351348877
84 1.185347318649292
83 1.1908347606658936
83 1.1953675746917725
82 1.200878620147705
81 1.2053911685943604
81 1.2108912467956543
81 1.216676950454712
81 1.2216367721557617
81 1.2270705699920654
82 1.2318360805511475
83 1.237276315689087
83 1.2418513298034668
83 1.2473394870758057
85 1.2518837451934814
85 1.2573490142822266
86 1.2619085311889648
87 1.268723964691162
88 1.2732412815093994
89 1.278724193572998
90 1.2832531929016113
91 1.2888693809509277
91 1.2933611869812012
93 1.2988569736480713
93 1.303452730178833
94 1.308915138244629
95 1.3134706020355225
95 1.319901943206787
95 1.324636459350586
95 1.3298985958099365
96 1.3346459865570068
96 1.3399288654327393
96 1.3446986675262451
95 1.3500757217407227
95 1.3548295497894287
95 1.3600685596466064
95 1.364823579788208
94 1.3710706233978271
93 1.3755879402160645
93 1.3810594081878662
93 1.3855454921722412
92 1.3910300731658936
91 1.3955514430999756
91 1.4012224674224854
90 1.40574049949646
89 1.4174244403839111
89 1.4233202934265137
88 1.4289071559906006
87 1.4333932399749756
87 1.4390454292297363
87 1.4435179233551025
87 1.4490036964416504
87 1.4534966945648193
87 1.458946943283081
87 1.4634015560150146
87 1.4690296649932861
87 1.474646806716919
87 1.4799158573150635
87 1.4846391677856445
87 1.4899060726165771
87 1.4947960376739502
87 1.500016689300537
87 1.5047457218170166
88 1.510014533996582
88 1.5147597789764404
89 1.520087718963623
89 1.5254783630371094
89 1.5311148166656494
89 1.5355608463287354
90 1.541074514389038
90 1.545543909072876
91 1.5528185367584229
91 1.5587852001190186
91 1.5632905960083008
91 1.5687665939331055
91 1.5742712020874023
92 1.5802042484283447
92 1.5850000381469727
92 1.590646505355835
92 1.595177173614502
92 1.600630760192871
92 1.6051595211029053
91 1.6106390953063965
91 1.615159273147583
91 1.620647668838501
91 1.6259753704071045
91 1.6314406394958496
91 1.6359317302703857
91 1.6413915157318115
91 1.6459205150604248
91 1.6515872478485107
91 1.6560628414154053
90 1.6616930961608887
90 1.6671218872070312
90 1.671684741973877
90 1.6779954433441162
89 1.6826889514923096
89 1.688002109527588
89 1.6927402019500732
89 1.6979916095733643
89 1.7027137279510498
89 1.7081727981567383
89 1.7129149436950684
89 1.7180986404418945
89 1.7228469848632812
89 1.7290966510772705
89 1.7336819171905518
89 1.7390787601470947
89 1.7435460090637207
89 1.7490084171295166
89 1.753481149673462
89 1.7589519023895264
89 1.7634069919586182
89 1.7690496444702148
89 1.7735238075256348
89 1.7799150943756104
89 1.7846565246582031
89 1.7900691032409668
89 1.794844150543213
89 1.8000471591949463
89 1.8048052787780762
89 1.8150973320007324
89 1.8219194412231445
89 1.8288257122039795
89 1.8333044052124023
89 1.8389155864715576
89 1.8433825969696045
89 1.8490288257598877
89 1.8535242080688477
89 1.8589708805084229
89 1.863415241241455
89 1.8688666820526123
89 1.87335205078125
89 1.8797922134399414
89 1.884516716003418
89 1.8899295330047607
89 1.8946423530578613
89 1.8998725414276123
89 1.9046094417572021
89 1.909816026687622
89 1.9142787456512451
89 1.9198920726776123
89 1.924612283706665
89 1.930854320526123
89 1.9353182315826416
89 1.9407556056976318
89 1.9452412128448486
89 1.9508583545684814
89 1.959538221359253
89 1.9641520977020264
89 1.969529151916504
89 1.9740936756134033
89 1.9805166721343994
89 1.9850943088531494
89 1.99058198928833
89 1.9951186180114746
89 2.0005693435668945
89 2.005154848098755
89 2.010805368423462
89 2.015310287475586
89 2.020798444747925
89 2.0253007411956787
89 2.0315232276916504
89 2.035999298095703
89 2.0414257049560547
89 2.047492742538452
89 2.052218198776245
89 2.057837724685669
89 2.0622329711914062
89 2.068035364151001
89 2.072801351547241
89 2.078049659729004
89 2.083538770675659
89 2.0889523029327393
89 2.0934464931488037
89 2.0988786220550537
89 2.103309392929077
89 2.108745813369751
89 2.1132149696350098
89 2.118648052215576
89 2.123145580291748
89 2.128741502761841
89 2.1341726779937744
89 2.1395421028137207
89 2.144118547439575
89 2.149493932723999
89 2.1540515422821045
89 2.1592893600463867
89 2.1639599800109863
89 2.1691932678222656
89 2.1737260818481445
89 2.179243326187134
89 2.1847970485687256
89 2.1901769638061523
89 2.194918394088745
89 2.200162172317505
89 2.2048861980438232
89 2.2101404666900635
89 2.2211976051330566
89 2.225691080093384
89 2.2320597171783447
89 2.2375330924987793
89 2.2422494888305664
89 2.248161554336548
89 2.2528958320617676
89 2.258082866668701
89 2.262786865234375
89 2.268052577972412
89 2.2728049755096436
89 2.2780344486236572
89 2.2834882736206055
89 2.2889063358306885
89 2.293360710144043
89 2.298766851425171
89 2.3032379150390625
89 2.3088624477386475
89 2.313398838043213
89 2.3188226222991943
89 2.3232686519622803
89 2.3287150859832764
89 2.3341100215911865
89 2.3395214080810547
89 2.344074249267578
89 2.3494410514831543
89 2.3540384769439697
89 2.3593106269836426
89 2.363985061645508
89 2.369497776031494
89 2.374058485031128
89 2.3792855739593506
89 2.3849215507507324
89 2.39013934135437
89 2.39485239982605
89 2.4000792503356934
89 2.404792547225952
89 2.4100232124328613
89 2.414822816848755
89 2.420086622238159
89 2.424792528152466
89 2.430159568786621
89 2.4355738162994385
89 2.4411773681640625
89 2.4456725120544434
89 2.4511303901672363
89 2.455625534057617
89 2.4610776901245117
89 2.465555191040039
89 2.4709815979003906
89 2.4754478931427
89 2.480907440185547
89 2.4866318702697754
89 2.4917550086975098
89 2.497121572494507
89 2.501711845397949
89 2.5071072578430176
89 2.511735439300537
89 2.51708984375
89 2.5217549800872803
89 2.5271048545837402
89 2.5316991806030273
89 2.538069486618042
89 2.542773962020874
89 2.548168182373047
89 2.5528855323791504
89 2.5580902099609375
89 2.5628435611724854
89 2.5682196617126465
89 2.572957754135132
89 2.578132390975952
89 2.5828709602355957
89 2.59102201461792
89 2.5954959392547607
89 2.600947856903076
89 2.605419158935547
89 2.6114394664764404
89 2.6234636306762695
89 2.6290481090545654
89 2.634148120880127
89 2.6407346725463867
89 2.6452391147613525
89 2.6508641242980957
89 2.6553618907928467
89 2.660824775695801
89 2.665351152420044
89 2.6709184646606445
89 2.6753995418548584
89 2.680838108062744
89 2.6853535175323486
89 2.691530704498291
89 2.696037530899048
89 2.7016544342041016
89 2.706613063812256
89 2.711561679840088
89 2.716022491455078
89 2.7214298248291016
89 2.7259163856506348
89 2.7315475940704346
89 2.736053705215454
89 2.742647409439087
89 2.7479236125946045
89 2.752643585205078
89 2.757899284362793
89 2.762197971343994
89 2.7678232192993164
89 2.7722370624542236
89 2.7778754234313965
89 2.7822039127349854
89 2.787971258163452
89 2.793492317199707
89 2.798923969268799
89 2.8033668994903564
89 2.8088290691375732
89 2.8132708072662354
89 2.8187243938446045
89 2.823188543319702
89 2.8288004398345947
89 2.8332927227020264
89 2.838791847229004
89 2.8441014289855957
89 2.849705934524536
89 2.8541839122772217
89 2.859647274017334
89 2.86418080329895
89 2.869633913040161
89 2.8741345405578613
89 2.879495859146118
89 2.884051561355591
89 2.8894224166870117
89 2.895066499710083
89 2.9002737998962402
89 2.905026912689209
89 2.910640001296997
89 2.915151834487915
89 2.9205996990203857
89 2.9251511096954346
89 2.9305973052978516
89 2.9351108074188232
89 2.9405579566955566
89 2.945854663848877
89 2.951282262802124
89 2.955761671066284
89 2.9613840579986572
89 2.9658448696136475
89 2.9714443683624268
89 2.9759232997894287
89 2.981379508972168
89 2.9858458042144775
89 2.9912936687469482
89 2.9973816871643066
89 3.001927137374878
89 3.0073864459991455
89 3.0119404792785645
89 3.023374319076538
89 3.0291149616241455
89 3.033637285232544
89 3.0391671657562256
89 3.0448553562164307
89 3.0511107444763184
89 3.0555717945098877
89 3.0610368251800537
89 3.065537452697754
89 3.0711820125579834
89 3.075676202774048
89 3.08111310005188
89 3.085566520690918
89 3.0911715030670166
89 3.0972907543182373
89 3.101863384246826
89 3.1072821617126465
89 3.1118171215057373
89 3.1172196865081787
89 3.1217799186706543
89 3.127150297164917
89 3.1317379474639893
89 3.1370863914489746
89 3.141702651977539
89 3.14823579788208
89 3.152998685836792
89 3.1581995487213135
89 3.162933588027954
89 3.1681320667266846
89 3.172854423522949
89 3.1780943870544434
89 3.18285870552063
89 3.188044786453247
89 3.192763328552246
89 3.199018955230713
89 3.203497886657715
89 3.209095001220703
89 3.2135326862335205
89 3.219115972518921
89 3.223665237426758
89 3.2290427684783936
89 3.233515977859497
89 3.2389752864837646
89 3.243415594100952
89 3.2497782707214355
89 3.254235029220581
89 3.259678840637207
89 3.2641682624816895
89 3.269774913787842
89 3.2742397785186768
89 3.279716968536377
89 3.2841906547546387
89 3.289551019668579
89 3.2941229343414307
89 3.3005900382995605
89 3.3051350116729736
89 3.3106682300567627
89 3.3151638507843018
89 3.3206138610839844
89 3.3251852989196777
89 3.3308024406433105
89 3.3352861404418945
89 3.3407375812530518
89 3.3452510833740234
89 3.3516085147857666
89 3.356609344482422
89 3.3615798950195312
89 3.3660342693328857
89 3.3714699745178223
89 3.3759381771087646
89 3.38139009475708
89 3.3858675956726074
89 3.3914718627929688
89 3.395944118499756
89 3.4021670818328857
89 3.407803773880005
89 3.4122464656829834
89 3.423469066619873
89 3.4291017055511475
89 3.433638095855713
89 3.4391846656799316
89 3.443770170211792
89 3.4494969844818115
89 3.455040693283081
89 3.4602580070495605
89 3.4650440216064453
89 3.470245599746704
89 3.4750053882598877
89 3.4806392192840576
89 3.4851701259613037
89 3.490598678588867
89 3.4951608180999756
89 3.5012943744659424
89 3.505830764770508
89 3.5114314556121826
89 3.515902042388916
89 3.521451234817505
89 3.5259244441986084
89 3.531414747238159
89 3.5358853340148926
89 3.5413012504577637
89 3.5457770824432373
89 3.5521068572998047
89 3.557756185531616
89 3.5621039867401123
89 3.5675060749053955
89 3.572232484817505
89 3.577845335006714
89 3.5821990966796875
89 3.587815761566162
89 3.592167854309082
89 3.5977871417999268
89 3.603285789489746
89 3.6089181900024414
89 3.6133782863616943
89 3.618840456008911
89 3.623286724090576
89 3.630192279815674
89 3.634922981262207
89 3.6402814388275146
89 3.645031452178955
89 3.6506264209747314
89 3.6559407711029053
89 3.661576986312866
89 3.6660659313201904
89 3.6715474128723145
89 3.676034688949585
89 3.6814491748809814
89 3.685943126678467
89 3.691549301147461
89 3.696065664291382
89 3.701535940170288
89 3.7079226970672607
89 3.712223529815674
89 3.7178313732147217
89 3.722146987915039
89 3.7275617122650146
89 3.7320761680603027
89 3.7374961376190186
89 3.742208957672119
89 3.7480075359344482
89 3.752770185470581
89 3.7589304447174072
89 3.763357639312744
89 3.7688069343566895
89 3.773268461227417
89 3.7787129878997803
89 3.783186197280884
89 3.78865647315979
89 3.793149709701538
89 3.798595428466797
89 3.8031187057495117
89 3.809744358062744
89 3.814579725265503
89 3.825338363647461
89 3.8309011459350586
89 3.835408926010132
89 3.8410284519195557
89 3.8455886840820312
89 3.851166009902954
89 3.857311248779297
89 3.861830949783325
89 3.8672494888305664
89 3.871964454650879
89 3.8773465156555176
89 3.8819048404693604
89 3.887300729751587
89 3.8918275833129883
89 3.8972325325012207
89 3.9017863273620605
89 3.908109426498413
89 3.9128336906433105
89 3.918046474456787
89 3.9227495193481445
89 3.9281389713287354
89 3.9328558444976807
89 3.938082456588745
89 3.942763566970825
89 3.9512648582458496
89 3.9557766914367676
89 3.961970806121826
89 3.967355251312256
89 3.9719104766845703
89 3.977344512939453
89 3.981900453567505
89 3.987334728240967
89 3.991992712020874
89 3.997419834136963
89 4.002103805541992
89 4.007511377334595
89 4.013232231140137
89 4.018669843673706
89 4.023160457611084
89 4.028592348098755
89 4.0330986976623535
89 4.038595676422119
89 4.043100833892822
89 4.049490213394165
89 4.0540547370910645
89 4.060228109359741
89 4.065026760101318
89 4.070232391357422
89 4.074919700622559
89 4.080105543136597
89 4.084843158721924
89 4.090050220489502
89 4.09477972984314
89 4.099977731704712
89 4.104682683944702
89 4.110965013504028
89 4.115468978881836
89 4.1209070682525635
89 4.125414848327637
89 4.1310296058654785
89 4.135526895523071
89 4.140969753265381
89 4.145438194274902
89 4.150872230529785
89 4.155364274978638
89 4.161454916000366
89 4.165984869003296
89 4.1715686321258545
89 4.176060676574707
89 4.181510925292969
89 4.185984373092651
89 4.191478252410889
89 4.195935010910034
89 4.201390266418457
89 4.205870866775513
89 4.212065935134888
89 4.217519998550415
89 4.228962659835815
89 4.233399868011475
89 4.239019155502319
89 4.243657827377319
89 4.249149560928345
89 4.253672361373901
89 4.259222745895386
89 4.264937877655029
89 4.270125150680542
89 4.274824142456055
89 4.280030727386475
89 4.284819602966309
89 4.290204763412476
89 4.294944524765015
89 4.300133228302002
89 4.30483341217041
89 4.310054540634155
89 4.3154871463775635
89 4.320917844772339
89 4.325403690338135
89 4.330873012542725
89 4.335361957550049
89 4.340827226638794
89 4.345338821411133
89 4.35097074508667
89 4.355427026748657
89 4.36087703704834
89 4.36667799949646
89 4.37164568901062
89 4.37661337852478
89 4.381613731384277
89 4.386076211929321
89 4.39167857170105
89 4.396685600280762
89 4.4016032218933105
89 4.406073808670044
89 4.411756992340088
89 4.4180686473846436
89 4.422807455062866
89 4.428039789199829
89 4.432762384414673
89 4.438045978546143
89 4.442776918411255
89 4.4480016231536865
89 4.452702045440674
89 4.457945346832275
89 4.462245941162109
89 4.469045639038086
89 4.473516225814819
89 4.47894024848938
89 4.483387231826782
89 4.488820791244507
89 4.493265390396118
89 4.49874210357666
89 4.503237247467041
89 4.512047290802002
89 4.521517753601074
89 4.530162334442139
89 4.541881322860718
89 4.5530476570129395
89 4.564623594284058
89 4.573487281799316
89 4.587318658828735
89 4.59596586227417
89 4.60560154914856
89 4.6173951625823975
89 4.634655237197876
89 4.643457412719727
89 4.649190902709961
89 4.653756856918335
89 4.659164905548096
89 4.663690567016602
89 4.669041156768799
89 4.673510313034058
89 4.6835362911224365
89 4.6954920291900635
89 4.704618215560913
89 4.710130214691162
89 4.7152135372161865
89 4.720640182495117
89 4.725148439407349
89 4.73059344291687
89 4.735124111175537
89 4.740565776824951
89 4.745842456817627
89 4.751274824142456
89 4.755739212036133
89 4.761198043823242
89 4.765686273574829
89 4.771273136138916
89 4.7757346630096436
89 4.781382322311401
89 4.78585958480835
89 4.791287899017334
89 4.797356843948364
89 4.801927804946899
89 4.8073625564575195
89 4.811896562576294
89 4.817303657531738
89 4.821848154067993
89 4.8272669315338135
89 4.832005023956299
89 4.837403059005737
89 4.84192419052124
89 4.848596572875977
89 4.853094816207886
89 4.858538866043091
89 4.8630571365356445
89 4.868282794952393
89 4.872983694076538
89 4.878145217895508
89 4.882880449295044
89 4.888270854949951
89 4.892995595932007
89 4.89912748336792
89 4.903654098510742
89 4.909173250198364
89 4.913723468780518
89 4.91909646987915
89 4.923537254333496
89 4.929006099700928
89 4.933498859405518
89 4.938903570175171
89 4.943347215652466
89 4.949954986572266
89 4.954632520675659
89 4.9598774909973145
89 4.9645891189575195
89 4.969867706298828
89 4.974603652954102
89 4.979876518249512
89 4.9846155643463135
89 4.989877939224243
89 4.994581460952759
89 5.000839471817017
89 5.005350112915039
89 5.010962963104248
89 5.01541805267334
89 5.025590181350708
89 5.031961917877197
89 5.037377834320068
89 5.042245864868164
89 5.049728155136108
89 5.054219722747803
89 5.05964732170105
89 5.064130544662476
89 5.069738864898682
89 5.074214696884155
89 5.079644441604614
89 5.084161043167114
89 5.089644193649292
89 5.094135999679565
89 5.100204706192017
89 5.104920148849487
89 5.110122442245483
89 5.114837884902954
89 5.1200597286224365
89 5.124785900115967
89 5.130128383636475
89 5.134883403778076
89 5.140083074569702
89 5.144827604293823
89 5.15095067024231
89 5.155430316925049
89 5.1608898639678955
89 5.165387392044067
89 5.171022891998291
89 5.175590753555298
89 5.181036472320557
89 5.18548846244812
89 5.1910669803619385
89 5.195561170578003
89 5.201762914657593
89 5.207193374633789
89 5.211768388748169
89 5.2171103954315186
89 5.2217116355896
89 5.227118253707886
89 5.231726408004761
89 5.237097263336182
89 5.241693496704102
89 5.2470786571502686
89 5.252998113632202
89 5.258203029632568
89 5.2629547119140625
89 5.268152713775635
89 5.272876501083374
89 5.2780842781066895
89 5.2828285694122314
89 5.288123369216919
89 5.292866468429565
89 5.298238277435303
89 5.303735733032227
89 5.309250831604004
89 5.313802719116211
89 5.319186210632324
89 5.3237409591674805
89 5.329087257385254
89 5.33353590965271
89 5.338942050933838
89 5.343404054641724
89 5.348870038986206
89 5.354560852050781
89 5.35980224609375
89 5.3642661571502686
89 5.369898796081543
89 5.374634742736816
89 5.379889249801636
89 5.384612321853638
89 5.3898539543151855
89 5.394559144973755
89 5.399810552597046
89 5.405352354049683
89 5.410804271697998
89 5.4153313636779785
89 5.424973249435425
89 5.431706190109253
89 5.437093496322632
89 5.441835165023804
89 5.447245836257935
89 5.451970100402832
89 5.4586427211761475
89 5.4631507396698
89 5.468594789505005
89 5.473065137863159
89 5.4782633781433105
89 5.482990264892578
89 5.488615989685059
89 5.493123531341553
89 5.4985926151275635
89 5.504024505615234
89 5.50954794883728
89 5.518915891647339
89 5.5233612060546875
89 5.529278755187988
89 5.5339624881744385
89 5.539234638214111
89 5.54378604888916
89 5.549884796142578
89 5.555315017700195
89 5.560940742492676
89 5.565404176712036
89 5.57089900970459
89 5.575380325317383
89 5.580828905105591
89 5.585325002670288
89 5.590770721435547
89 5.595262765884399
89 5.600770711898804
89 5.6059958934783936
89 5.611613988876343
89 5.616081237792969
89 5.621531009674072
89 5.626049995422363
89 5.631492614746094
89 5.635977268218994
89 5.641428232192993
89 5.645936012268066
89 5.651392698287964
89 5.6575610637664795
89 5.662085771560669
89 5.66750168800354
89 5.672185659408569
89 5.677812099456787
89 5.682218313217163
89 5.688033103942871
89 5.692782640457153
89 5.698003768920898
89 5.702708959579468
89 5.70893120765686
89 5.713388681411743
89 5.718857288360596
89 5.7232983112335205
89 5.728917360305786
89 5.733351230621338
89 5.7387964725494385
89 5.743279218673706
89 5.748740196228027
89 5.753221273422241
89 5.759540557861328
89 5.764116287231445
89 5.769518613815308
89 5.7740631103515625
89 5.779428958892822
89 5.783995151519775
89 5.78952169418335
89 5.7940967082977295
89 5.799497127532959
89 5.804063320159912
89 5.81022310256958
89 5.815003156661987
89 5.820614814758301
89 5.83157205581665
89 5.8360373973846436
89 5.84166407585144
89 5.846656560897827
89 5.8518967628479
89 5.857274293899536
89 5.863163471221924
89 5.8685996532440186
89 5.873107433319092
89 5.878516912460327
89 5.88309907913208
89 5.888280153274536
89 5.892988204956055
89 5.898149490356445
89 5.902841091156006
89 5.9081926345825195
89 5.913761377334595
89 5.919158697128296
89 5.923676252365112
89 5.929043531417847
89 5.93347692489624
89 5.938909292221069
89 5.943356275558472
89 5.948939085006714
89 5.953374624252319
89 5.958823204040527
89 5.964127540588379
89 5.969721555709839
89 5.974184036254883
89 5.979532718658447
89 5.984082460403442
89 5.989472150802612
89 5.994037866592407
89 5.9992876052856445
89 6.003949403762817
89 6.009156942367554
89 6.014827489852905
89 6.020018577575684
89 6.02484917640686
89 6.03019380569458
89 6.034895420074463
89 6.04008674621582
89 6.044799089431763
89 6.0509033203125
89 6.05540132522583
89 6.122203588485718
89 6.127851963043213
89 6.132184982299805
89 6.1378493309021
89 6.142174959182739
89 6.147978067398071
89 6.152719974517822
89 6.157941579818726
89 6.1625590324401855
89 6.168940305709839
89 6.173375606536865
89 6.178805589675903
89 6.1832640171051025
89 6.188710689544678
89 6.193176507949829
89 6.198651313781738
89 6.2031569480896
89 6.208803653717041
89 6.213257074356079
89 6.219877481460571
89 6.230982303619385
89 6.2354326248168945
89 6.241034984588623
89 6.245471477508545
89 6.251105546951294
89 6.255568265914917
89 6.261176109313965
89 6.267294645309448
89 6.271994113922119
89 6.277405738830566
89 6.28192400932312
89 6.287330865859985
89 6.2918479442596436
89 6.29724907875061
89 6.301787614822388
89 6.30716609954834
89 6.311755895614624
89 6.318069696426392
89 6.322818994522095
89 6.328183650970459
89 6.332892179489136
89 6.33810830116272
89 6.342820644378662
89 6.348190069198608
89 6.352900266647339
89 6.358081579208374
89 6.362815618515015
89 6.3690009117126465
89 6.373489618301392
89 6.3788933753967285
89 6.383376598358154
89 6.388984680175781
89 6.393422603607178
89 6.39884614944458
89 6.403287410736084
89 6.408730745315552
89 6.413197755813599
89 6.419293403625488
89 6.424046039581299
89 6.429450988769531
89 6.434046268463135
89 6.439290523529053
89 6.443946361541748
89 6.449495315551758
89 6.454061985015869
89 6.459449768066406
89 6.464016914367676
89 6.470193147659302
89 6.474964141845703
89 6.48056697845459
89 6.4850897789001465
89 6.4902825355529785
89 6.495023012161255
89 6.5002641677856445
89 6.50501012802124
89 6.510646104812622
89 6.515167236328125
89 6.521386623382568
89 6.525865793228149
89 6.531282186508179
89 6.535732746124268
89 6.54120659828186
89 6.545700550079346
89 6.551141023635864
89 6.555587530136108
89 6.561028003692627
89 6.565545558929443
89 6.571772813796997
89 6.577188491821289
89 6.581770420074463
89 6.587124586105347
89 6.593513250350952
89 6.598923444747925
89 6.603379964828491
89 6.608990430831909
89 6.614086389541626
89 6.6202967166900635
89 6.632943391799927
89 6.638843536376953
89 6.6432600021362305
89 6.648873329162598
89 6.653335094451904
89 6.658908843994141
89 6.6633570194244385
89 6.668840646743774
89 6.674505710601807
89 6.679752826690674
89 6.684255123138428
89 6.68986701965332
89 6.694585561752319
89 6.6998326778411865
89 6.704514980316162
89 6.709753751754761
89 6.714226722717285
89 6.719664573669434
89 6.725103855133057
89 6.7305686473846436
89 6.735100984573364
89 6.740737676620483
89 6.7452332973480225
89 6.750864267349243
89 6.755375146865845
89 6.76085901260376
89 6.7653584480285645
89 6.770843505859375
89 6.776646137237549
89 6.78158974647522
89 6.786089658737183
89 6.7915802001953125
89 6.796077489852905
89 6.80154013633728
89 6.8060266971588135
89 6.811620473861694
89 6.816104888916016
89 6.821598052978516
89 6.82795524597168
89 6.832674264907837
89 6.837939262390137
89 6.842645645141602
89 6.847896337509155
89 6.852205991744995
89 6.857823371887207
89 6.862148761749268
89 6.867527961730957
89 6.872648477554321
89 6.878904342651367
89 6.883365154266357
89 6.888808250427246
89 6.89327073097229
89 6.8987743854522705
89 6.903238296508789
89 6.908713102340698
89 6.913188457489014
89 6.9186131954193115
89 6.923130989074707
89 6.929748773574829
89 6.934226989746094
89 6.939662456512451
89 6.944140911102295
89 6.9495134353637695
89 6.954068899154663
89 6.959432363510132
89 6.964017152786255
89 6.9692628383636475
89 6.973810434341431
89 6.980154037475586
89 6.984899044036865
89 6.990244626998901
89 6.994981288909912
89 7.000574827194214
89 7.005116701126099
89 7.010554790496826
89 7.015110492706299
89 7.020519495010376
89 7.031023025512695
89 7.037547826766968
89 7.042215585708618
89 7.049020528793335
89 7.05350399017334
89 7.0590660572052
89 7.063515901565552
89 7.068942308425903
89 7.073378562927246
89 7.0795416831970215
89 7.084132194519043
89 7.089491367340088
89 7.09405779838562
89 7.0994181632995605
89 7.104002237319946
89 7.109547138214111
89 7.114090442657471
89 7.119465112686157
89 7.124033689498901
89 7.130683183670044
89 7.135190010070801
89 7.140602350234985
89 7.145130395889282
89 7.150589466094971
89 7.155159950256348
89 7.160578489303589
89 7.16511607170105
89 7.1707398891448975
89 7.175261497497559
89 7.181385278701782
89 7.185890197753906
89 7.191326141357422
89 7.195792198181152
89 7.2012529373168945
89 7.2057342529296875
89 7.21121072769165
89 7.215705633163452
89 7.22117805480957
89 7.2256715297698975
89 7.231904029846191
89 7.237349510192871
89 7.2419044971466064
89 7.247344732284546
89 7.251877784729004
89 7.257312059402466
89 7.262012481689453
89 7.267415523529053
89 7.271985769271851
89 7.277381420135498
89 7.283067464828491
89 7.2886552810668945
89 7.293160438537598
89 7.2986156940460205
89 7.30310845375061
89 7.308521509170532
89 7.313019275665283
89 7.318233251571655
89 7.322943449020386
89 7.3281590938568115
89 7.3337624073028564
89 7.339152097702026
89 7.343703508377075
89 7.349201917648315
89 7.3537437915802
89 7.359129190444946
89 7.363651990890503
89 7.369021892547607
89 7.373487710952759
89 7.378905773162842
89 7.38429594039917
89 7.389913082122803
89 7.394628286361694
89 7.399892807006836
89 7.404598951339722
89 7.410038232803345
89 7.414782524108887
89 7.419984817504883
89 7.424698114395142
89 7.43706202507019
89 7.441791534423828
89 7.447176456451416
89 7.451890707015991
89 7.45727801322937
89 7.461963176727295
89 7.46738862991333
89 7.472089052200317
89 7.477503538131714
89 7.48203706741333
89 7.488591909408569
89 7.493119478225708
89 7.498555421829224
89 7.503068208694458
89 7.508269309997559
89 7.5185205936431885
89 7.5230607986450195
89 7.5288004875183105
89 7.533290863037109
89 7.539982557296753
89 7.544690132141113
89 7.5499656200408936
89 7.554720640182495
89 7.55996298789978
89 7.564639091491699
89 7.570013761520386
89 7.574710130691528
89 7.57993221282959
89 7.584660053253174
89 7.591071844100952
89 7.5955517292022705
89 7.600998878479004
89 7.6054582595825195
89 7.611079216003418
89 7.615556478500366
89 7.6210103034973145
89 7.625467777252197
89 7.632684707641602
89 7.638978004455566
89 7.643458843231201
89 7.6497251987457275
89 7.654216051101685
89 7.659818887710571
89 7.664553880691528
89 7.670215368270874
89 7.6749584674835205
89 7.680163860321045
89 7.684881925582886
89 7.691090822219849
89 7.695561170578003
89 7.70101261138916
89 7.705479860305786
89 7.711105585098267
89 7.715587377548218
89 7.721197605133057
89 7.725688219070435
89 7.731151103973389
89 7.735641241073608
89 7.741849422454834
89 7.74729061126709
89 7.751842737197876
89 7.7572760581970215
89 7.761824131011963
89 7.767253875732422
89 7.771954774856567
89 7.7773802280426025
89 7.781924724578857
89 7.787337779998779
89 7.793230772018433
89 7.798673629760742
89 7.803170442581177
89 7.808642864227295
89 7.813132047653198
89 7.8185718059539795
89 7.823078393936157
89 7.833090543746948
89 7.8408379554748535
89 7.8453755378723145
89 7.851018905639648
89 7.855569124221802
89 7.861175775527954
89 7.865675687789917
89 7.871276617050171
89 7.875728607177734
89 7.881174802780151
89 7.885668992996216
89 7.89193058013916
89 7.897340774536133
89 7.901876449584961
89 7.907310485839844
89 7.911871433258057
89 7.917298793792725
89 7.921864032745361
89 7.927280902862549
89 7.931859731674194
89 7.937277555465698
89 7.943001747131348
89 7.948650598526001
89 7.953151226043701
89 7.958773136138916
89 7.963244199752808
89 7.968706846237183
89 7.973175525665283
89 7.9786536693573
89 7.983098030090332
89 7.9885101318359375
89 7.994014024734497
89 7.999270915985107
89 8.003938913345337
89 8.009424448013306
89 8.014001369476318
89 8.019261598587036
89 8.02379059791565
89 8.029295444488525
89 8.03398609161377
89 8.039182901382446
89 8.044767141342163
89 8.050869464874268
89 8.055359840393066
89 8.061004877090454
89 8.065463066101074
89 8.071057319641113
89 8.075532913208008
89 8.080962419509888
89 8.085419416427612
89 8.090917825698853
89 8.0970938205719
89 8.101672172546387
89 8.106637001037598
89 8.11179780960083
89 8.11719036102295
89 8.121749639511108
89 8.127092838287354
89 8.131823778152466
89 8.137212991714478
89 8.141762495040894
89 8.14812159538269
89 8.152818202972412
89 8.15805459022522
89 8.165783405303955
89 8.171406269073486
89 8.175875186920166
89 8.181332349777222
89 8.185799598693848
89 8.191421747207642
89 8.197779893875122
89 8.202122688293457
89 8.207552433013916
89 8.212095022201538
89 8.21750783920288
89 8.221991539001465
89 8.227402925491333
89 8.238656997680664
89 8.24314570426941
89 8.249810695648193
89 8.254287242889404
89 8.25992488861084
89 8.264647722244263
89 8.269878149032593
89 8.274623155593872
89 8.27986478805542
89 8.284574508666992
89 8.290003538131714
89 8.294716358184814
89 8.300917863845825
89 8.305413722991943
89 8.311060667037964
89 8.315534114837646
89 8.320998907089233
89 8.325477838516235
89 8.330907344818115
89 8.335396528244019
89 8.34085726737976
89 8.345337390899658
89 8.351555585861206
89 8.356051206588745
89 8.361494779586792
89 8.365989446640015
89 8.371615409851074
89 8.376097202301025
89 8.381557703018188
89 8.386029720306396
89 8.391438484191895
89 8.395907163619995
89 8.402111768722534
89 8.407554864883423
89 8.412118196487427
89 8.417509078979492
89 8.422195672988892
89 8.4279625415802
89 8.432723999023438
89 8.437957525253296
89 8.442665815353394
89 8.44793152809143
89 8.453407287597656
89 8.458841800689697
89 8.46328592300415
89 8.468731164932251
89 8.473231554031372
89 8.478703260421753
89 8.483179569244385
89 8.488811731338501
89 8.49329137802124
89 8.498739004135132
89 8.504102945327759
89 8.50949764251709
89 8.514074563980103
89 8.51955270767212
89 8.52413272857666
89 8.529506206512451
89 8.534051656723022
89 8.539323806762695
89 8.544028282165527
89 8.549685955047607
89 8.555061101913452
89 8.56027865409851
89 8.565017938613892
89 8.570224285125732
89 8.574931859970093
89 8.580134153366089
89 8.584855079650879
89 8.59010910987854
89 8.594815492630005
89 8.60003924369812
89 8.605574607849121
89 8.611167907714844
89 8.61565637588501
89 8.621092319488525
89 8.62558126449585
89 8.635730028152466
89 8.642079591751099
89 8.647503852844238
89 8.653387308120728
89 8.659032821655273
89 8.663508415222168
89 8.670915603637695
89 8.675381660461426
89 8.681077003479004
89 8.685536623001099
89 8.69116735458374
89 8.695619583129883
89 8.701257944107056
89 8.707363843917847
89 8.711884498596191
89 8.717364311218262
89 8.721912860870361
89 8.727344751358032
89 8.7320396900177
89 8.737402200698853
89 8.74192190170288
89 8.74735140800476
89 8.751904010772705
89 8.758538484573364
89 8.763036966323853
89 8.768248796463013
89 8.772970914840698
89 8.778207302093506
89 8.782949447631836
89 8.78829550743103
89 8.792996168136597
89 8.798192739486694
89 8.802927017211914
89 8.809463500976562
89 8.814035654067993
89 8.819298505783081
89 8.823966026306152
89 8.82926607131958
89 8.83393669128418
89 8.839171171188354
89 8.843726873397827
89 8.849233150482178
89 8.853777647018433
89 8.860098838806152
89 8.8648099899292
89 8.870025634765625
89 8.874809265136719
89 8.880028247833252
89 8.88471508026123
89 8.889950513839722
89 8.894694805145264
89 8.899923324584961
89 8.904635906219482
89 8.911049842834473
89 8.91551947593689
89 8.921001195907593
89 8.925460815429688
89 8.93090009689331
89 8.935382604598999
89 8.941033840179443
89 8.945564985275269
89 8.951035976409912
89 8.955524921417236
89 8.961734533309937
89 8.967085123062134
89 8.971840143203735
89 8.97730302810669
89 8.981856346130371
89 8.987272024154663
89 8.99181866645813
89 8.997222185134888
89 9.00176739692688
89 9.007208585739136
89 9.012923240661621
89 9.018120765686035
89 9.022838830947876
89 9.02823781967163
89 9.03927493095398
89 9.043946981430054
89 9.050233602523804
89 9.054993152618408
89 9.06139588356018
89 9.065887689590454
89 9.071600675582886
89 9.076098442077637
89 9.081567287445068
89 9.086071491241455
89 9.091716527938843
89 9.09707498550415
89 9.101665019989014
89 9.106666803359985
89 9.112802505493164
89 9.11807107925415
89 9.122780561447144
89 9.128011226654053
89 9.132726192474365
89 9.13796877861023
89 9.142670154571533
89 9.14811372756958
89 9.152835130691528
89 9.158063411712646
89 9.163682699203491
89 9.169044256210327
89 9.173512935638428
89 9.178961753845215
89 9.183391571044922
89 9.188835382461548
89 9.19329833984375
89 9.198905229568481
89 9.203360557556152
89 9.208990335464478
89 9.214515686035156
89 9.219815254211426
89 9.22429084777832
89 9.22974443435669
89 9.234230518341064
89 9.239708185195923
89 9.244181871414185
89 9.249640703201294
89 9.254122972488403
89 9.25949501991272
89 9.265087127685547
89 9.270723342895508
89 9.275208234786987
89 9.280633926391602
89 9.285149335861206
89 9.29063606262207
89 9.295150756835938
89 9.300575017929077
89 9.305124044418335
89 9.310580730438232
89 9.315845727920532
89 9.321322202682495
89 9.325783967971802
89 9.331409931182861
89 9.335886001586914
89 9.34132194519043
89 9.345794677734375
89 9.351287364959717
89 9.355753660202026
89 9.361212968826294
89 9.367314338684082
89 9.371862888336182
89 9.377304553985596
89 9.381892681121826
89 9.38731837272644
89 9.39200210571289
89 9.39738130569458
89 9.401913404464722
89 9.40733790397644
89 9.411880731582642
89 9.418518304824829
89 9.4230055809021
89 9.42818808555603
89 9.43566107749939
89 9.444218397140503
89 9.449920415878296
89 9.454634428024292
89 9.46018648147583
89 9.465590953826904
89 9.47118854522705
89 9.475676774978638
89 9.481118202209473
89 9.485578775405884
89 9.491026163101196
89 9.49549674987793
89 9.500926971435547
89 9.505404472351074
89 9.514667749404907
89 9.520995140075684
89 9.525465250015259
89 9.530906915664673
89 9.535407781600952
89 9.540871143341064
89 9.545407056808472
89 9.55111837387085
89 9.555570840835571
89 9.561022281646729
89 9.567174196243286
89 9.571905612945557
89 9.577353239059448
89 9.581886291503906
89 9.587281227111816
89 9.591994285583496
89 9.597388744354248
89 9.60193133354187
89 9.607341766357422
89 9.61190390586853
89 9.61822509765625
89 9.622973203659058
89 9.628535985946655
89 9.633098363876343
89 9.638543844223022
89 9.643068313598633
89 9.648283243179321
89 9.653012037277222
89 9.658231258392334
89 9.662963390350342
89 9.669108867645264
89 9.673641443252563
89 9.67900013923645
89 9.68347716331482
89 9.689127445220947
89 9.693673372268677
89 9.699038743972778
89 9.703502416610718
89 9.708935976028442
89 9.71339726448059
89 9.71991229057312
89 9.724653482437134
89 9.729885816574097
89 9.734617471694946
89 9.739869117736816
89 9.744623184204102
89 9.750012874603271
89 9.754708528518677
89 9.759914875030518
89 9.764655351638794
89 9.7709321975708
89 9.77541732788086
89 9.780896425247192
89 9.785386800765991
89 9.790844678878784
89 9.795349836349487
89 9.800820112228394
89 9.805347204208374
89 9.81093955039978
89 9.815405368804932
89 9.82155728340149
89 9.826032638549805
89 9.831493616104126
89 9.841808557510376
89 9.847219944000244
89 9.85203504562378
89 9.857467651367188
89 9.862217426300049
89 9.868097066879272
89 9.873507261276245
89 9.878953218460083
89 9.883408784866333
89 9.888855218887329
89 9.893299102783203
89 9.898743867874146
89 9.903218269348145
89 9.908692598342896
89 9.913165092468262
89 9.918641805648804
89 9.924145460128784
89 9.929754495620728
89 9.93424129486084
89 9.939725160598755
89 9.944230318069458
89 9.949682235717773
89 9.954161405563354
89 9.959624290466309
89 9.96411418914795
89 9.969490051269531
89 9.975160598754883
89 9.980790615081787
89 9.985263109207153
89 9.990856647491455
89 9.995358228683472
89 10.000853300094604
89 10.005358934402466
89 10.01082444190979
89 10.015356063842773
89 10.020788431167603
89 10.025968074798584
89 10.031424760818481
89 10.035906314849854
89 10.041364669799805
89 10.045832633972168
89 10.052074670791626
89 10.057482242584229
89 10.061997890472412
89 10.06738018989563
89 10.07189154624939
89 10.078278541564941
89 10.082993030548096
89 10.088229179382324
89 10.092964172363281
89 10.09813642501831
89 10.102841854095459
89 10.108252048492432
89 10.112975358963013
89 10.118165969848633
89 10.122880935668945
89 10.129068374633789
89 10.13352346420288
89 10.1389319896698
89 10.1433687210083
89 10.148835897445679
89 10.15328073501587
89 10.15870451927185
89 10.163201093673706
89 10.16878867149353
89 10.173253536224365
89 10.17972469329834
89 10.184189081192017
89 10.189527034759521
89 10.194090604782104
89 10.199436664581299
89 10.204057455062866
89 10.21270489692688
89 10.217962741851807
89 10.222581148147583
89 10.229069948196411
89 10.238913774490356
89 10.245236158370972
89 10.250871658325195
89 10.2553870677948
89 10.261044025421143
89 10.26555609703064
89 10.271122455596924
89 10.275617122650146
89 10.281817197799683
89 10.2872793674469
89 10.291957378387451
89 10.297358989715576
89 10.301886081695557
89 10.307338237762451
89 10.311874866485596
89 10.3173348903656
89 10.321874380111694
89 10.328212976455688
89 10.333029747009277
89 10.338256597518921
89 10.342995882034302
89 10.348649740219116
89 10.3531813621521
89 10.358625650405884
89 10.363125562667847
89 10.36876392364502
89 10.373249053955078
89 10.379637956619263
89 10.384157419204712
89 10.389528751373291
89 10.394099235534668
89 10.399479627609253
89 10.404086589813232
89 10.409679174423218
89 10.414148092269897
89 10.419552564620972
89 10.424102783203125
89 10.430611848831177
89 10.43517518043518
89 10.440604448318481
89 10.445152521133423
89 10.45064640045166
89 10.455152988433838
89 10.46066689491272
89 10.46517539024353
89 10.470775127410889
89 10.475282430648804
89 10.481411457061768
89 10.485913753509521
89 10.491394281387329
89 10.495866060256958
89 10.501481533050537
89 10.505979537963867
89 10.511434555053711
89 10.515918254852295
89 10.521550178527832
89 10.526040077209473
89 10.53267765045166
89 10.537953853607178
89 10.54257321357727
89 10.547935962677002
89 10.552646160125732
89 10.557934522628784
89 10.562556028366089
89 10.567891359329224
89 10.572219610214233
89 10.57790493965149
89 10.583407640457153
89 10.58903455734253
89 10.593523979187012
89 10.598953247070312
89 10.603410243988037
89 10.60884714126587
89 10.613282918930054
89 10.618743896484375
89 10.623218774795532
89 10.62885308265686
89 10.63451099395752
89 10.645416736602783
89 10.65112566947937
89 10.65561318397522
89 10.661242961883545
89 10.665715217590332
89 10.671327352523804
89 10.675814628601074
89 10.681290864944458
89 10.687396049499512
89 10.691922426223755
89 10.69734263420105
89 10.701874732971191
89 10.707302570343018
89 10.711996793746948
89 10.717438459396362
89 10.72197151184082
89 10.727368354797363
89 10.731933116912842
89 10.738571166992188
89 10.743111610412598
89 10.748561382293701
89 10.753068208694458
89 10.758684158325195
89 10.763192176818848
89 10.768816709518433
89 10.773301124572754
89 10.778742551803589
89 10.783225774765015
89 10.789527654647827
89 10.794092893600464
89 10.799489736557007
89 10.80409550666809
89 10.809473037719727
89 10.814051151275635
89 10.819307088851929
89 10.824019193649292
89 10.829644203186035
89 10.83413553237915
89 10.84056806564331
89 10.84509563446045
89 10.850287675857544
89 10.855014085769653
89 10.860258102416992
89 10.865013122558594
89 10.87022852897644
89 10.8750159740448
89 10.880247354507446
89 10.884993314743042
89 10.891424655914307
89 10.895924806594849
89 10.901383399963379
89 10.905834913253784
89 10.911272525787354
89 10.915752649307251
89 10.921249389648438
89 10.925729513168335
89 10.931200981140137
89 10.935706377029419
89 10.941901683807373
89 10.947341918945312
89 10.952059030532837
89 10.957457304000854
89 10.961983919143677
89 10.967384576797485
89 10.971903800964355
89 10.977343559265137
89 10.981887817382812
89 10.988262176513672
89 10.993057250976562
89 10.998273134231567
89 11.003016471862793
89 11.008656978607178
89 11.013154745101929
89 11.018791913986206
89 11.023274660110474
89 11.028729915618896
89 11.033218145370483
89 11.043761491775513
89 11.051142930984497
89 11.055609226226807
89 11.061249017715454
89 11.065727949142456
89 11.071438074111938
89 11.07592225074768
89 11.081386804580688
89 11.085866689682007
89 11.092088222503662
89 11.09750509262085
89 11.102020025253296
89 11.107423305511475
89 11.111951351165771
89 11.117390155792236
89 11.121961832046509
89 11.127374410629272
89 11.132062196731567
89 11.137477397918701
89 11.143155813217163
89 11.148816108703613
89 11.15329122543335
89 11.158733129501343
89 11.163213014602661
89 11.168668031692505
89 11.173176527023315
89 11.178661108016968
89 11.183165073394775
89 11.188815593719482
89 11.194160461425781
89 11.199536561965942
89 11.204095363616943
89 11.209491968154907
89 11.214047193527222
89 11.219324588775635
89 11.224022150039673
89 11.229291915893555
89 11.234006881713867
89 11.239264965057373
89 11.245010614395142
89 11.250626564025879
89 11.255158424377441
89 11.260640859603882
89 11.265187978744507
89 11.270624160766602
89 11.275161266326904
89 11.280771255493164
89 11.28528356552124
89 11.290776014328003
89 11.296047925949097
89 11.30150055885315
89 11.306005239486694
89 11.311625719070435
89 11.316098928451538
89 11.321589469909668
89 11.326061248779297
89 11.331530809402466
89 11.336013793945312
89 11.341439485549927
89 11.347763299942017
89 11.3521089553833
89 11.357537984848022
89 11.362072944641113
89 11.36751651763916
89 11.372203826904297
89 11.377874612808228
89 11.382217407226562
89 11.387876987457275
89 11.392226696014404
89 11.398879528045654
89 11.40337610244751
89 11.408999919891357
89 11.413482427597046
89 11.418894052505493
89 11.423335790634155
89 11.428972959518433
89 11.433472156524658
89 11.443281412124634
89 11.450764417648315
89 11.455260038375854
89 11.460914134979248
89 11.465404033660889
89 11.471017599105835
89 11.475476264953613
89 11.480904817581177
89 11.485389232635498
89 11.491028308868408
89 11.497151136398315
89 11.501732110977173
89 11.507067918777466
89 11.511655330657959
89 11.517045259475708
89 11.521741390228271
89 11.527114868164062
89 11.531725406646729
89 11.53710389137268
89 11.541859865188599
89 11.548763990402222
89 11.553237199783325
89 11.558681726455688
89 11.563169717788696
89 11.568597078323364
89 11.573132038116455
89 11.578576803207397
89 11.583094596862793
89 11.58853268623352
89 11.593040466308594
89 11.599245548248291
89 11.6038818359375
89 11.609471082687378
89 11.61404824256897
89 11.6194486618042
89 11.624029397964478
89 11.629288673400879
89 11.633954524993896
89 11.63919186592102
89 11.64373230934143
89 11.650006294250488
89 11.654707431793213
89 11.659977436065674
89 11.664697170257568
89 11.670118808746338
89 11.674842834472656
89 11.680054664611816
89 11.684763193130493
89 11.690015077590942
89 11.694702386856079
89 11.700904369354248
89 11.705397129058838
89 11.710875511169434
89 11.71536660194397
89 11.720836400985718
89 11.725350379943848
89 11.73103380203247
89 11.735500812530518
89 11.740940809249878
89 11.74544072151184
89 11.75167465209961
89 11.756680250167847
89 11.76165223121643
89 11.766628503799438
89 11.771591663360596
89 11.77662205696106
89 11.7815842628479
89 11.786051273345947
89 11.791668176651001
89 11.796639442443848
89 11.802906274795532
89 11.80811333656311
89 11.812841653823853
89 11.818053722381592
89 11.822824001312256
89 11.828042030334473
89 11.832812547683716
89 11.83809518814087
89 11.84943699836731
89 11.854916334152222
89 11.860260725021362
89 11.865041255950928
89 11.875615119934082
89 11.881061315536499
89 11.885551691055298
89 11.891029596328735
89 11.895533561706543
89 11.900990009307861
89 11.907193660736084
89 11.911917686462402
89 11.917347192764282
89 11.921900033950806
89 11.927306652069092
89 11.932018756866455
89 11.937433242797852
89 11.941994667053223
89 11.947412729263306
89 11.953113794326782
89 11.958592891693115
89 11.963125705718994
89 11.968775272369385
89 11.97322940826416
89 11.97867226600647
89 11.983170747756958
89 11.988603353500366
89 11.993106603622437
89 11.998570442199707
89 12.003970384597778
89 12.009257316589355
89 12.013806104660034
89 12.019142150878906
89 12.023681402206421
89 12.029183387756348
89 12.033753871917725
89 12.03915524482727
89 12.043713808059692
89 12.049952983856201
89 12.055498600006104
89 12.061100482940674
89 12.065601110458374
89 12.071032047271729
89 12.075564861297607
89 12.08098578453064
89 12.08547067642212
89 12.091054201126099
89 12.095519304275513
89 12.100988388061523
89 12.106674432754517
89 12.111627578735352
89 12.116657495498657
89 12.121593236923218
89 12.126067638397217
89 12.131505489349365
89 12.135995149612427
89 12.14140796661377
89 12.145858764648438
89 12.151459217071533
89 12.15780520439148
89 12.162132024765015
89 12.167540073394775
89 12.175570964813232
89 12.181034326553345
89 12.185490608215332
89 12.191080093383789
89 12.195534229278564
89 12.201045036315918
89 12.207194328308105
89 12.211922645568848
89 12.21734070777893
89 12.221915006637573
89 12.227331638336182
89 12.231903791427612
89 12.237293243408203
89 12.246058940887451
89 12.2530677318573
89 12.259546995162964
89 12.264119625091553
89 12.26987361907959
89 12.274601459503174
89 12.279969692230225
89 12.284713506698608
89 12.289959192276001
89 12.29470157623291
89 12.29991865158081
89 12.304639101028442
89 12.310904264450073
89 12.31541919708252
89 12.321032047271729
89 12.325484275817871
89 12.331106901168823
89 12.33556342124939
89 12.341032981872559
89 12.345516204833984
89 12.350953102111816
89 12.355414628982544
89 12.361633777618408
89 12.366656303405762
89 12.371646165847778
89 12.376622438430786
89 12.38157868385315
89 12.386043310165405
89 12.391661882400513
89 12.396106004714966
89 12.401606798171997
89 12.406066656112671
89 12.412694454193115
89 12.417941093444824
89 12.42270016670227
89 12.427966594696045
89 12.432579278945923
89 12.437910556793213
89 12.442228078842163
89 12.448049306869507
89 12.452825546264648
89 12.458083152770996
89 12.463497161865234
89 12.468955278396606
89 12.473384618759155
89 12.478825569152832
89 12.48332166671753
89 12.488811492919922
89 12.493256568908691
89 12.49872612953186
89 12.50321364402771
89 12.5088369846344
89 12.519042015075684
89 12.524237394332886
89 12.529728889465332
89 12.534208297729492
89 12.539709568023682
89 12.544808387756348
89 12.55008053779602
89 12.55479884147644
89 12.560045003890991
89 12.565572738647461
89 12.571178197860718
89 12.575685739517212
89 12.581289529800415
89 12.585766077041626
89 12.59122085571289
89 12.59570860862732
89 12.60118317604065
89 12.605680465698242
89 12.611143350601196
89 12.617347955703735
89 12.621912240982056
89 12.627315044403076
89 12.632007360458374
89 12.637426853179932
89 12.646969318389893
89 12.653242588043213
89 12.658860683441162
89 12.664237976074219
89 12.669890403747559
89 12.67463493347168
89 12.680000066757202
89 12.684726476669312
89 12.69011378288269
89 12.694826602935791
89 12.700032472610474
89 12.704793453216553
89 12.710188388824463
89 12.715694665908813
89 12.721168279647827
89 12.725660800933838
89 12.731101751327515
89 12.735579013824463
89 12.741046905517578
89 12.745519399642944
89 12.751125574111938
89 12.75560450553894
89 12.761062860488892
89 12.767128705978394
89 12.77176570892334
89 12.77715516090393
89 12.781734228134155
89 12.787078142166138
89 12.791717290878296
89 12.797070980072021
89 12.801669597625732
89 12.806657314300537
89 12.811779737472534
89 12.81813383102417
89 12.822857141494751
89 12.828066349029541
89 12.832796096801758
89 12.838211059570312
89 12.842967987060547
89 12.848171472549438
89 12.852900743484497
89 12.858086824417114
89 12.862821340560913
89 12.869284629821777
89 12.873953342437744
89 12.879239559173584
89 12.883787393569946
89 12.88915228843689
89 12.893661737442017
89 12.899047374725342
89 12.903509378433228
89 12.908947944641113
89 12.913410425186157
89 12.919793367385864
89 12.924262523651123
89 12.929891109466553
89 12.934664487838745
89 12.939892768859863
89 12.944622993469238
89 12.94987177848816
89 12.954634428024292
89 12.959880590438843
89 12.964639902114868
89 12.97096061706543
89 12.975425243377686
89 12.98089599609375
89 12.98538088798523
89 12.991019248962402
89 12.995525598526001

