0 0.006934404373168945
0 0.01936197280883789
0 0.0251009464263916
0 0.031090259552001953
1 0.038474321365356445
2 0.04365849494934082
3 0.05026721954345703
4 0.06211996078491211
9 0.07291150093078613
12 0.07924628257751465
14 0.08466506004333496
18 0.09151887893676758
20 0.09828591346740723
24 0.1035146713256836
27 0.11010336875915527
30 0.11655831336975098
33 0.12291145324707031
38 0.12929868698120117
40 0.13554883003234863
44 0.1411128044128418
48 0.14743256568908691
50 0.15301847457885742
53 0.15920495986938477
55 0.16469478607177734
58 0.17234301567077637
60 0.17866063117980957
62 0.1841726303100586
64 0.19044852256774902
66 0.19686675071716309
68 0.20238232612609863
69 0.2086780071258545
70 0.21413922309875488
71 0.22133159637451172
72 0.2280275821685791
74 0.23334670066833496
75 0.23951196670532227
76 0.2460026741027832
76 0.251384973526001
78 0.25811004638671875
78 0.2634150981903076
79 0.2695605754852295
80 0.2772190570831299
80 0.2828364372253418
82 0.2891097068786621
82 0.294572114944458
83 0.3007171154022217
84 0.3072996139526367
84 0.31300973892211914
84 0.31914639472961426
85 0.32650303840637207
86 0.33168745040893555
86 0.3382573127746582
86 0.3434896469116211
86 0.34998440742492676
86 0.35639119148254395
86 0.3615131378173828
87 0.3676726818084717
88 0.3742396831512451
88 0.3804914951324463
88 0.38695836067199707
88 0.40740013122558594
89 0.42124009132385254
90 0.42963218688964844
90 0.43608975410461426
90 0.44155073165893555
90 0.44763660430908203
90 0.45315980911254883
90 0.4652070999145508
90 0.4768829345703125
90 0.4823880195617676
90 0.4887690544128418
90 0.4941377639770508
90 0.5007212162017822
90 0.5071172714233398
90 0.5126771926879883
90 0.5187275409698486
90 0.5259530544281006
90 0.5314741134643555
90 0.5376074314117432
90 0.5431318283081055
90 0.5492191314697266
90 0.5546214580535889
90 0.5606861114501953
90 0.5670840740203857
90 0.5726718902587891
90 0.57940673828125
90 0.585155725479126
90 0.5912318229675293
90 0.5973632335662842
90 0.6029641628265381
90 0.609224796295166
90 0.6146218776702881
90 0.6206965446472168
90 0.6276988983154297
90 0.6332201957702637
90 0.6392977237701416
90 0.6450991630554199
90 0.6511423587799072
90 0.6573452949523926
90 0.662883996963501
90 0.6689517498016357
90 0.6743991374969482
90 0.6814713478088379
90 0.6875836849212646
90 0.693073034286499
90 0.6993136405944824
90 0.7050509452819824
90 0.711129903793335
90 0.7173190116882324
90 0.7228565216064453
90 0.7299425601959229
90 0.7361242771148682
90 0.7414183616638184
90 0.747525691986084
90 0.7530224323272705
90 0.7591369152069092
90 0.7645294666290283
90 0.770775318145752
90 0.7770938873291016
90 0.7834155559539795
90 0.7968993186950684
90 0.8023464679718018
90 0.808513879776001
90 0.813645601272583
90 0.8199231624603271
90 0.8260824680328369
90 0.8329453468322754
90 0.8391141891479492
90 0.8445043563842773
90 0.8505852222442627
90 0.8568899631500244
90 0.8685922622680664
90 0.8736965656280518
90 0.8809764385223389
90 0.8875293731689453
90 0.8945672512054443
90 0.900632381439209
90 0.9071030616760254
90 0.9126338958740234
90 0.9187338352203369
90 0.9241023063659668
90 0.9322264194488525
90 0.9384334087371826
90 0.9435644149780273
90 0.9500548839569092
90 0.9564149379730225
90 0.9614908695220947
90 0.9675908088684082
90 0.9731063842773438
90 0.9792284965515137
90 0.9864838123321533
90 0.9915714263916016
90 0.9976613521575928
90 1.0032014846801758
90 1.0094327926635742
90 1.0151875019073486
90 1.0209414958953857
90 1.0274100303649902
90 1.0335710048675537
90 1.0396406650543213
90 1.045989751815796
90 1.0513105392456055
90 1.0574562549591064
90 1.0629749298095703
90 1.0692033767700195
90 1.074589490890503
90 1.0806260108947754
90 1.0879936218261719
90 1.093221664428711
90 1.0992403030395508
90 1.1046168804168701
90 1.110649824142456
90 1.117016315460205
90 1.122520923614502
90 1.1288235187530518
90 1.1356594562530518
90 1.1411590576171875
90 1.1474714279174805
90 1.1529669761657715
90 1.1591932773590088
90 1.1645689010620117
90 1.1706655025482178
90 1.1770131587982178
90 1.18257474899292
90 1.1894526481628418
90 1.1955885887145996
90 1.2009856700897217
90 1.2072420120239258
90 1.2127485275268555
90 1.2189292907714844
90 1.2243516445159912
90 1.2304532527923584
90 1.2375373840332031
90 1.2430613040924072
90 1.2493436336517334
90 1.2550969123840332
90 1.260787010192871
90 1.2731072902679443
90 1.2793316841125488
90 1.2850868701934814
90 1.2923240661621094
90 1.2986609935760498
90 1.3041152954101562
90 1.3103809356689453
90 1.3167023658752441
90 1.3220009803771973
90 1.328291893005371
90 1.3334321975708008
90 1.3404884338378906
90 1.3467650413513184
90 1.3520605564117432
90 1.3583729267120361
90 1.3635292053222656
90 1.3696966171264648
90 1.376054286956787
90 1.3813426494598389
90 1.3885774612426758
90 1.3940045833587646
90 1.4001619815826416
90 1.4064967632293701
90 1.4116098880767822
90 1.4181327819824219
90 1.423363208770752
90 1.4296205043792725
90 1.4359862804412842
90 1.4425172805786133
90 1.4486026763916016
90 1.454122543334961
90 1.4602205753326416
90 1.4665436744689941
90 1.4715981483459473
90 1.4776535034179688
90 1.4831323623657227
90 1.4903290271759033
90 1.4967379570007324
90 1.5020315647125244
90 1.5095505714416504
90 1.5156707763671875
90 1.5213382244110107
90 1.5275921821594238
90 1.5330562591552734
90 1.5392963886260986
90 1.5468342304229736
90 1.5521247386932373
90 1.5583994388580322
90 1.5635323524475098
90 1.5695362091064453
90 1.575916051864624
90 1.5811362266540527
90 1.5873043537139893
90 1.5935895442962646
90 1.5995969772338867
90 1.6059651374816895
90 1.6113901138305664
90 1.617495059967041
90 1.6229963302612305
90 1.6290528774261475
90 1.6344969272613525
90 1.6405682563781738
90 1.647592306137085
90 1.653087854385376
90 1.6591839790344238
90 1.6714651584625244
90 1.6782290935516357
90 1.683408260345459
90 1.6896319389343262
90 1.6970276832580566
90 1.7025659084320068
90 1.7086472511291504
90 1.7139978408813477
90 1.7201907634735107
90 1.7266738414764404
90 1.7319841384887695
90 1.7382769584655762
90 1.7443842887878418
90 1.7504708766937256
90 1.756751537322998
90 1.762047290802002
90 1.7684674263000488
90 1.7736005783081055
90 1.7795960903167725
90 1.7859535217285156
90 1.791393756866455
90 1.7986929416656494
90 1.804020881652832
90 1.8102936744689941
90 1.8166351318359375
90 1.8219654560089111
90 1.82822585105896
90 1.8333666324615479
90 1.8394086360931396
90 1.8468310832977295
90 1.85227370262146
90 1.8584489822387695
90 1.8635811805725098
90 1.8695917129516602
90 1.8759539127349854
90 1.881225824356079
90 1.8873236179351807
90 1.8928511142730713
90 1.8995490074157715
90 1.9056668281555176
90 1.9113404750823975
90 1.9174439907073975
90 1.9229636192321777
90 1.92966628074646
90 1.9359996318817139
90 1.941429615020752
90 1.948592185974121
90 1.953930139541626
90 1.960139513015747
90 1.9666228294372559
90 1.9716947078704834
90 1.9780793190002441
90 1.983276128768921
90 1.9893195629119873
90 1.9946932792663574
90 2.0016984939575195
90 2.008078098297119
90 2.013293504714966
90 2.019329071044922
90 2.0246903896331787
90 2.0309877395629883
90 2.037224054336548
90 2.042755365371704
90 2.049558162689209
90 2.055644989013672
90 2.0610790252685547
90 2.073533535003662
90 2.0796756744384766
90 2.0860180854797363
90 2.091554880142212
90 2.098106861114502
90 2.1043124198913574
90 2.1103475093841553
90 2.116675615310669
90 2.1219677925109863
90 2.1282098293304443
90 2.133364677429199
90 2.1393990516662598
90 2.1451003551483154
90 2.1523120403289795
90 2.1584689617156982
90 2.1635875701904297
90 2.1696016788482666
90 2.1759231090545654
90 2.1811249256134033
90 2.1873276233673096
90 2.192830801010132
90 2.199004650115967
90 2.206472396850586
90 2.2116036415100098
90 2.21764874458313
90 2.2231411933898926
90 2.229191541671753
90 2.234694480895996
90 2.240751266479492
90 2.247084617614746
90 2.253380537033081
90 2.2594492435455322
90 2.265568494796753
90 2.271250009536743
90 2.2773876190185547
90 2.2828915119171143
90 2.2889745235443115
90 2.294332265853882
90 2.3004016876220703
90 2.3074753284454346
90 2.3130409717559814
90 2.3191258907318115
90 2.3244996070861816
90 2.330725908279419
90 2.337054967880249
90 2.3426191806793213
90 2.348693609237671
90 2.359161853790283
90 2.3645687103271484
90 2.3706681728363037
90 2.3769993782043457
90 2.382516860961914
90 2.388779878616333
90 2.394087314605713
90 2.4002835750579834
90 2.40739369392395
90 2.4128923416137695
90 2.4189555644989014
90 2.4243626594543457
90 2.430424690246582
90 2.436732769012451
90 2.4420042037963867
90 2.4484148025512695
90 2.4545700550079346
90 2.46083402633667
90 2.4731366634368896
90 2.479391098022461
90 2.485138177871704
90 2.491114854812622
90 2.497431755065918
90 2.502965211868286
90 2.510181427001953
90 2.5165202617645264
90 2.521604061126709
90 2.527662992477417
90 2.5331618785858154
90 2.539245128631592
90 2.5446054935455322
90 2.550680637359619
90 2.5576841831207275
90 2.5632071495056152
90 2.5693864822387695
90 2.5751264095306396
90 2.5808277130126953
90 2.58739972114563
90 2.5928988456726074
90 2.5989742279052734
90 2.6043665409088135
90 2.6113572120666504
90 2.6174957752227783
90 2.623011350631714
90 2.6292150020599365
90 2.6346137523651123
90 2.6406631469726562
90 2.6470861434936523
90 2.6526172161102295
90 2.6594395637512207
90 2.665574312210083
90 2.670988082885742
90 2.677284002304077
90 2.682832956314087
90 2.689042329788208
90 2.694460153579712
90 2.700554132461548
90 2.7068846225738525
90 2.713165760040283
90 2.7193942070007324
90 2.7255430221557617
90 2.730942964553833
90 2.7372381687164307
90 2.742746353149414
90 2.749016523361206
90 2.7544591426849365
90 2.7615432739257812
90 2.7676286697387695
90 2.773277759552002
90 2.779341459274292
90 2.7850587368011475
90 2.790762424468994
90 2.7971010208129883
90 2.8027210235595703
90 2.809946298599243
90 2.816340446472168
90 2.821472644805908
90 2.8275938034057617
90 2.833106279373169
90 2.8392343521118164
90 2.8446218967437744
90 2.8508365154266357
90 2.8572399616241455
90 2.8635873794555664
90 2.876781940460205
90 2.88212251663208
90 2.8886029720306396
90 2.8939738273620605
90 2.9003076553344727
90 2.906728744506836
90 2.9130818843841553
90 2.9191675186157227
90 2.926572799682617
90 2.931967258453369
90 2.9382686614990234
90 2.943441390991211
90 2.949514150619507
90 2.9559109210968018
90 2.962111234664917
90 2.968517780303955
90 2.9736573696136475
90 2.9801554679870605
90 2.9866645336151123
90 2.991999864578247
90 2.9983131885528564
90 3.003464937210083
90 3.009486436843872
90 3.01676607131958
90 3.022085666656494
90 3.028413772583008
90 3.033583641052246
90 3.0396151542663574
90 3.0459742546081543
90 3.051460027694702
90 3.0575687885284424
90 3.064073324203491
90 3.0702149868011475
90 3.0765819549560547
90 3.0819528102874756
90 3.0882413387298584
90 3.0933940410614014
90 3.0994410514831543
90 3.1055774688720703
90 3.1114134788513184
90 3.1187191009521484
90 3.124075174331665
90 3.1303393840789795
90 3.136744976043701
90 3.1420652866363525
90 3.1483640670776367
90 3.1535305976867676
90 3.159972667694092
90 3.1672422885894775
90 3.1727898120880127
90 3.1788523197174072
90 3.1842422485351562
90 3.190354108810425
90 3.1968817710876465
90 3.202303886413574
90 3.208512306213379
90 3.2136309146881104
90 3.220703125
90 3.227191209793091
90 3.23274302482605
90 3.238819122314453
90 3.2441744804382324
90 3.2505080699920654
90 3.2568225860595703
90 3.262239694595337
90 3.274662733078003
90 3.2810521125793457
90 3.287529706954956
90 3.293142795562744
90 3.2994070053100586
90 3.3055646419525146
90 3.3112831115722656
90 3.3185839653015137
90 3.323965072631836
90 3.330095052719116
90 3.336447238922119
90 3.341548442840576
90 3.348115921020508
90 3.3533878326416016
90 3.359435558319092
90 3.3655800819396973
90 3.3722267150878906
90 3.3786299228668213
90 3.384007453918457
90 3.390144109725952
90 3.3965516090393066
90 3.401653289794922
90 3.4083473682403564
90 3.4135241508483887
90 3.4205830097198486
90 3.4270899295806885
90 3.4326860904693604
90 3.438767433166504
90 3.444124937057495
90 3.450277090072632
90 3.456785202026367
90 3.4622433185577393
90 3.468661069869995
90 3.475606679916382
90 3.481064558029175
90 3.4872853755950928
90 3.492884874343872
90 3.4989688396453857
90 3.504406452178955
90 3.510538339614868
90 3.5169079303741455
90 3.523228168487549
90 3.5294392108917236
90 3.535944700241089
90 3.5412681102752686
90 3.5475990772247314
90 3.5531163215637207
90 3.5591962337493896
90 3.5646214485168457
90 3.5716845989227295
90 3.5782623291015625
90 3.5834500789642334
90 3.589660167694092
90 3.5960824489593506
90 3.601419687271118
90 3.6075356006622314
90 3.6130690574645996
90 3.619173526763916
90 3.626469850540161
90 3.6316261291503906
90 3.6380486488342285
90 3.643324613571167
90 3.6495652198791504
90 3.655953884124756
90 3.661261558532715
90 3.667447090148926
90 3.6803460121154785
90 3.686906337738037
90 3.6923646926879883
90 3.6987390518188477
90 3.7041122913360596
90 3.7105376720428467
90 3.7168667316436768
90 3.722306728363037
90 3.729276657104492
90 3.7351021766662598
90 3.7408087253570557
90 3.7471983432769775
90 3.7527694702148438
90 3.7589943408966064
90 3.764439105987549
90 3.770689010620117
90 3.7781026363372803
90 3.783355712890625
90 3.789450168609619
90 3.7959096431732178
90 3.8012564182281494
90 3.807413101196289
90 3.8129725456237793
90 3.819101333618164
90 3.8265488147735596
90 3.8316965103149414
90 3.8382017612457275
90 3.843514919281006
90 3.849583387374878
90 3.855984926223755
90 3.861340284347534
90 3.8675014972686768
90 3.873061180114746
90 3.880235433578491
90 3.886812925338745
90 3.8922641277313232
90 3.898480176925659
90 3.903672218322754
90 3.910067081451416
90 3.9164483547210693
90 3.9215807914733887
90 3.9294726848602295
90 3.935642957687378
90 3.9411537647247314
90 3.9475390911102295
90 3.953082799911499
90 3.9591856002807617
90 3.9646239280700684
90 3.9707093238830566
90 3.9781980514526367
90 3.9834415912628174
90 3.9895074367523193
90 3.995664358139038
90 4.001155138015747
90 4.007528781890869
90 4.0131940841674805
90 4.019288778305054
90 4.025085926055908
90 4.032068252563477
90 4.038419961929321
90 4.043606519699097
90 4.049678564071655
90 4.056067228317261
90 4.061376094818115
90 4.068207263946533
90 4.080969333648682
90 4.087411165237427
90 4.0929834842681885
90 4.099258184432983
90 4.105055809020996
90 4.110779047012329
90 4.117200136184692
90 4.1227405071258545
90 4.129939079284668
90 4.136514186859131
90 4.141652345657349
90 4.148135423660278
90 4.1533730030059814
90 4.159584283828735
90 4.165979623794556
90 4.171293258666992
90 4.177462577819824
90 4.183988809585571
90 4.190293788909912
90 4.196633338928223
90 4.201987028121948
90 4.208269834518433
90 4.213421106338501
90 4.219449996948242
90 4.225584983825684
90 4.232324838638306
90 4.238520622253418
90 4.243663549423218
90 4.250194311141968
90 4.256580829620361
90 4.26193642616272
90 4.26838755607605
90 4.273532152175903
90 4.279557466506958
90 4.286841630935669
90 4.2922656536102295
90 4.2984724044799805
90 4.303605318069458
90 4.310044765472412
90 4.316434383392334
90 4.321524620056152
90 4.328007698059082
90 4.334289789199829
90 4.3404700756073
90 4.346799373626709
90 4.352133750915527
90 4.35843300819397
90 4.363592863082886
90 4.370062351226807
90 4.376415252685547
90 4.381515026092529
90 4.392811059951782
90 4.399093389511108
90 4.40451979637146
90 4.410614490509033
90 4.416951417922974
90 4.42254376411438
90 4.42882513999939
90 4.438482284545898
90 4.452050447463989
90 4.461439847946167
90 4.481677293777466
90 4.496636390686035
90 4.50916600227356
90 4.52294921875
90 4.538268327713013
90 4.549199104309082
90 4.560672044754028
90 4.568040370941162
90 4.573290109634399
90 4.579378128051758
90 4.585575580596924
90 4.590991258621216
90 4.600790739059448
90 4.613139629364014
90 4.6256866455078125
90 4.6316657066345215
90 4.638138055801392
90 4.643387079238892
90 4.6494340896606445
90 4.655573606491089
90 4.661339521408081
90 4.6686577796936035
90 4.674007415771484
90 4.6802966594696045
90 4.686666965484619
90 4.692007303237915
90 4.69828462600708
90 4.70342230796814
90 4.718506097793579
90 4.7236597537994385
90 4.7299580574035645
90 4.736117601394653
90 4.741604566574097
90 4.7476911544799805
90 4.753236770629883
90 4.759305238723755
90 4.766645908355713
90 4.771980285644531
90 4.778244495391846
90 4.783418893814087
90 4.789658784866333
90 4.796066045761108
90 4.801523923873901
90 4.811251163482666
90 4.818472385406494
90 4.823635101318359
90 4.829676151275635
90 4.836028575897217
90 4.841371774673462
90 4.847503185272217
90 4.853037118911743
90 4.859291315078735
90 4.865094423294067
90 4.8775575160980225
90 4.884109973907471
90 4.890375375747681
90 4.896907567977905
90 4.902366399765015
90 4.908693313598633
90 4.914109468460083
90 4.92142391204834
90 4.928654909133911
90 4.934007883071899
90 4.940121173858643
90 4.946487903594971
90 4.951618909835815
90 4.958045482635498
90 4.9633026123046875
90 4.970300674438477
90 4.97687554359436
90 4.982334136962891
90 4.988547086715698
90 4.993929862976074
90 5.000063419342041
90 5.006445646286011
90 5.011557340621948
90 5.017658233642578
90 5.024242639541626
90 5.030324697494507
90 5.036874055862427
90 5.042336940765381
90 5.048688650131226
90 5.054042339324951
90 5.0601441860198975
90 5.066531181335449
90 5.072897672653198
90 5.0789759159088135
90 5.084361553192139
90 5.090479135513306
90 5.096938133239746
90 5.102518558502197
90 5.108613729476929
90 5.113977670669556
90 5.12081241607666
90 5.127312898635864
90 5.132871389389038
90 5.138978481292725
90 5.144363164901733
90 5.150519847869873
90 5.157017707824707
90 5.162577867507935
90 5.1686718463897705
90 5.175612688064575
90 5.181344270706177
90 5.190200090408325
90 5.1965413093566895
90 5.2016613483428955
90 5.208212852478027
90 5.213397979736328
90 5.219608545303345
90 5.226926326751709
90 5.232458591461182
90 5.238609552383423
90 5.243995428085327
90 5.250110387802124
90 5.256449222564697
90 5.261618375778198
90 5.26769232749939
90 5.27928614616394
90 5.286805868148804
90 5.292135715484619
90 5.298583507537842
90 5.303922891616821
90 5.3103187084198
90 5.316675186157227
90 5.321990966796875
90 5.329055309295654
90 5.334489107131958
90 5.340759992599487
90 5.347128391265869
90 5.352725267410278
90 5.358794927597046
90 5.364223003387451
90 5.370337247848511
90 5.3774497509002686
90 5.383012533187866
90 5.389106035232544
90 5.399407863616943
90 5.40559458732605
90 5.411055088043213
90 5.4180827140808105
90 5.423345565795898
90 5.430360794067383
90 5.437220811843872
90 5.4428064823150635
90 5.4488770961761475
90 5.4543137550354
90 5.460563659667969
90 5.466897010803223
90 5.472347974777222
90 5.479318618774414
90 5.48505425453186
90 5.4907684326171875
90 5.497101306915283
90 5.502713680267334
90 5.508772850036621
90 5.514127969741821
90 5.520397424697876
90 5.5267767906188965
90 5.533074855804443
90 5.539149522781372
90 5.544550895690918
90 5.55062198638916
90 5.5569562911987305
90 5.562511920928955
90 5.568814039230347
90 5.574195861816406
90 5.581409215927124
90 5.587567090988159
90 5.593128681182861
90 5.599248170852661
90 5.604670763015747
90 5.610757350921631
90 5.617113828659058
90 5.622722148895264
90 5.629570960998535
90 5.63599967956543
90 5.641495943069458
90 5.647604942321777
90 5.653105974197388
90 5.659182786941528
90 5.664590358734131
90 5.6707072257995605
90 5.683461666107178
90 5.68992280960083
90 5.696100473403931
90 5.701690912246704
90 5.708358287811279
90 5.713521480560303
90 5.719590902328491
90 5.725931167602539
90 5.7323057651519775
90 5.7385094165802
90 5.743663787841797
90 5.750026702880859
90 5.756544351577759
90 5.761668682098389
90 5.768110752105713
90 5.773378610610962
90 5.779423475265503
90 5.786749601364136
90 5.792067766189575
90 5.798410415649414
90 5.803575277328491
90 5.809612512588501
90 5.815976619720459
90 5.821456432342529
90 5.828091144561768
90 5.8343353271484375
90 5.840436220169067
90 5.84675669670105
90 5.852062463760376
90 5.858376502990723
90 5.8635149002075195
90 5.869548082351685
90 5.87591028213501
90 5.881398916244507
90 5.888740539550781
90 5.894109487533569
90 5.900226831436157
90 5.906586170196533
90 5.91191840171814
90 5.918123006820679
90 5.923366069793701
90 5.930293560028076
90 5.93762469291687
90 5.943121910095215
90 5.949203968048096
90 5.954598903656006
90 5.96082615852356
90 5.967215538024902
90 5.9727463722229
90 5.978829860687256
90 5.985652685165405
90 5.99116063117981
90 5.997696876525879
90 6.003218173980713
90 6.009274482727051
90 6.014678001403809
90 6.0207884311676025
90 6.027090787887573
90 6.032616138458252
90 6.039392471313477
90 6.045081853866577
90 6.050981044769287
90 6.057413816452026
90 6.062893390655518
90 6.068925857543945
90 6.079196929931641
90 6.087600946426392
90 6.093094348907471
90 6.099323511123657
90 6.104684591293335
90 6.11094331741333
90 6.117352724075317
90 6.122868537902832
90 6.128921985626221
90 6.134293556213379
90 6.141331434249878
90 6.147437572479248
90 6.152928590774536
90 6.15898060798645
90 6.164326906204224
90 6.17039155960083
90 6.176856517791748
90 6.182254076004028
90 6.189159393310547
90 6.194566488265991
90 6.200592279434204
90 6.206865310668945
90 6.2122743129730225
90 6.218601942062378
90 6.223687410354614
90 6.229952335357666
90 6.236096620559692
90 6.242807149887085
90 6.248839855194092
90 6.254245042800903
90 6.26030421257019
90 6.266668081283569
90 6.271965503692627
90 6.278208017349243
90 6.283344507217407
90 6.290361642837524
90 6.2968714237213135
90 6.302243232727051
90 6.308407783508301
90 6.3135387897491455
90 6.31957221031189
90 6.325690507888794
90 6.331134557723999
90 6.33733057975769
90 6.343597173690796
90 6.350055932998657
90 6.35654091835022
90 6.3619818687438965
90 6.368234634399414
90 6.3733673095703125
90 6.379442930221558
90 6.385543584823608
90 6.392073154449463
90 6.3983848094940186
90 6.403538703918457
90 6.409512042999268
90 6.415602445602417
90 6.421276807785034
90 6.427377700805664
90 6.432908535003662
90 6.438948631286621
90 6.445997476577759
90 6.4512410163879395
90 6.457383871078491
90 6.462887763977051
90 6.470581769943237
90 6.481396198272705
90 6.489213705062866
90 6.497426748275757
90 6.5029072761535645
90 6.509087085723877
90 6.515644788742065
90 6.521059513092041
90 6.527257919311523
90 6.532772541046143
90 6.538963556289673
90 6.546051979064941
90 6.551351308822632
90 6.557464599609375
90 6.562976598739624
90 6.56906533241272
90 6.574464559555054
90 6.580543518066406
90 6.586896896362305
90 6.592295169830322
90 6.599424123764038
90 6.605148077011108
90 6.611120939254761
90 6.6173176765441895
90 6.622842788696289
90 6.628849029541016
90 6.634206056594849
90 6.640307903289795
90 6.647255897521973
90 6.6527440547943115
90 6.658952713012695
90 6.664299011230469
90 6.6705482006073
90 6.676807641983032
90 6.682066440582275
90 6.688344478607178
90 6.693495750427246
90 6.7006213665008545
90 6.7069091796875
90 6.712298393249512
90 6.718660354614258
90 6.723999261856079
90 6.730093240737915
90 6.736584663391113
90 6.741675138473511
90 6.7488532066345215
90 6.754248380661011
90 6.7602832317352295
90 6.766653060913086
90 6.771934509277344
90 6.778401851654053
90 6.783509731292725
90 6.789504528045654
90 6.795628786087036
90 6.802268743515015
90 6.808460235595703
90 6.813578128814697
90 6.819583177566528
90 6.825910329818726
90 6.831138849258423
90 6.837498188018799
90 6.84301233291626
90 6.850057363510132
90 6.856377124786377
90 6.86146092414856
90 6.867995023727417
90 6.873221158981323
90 6.8855955600738525
90 6.891237020492554
90 6.8976335525512695
90 6.904106616973877
90 6.910353660583496
90 6.916729688644409
90 6.922023296356201
90 6.928956508636475
90 6.934330701828003
90 6.940403699874878
90 6.946727275848389
90 6.953001976013184
90 6.959207773208618
90 6.964567184448242
90 6.970647096633911
90 6.976953029632568
90 6.9826061725616455
90 6.988709211349487
90 6.994110584259033
90 7.0013556480407715
90 7.007474422454834
90 7.012943267822266
90 7.019127607345581
90 7.024534702301025
90 7.030580282211304
90 7.036928415298462
90 7.0423359870910645
90 7.048521518707275
90 7.054686784744263
90 7.060720205307007
90 7.067026376724243
90 7.072525978088379
90 7.078797340393066
90 7.084110736846924
90 7.090173006057739
90 7.096484184265137
90 7.1026811599731445
90 7.108758211135864
90 7.114076852798462
90 7.120151042938232
90 7.126629590988159
90 7.131695032119751
90 7.138325452804565
90 7.143419504165649
90 7.149441719055176
90 7.156652450561523
90 7.161952257156372
90 7.168123006820679
90 7.173329591751099
90 7.179312705993652
90 7.18468976020813
90 7.190774917602539
90 7.197241544723511
90 7.203425645828247
90 7.213125705718994
90 7.219200134277344
90 7.224560499191284
90 7.2306201457977295
90 7.2369043827056885
90 7.242335081100464
90 7.248500108718872
90 7.254562616348267
90 7.261001110076904
90 7.267235040664673
90 7.272770643234253
90 7.283465623855591
90 7.296803712844849
90 7.3022565841674805
90 7.3092429637908936
90 7.316029071807861
90 7.321554660797119
90 7.327656030654907
90 7.333143472671509
90 7.339210033416748
90 7.344605922698975
90 7.350634336471558
90 7.357664108276367
90 7.3631603717803955
90 7.369248867034912
90 7.374658584594727
90 7.380982875823975
90 7.387400388717651
90 7.41053581237793
90 7.41963005065918
90 7.425992727279663
90 7.431552171707153
90 7.438260793685913
90 7.443391561508179
90 7.449434995651245
90 7.455550193786621
90 7.462225437164307
90 7.468384265899658
90 7.473517179489136
90 7.479544639587402
90 7.48564887046814
90 7.491095542907715
90 7.4974071979522705
90 7.502907991409302
90 7.511580944061279
90 7.518651247024536
90 7.524017333984375
90 7.530179500579834
90 7.536505937576294
90 7.542318105697632
90 7.548486948013306
90 7.5536110401153564
90 7.560957193374634
90 7.567219257354736
90 7.572750568389893
90 7.579026222229004
90 7.58448052406311
90 7.590579032897949
90 7.596871376037598
90 7.60231876373291
90 7.6085357666015625
90 7.615119457244873
90 7.621140480041504
90 7.627335786819458
90 7.632856130599976
90 7.638944864273071
90 7.644328594207764
90 7.6505725383758545
90 7.656883239746094
90 7.663196086883545
90 7.6692540645599365
90 7.674673557281494
90 7.687696218490601
90 7.6932618618011475
90 7.699481248855591
90 7.70555305480957
90 7.7123284339904785
90 7.718695878982544
90 7.7240166664123535
90 7.730105400085449
90 7.736558675765991
90 7.741617679595947
90 7.747987985610962
90 7.753205299377441
90 7.759248495101929
90 7.766546726226807
90 7.7716288566589355
90 7.778283596038818
90 7.783385515213013
90 7.789454221725464
90 7.795551776885986
90 7.8012707233428955
90 7.807373523712158
90 7.813567399978638
90 7.819596767425537
90 7.825953722000122
90 7.831166505813599
90 7.837355136871338
90 7.842876672744751
90 7.848929166793823
90 7.854354619979858
90 7.860589504241943
90 7.867647409439087
90 7.8731231689453125
90 7.87918758392334
90 7.884609937667847
90 7.8925721645355225
90 7.898676872253418
90 7.904000759124756
90 7.9102818965911865
90 7.917486667633057
90 7.923020124435425
90 7.929963827133179
90 7.9361252784729
90 7.941383361816406
90 7.947456121444702
90 7.9529500007629395
90 7.958983421325684
90 7.9664201736450195
90 7.971512794494629
90 7.978054761886597
90 7.983276605606079
90 7.989319086074829
90 7.995083808898926
90 8.000739812850952
90 8.007071018218994
90 8.012587547302246
90 8.01932978630066
90 8.025059461593628
90 8.030729055404663
90 8.037266492843628
90 8.042794466018677
90 8.048845529556274
90 8.05420207977295
90 8.060258626937866
90 8.06728482246399
90 8.072890281677246
90 8.078958749771118
90 8.09077262878418
90 8.097350835800171
90 8.102874994277954
90 8.1090989112854
90 8.114473342895508
90 8.121656894683838
90 8.128068447113037
90 8.133291006088257
90 8.139324188232422
90 8.14505410194397
90 8.15074896812439
90 8.15726637840271
90 8.162791728973389
90 8.169686794281006
90 8.176034927368164
90 8.181331157684326
90 8.187474727630615
90 8.192983388900757
90 8.199012756347656
90 8.204424381256104
90 8.210510492324829
90 8.217037439346313
90 8.223355293273926
90 8.229374647140503
90 8.235124826431274
90 8.24099326133728
90 8.247223854064941
90 8.252718925476074
90 8.258756160736084
90 8.264079809188843
90 8.271143913269043
90 8.277462005615234
90 8.282983303070068
90 8.289035320281982
90 8.294477224349976
90 8.30069375038147
90 8.307087182998657
90 8.312619686126709
90 8.318684577941895
90 8.325556755065918
90 8.3309326171875
90 8.33738374710083
90 8.342885255813599
90 8.34898328781128
90 8.35434627532959
90 8.360410451889038
90 8.366724252700806
90 8.372970581054688
90 8.379055738449097
90 8.384470701217651
90 8.390562057495117
90 8.397097110748291
90 8.402657747268677
90 8.408721208572388
90 8.414078712463379
90 8.420167922973633
90 8.427423000335693
90 8.432945251464844
90 8.438991069793701
90 8.444379806518555
90 8.450462818145752
90 8.45689344406128
90 8.462331533432007
90 8.468708753585815
90 8.475160598754883
90 8.485328197479248
90 8.493165016174316
90 8.499360799789429
90 8.505050659179688
90 8.51110029220581
90 8.517640590667725
90 8.524125814437866
90 8.530271053314209
90 8.53664779663086
90 8.541932582855225
90 8.549482345581055
90 8.555628061294556
90 8.561421871185303
90 8.568024635314941
90 8.573270559310913
90 8.58058476448059
90 8.586874723434448
90 8.592299699783325
90 8.59848690032959
90 8.603603601455688
90 8.609618663787842
90 8.615964889526367
90 8.62129807472229
90 8.628532648086548
90 8.63362979888916
90 8.640055894851685
90 8.646384239196777
90 8.65149188041687
90 8.657578706741333
90 8.663054466247559
90 8.669102907180786
90 8.67453932762146
90 8.68147897720337
90 8.688050508499146
90 8.69326138496399
90 8.69943642616272
90 8.705576658248901
90 8.710955142974854
90 8.71721863746643
90 8.722750186920166
90 8.729549646377563
90 8.735679388046265
90 8.741113662719727
90 8.74730920791626
90 8.752814769744873
90 8.759024143218994
90 8.764416217803955
90 8.770496129989624
90 8.776752471923828
90 8.78301739692688
90 8.789076566696167
90 8.794462442398071
90 8.800545930862427
90 8.806895017623901
90 8.812268733978271
90 8.818801641464233
90 8.82413911819458
90 8.831104516983032
90 8.837295055389404
90 8.842831134796143
90 8.848840951919556
90 8.854188442230225
90 8.86026644706726
90 8.866584539413452
90 8.871675252914429
90 8.87830901145935
90 8.891098022460938
90 8.897549390792847
90 8.90306544303894
90 8.9092857837677
90 8.914660930633545
90 8.920830249786377
90 8.92823839187622
90 8.9343843460083
90 8.940578699111938
90 8.947082757949829
90 8.952613830566406
90 8.958673477172852
90 8.963985681533813
90 8.9701406955719
90 8.976527690887451
90 8.982794523239136
90 8.988842964172363
90 8.994210481643677
90 9.000457763671875
90 9.006782531738281
90 9.012073040008545
90 9.018347978591919
90 9.023466348648071
90 9.029481887817383
90 9.036856412887573
90 9.042242288589478
90 9.04842472076416
90 9.05354928970337
90 9.059999942779541
90 9.066125392913818
90 9.071392297744751
90 9.077658891677856
90 9.084194660186768
90 9.090323209762573
90 9.09664249420166
90 9.10168981552124
90 9.108398914337158
90 9.11356234550476
90 9.120097637176514
90 9.126436710357666
90 9.132089138031006
90 9.139137983322144
90 9.144560098648071
90 9.150625228881836
90 9.156904697418213
90 9.162319898605347
90 9.168541431427002
90 9.173658609390259
90 9.180152177810669
90 9.1873459815979
90 9.19284725189209
90 9.198885202407837
90 9.204248666763306
90 9.210484504699707
90 9.216754674911499
90 9.222052097320557
90 9.228363752365112
90 9.233482837677002
90 9.240615606307983
90 9.246907949447632
90 9.252342939376831
90 9.258498191833496
90 9.263607025146484
90 9.269613265991211
90 9.27593731880188
90 9.281259298324585
90 9.29402208328247
90 9.300355434417725
90 9.306883096694946
90 9.312313556671143
90 9.318671226501465
90 9.324004650115967
90 9.330123901367188
90 9.337337255477905
90 9.342888116836548
90 9.348931312561035
90 9.354321718215942
90 9.360573768615723
90 9.366876125335693
90 9.372302293777466
90 9.37847375869751
90 9.3836030960083
90 9.393527507781982
90 9.39959716796875
90 9.405918836593628
90 9.411245107650757
90 9.417595148086548
90 9.423079490661621
90 9.429163217544556
90 9.434567213058472
90 9.441700458526611
90 9.448124885559082
90 9.453357458114624
90 9.459401845932007
90 9.465131998062134
90 9.471166372299194
90 9.477516174316406
90 9.483076095581055
90 9.490154504776001
90 9.496521711349487
90 9.501606941223145
90 9.553511381149292
90 9.559538125991821
90 9.565638303756714
90 9.571110725402832
90 9.577327251434326
90 9.582873582839966
90 9.588951349258423
90 9.59610390663147
90 9.60159420967102
90 9.607994556427002
90 9.613220691680908
90 9.619264602661133
90 9.62467622756958
90 9.630756139755249
90 9.637126684188843
90 9.643452167510986
90 9.649484157562256
90 9.655596494674683
90 9.66129446029663
90 9.66747260093689
90 9.673001527786255
90 9.679075241088867
90 9.689607858657837
90 9.702258586883545
90 9.708645582199097
90 9.71403980255127
90 9.720399856567383
90 9.726897478103638
90 9.732462167739868
90 9.738664865493774
90 9.745184421539307
90 9.750939846038818
90 9.75724720954895
90 9.76277232170105
90 9.768843173980713
90 9.774216413497925
90 9.78048038482666
90 9.786751508712769
90 9.792051792144775
90 9.799152612686157
90 9.804571390151978
90 9.810633182525635
90 9.81696605682373
90 9.822548151016235
90 9.828622579574585
90 9.833983182907104
90 9.840275049209595
90 9.847297191619873
90 9.852867603302002
90 9.859116792678833
90 9.864542961120605
90 9.870624780654907
90 9.876962423324585
90 9.882472276687622
90 9.888607025146484
90 9.893929481506348
90 9.90099835395813
90 9.907280683517456
90 9.912803649902344
90 9.918896675109863
90 9.924311637878418
90 9.931236028671265
90 9.937358856201172
90 9.942882537841797
90 9.949550867080688
90 9.955911874771118
90 9.961415529251099
90 9.967487096786499
90 9.973007202148438
90 9.979055166244507
90 9.984496355056763
90 9.990731477737427
90 9.998218059539795
90 10.003369331359863
90 10.009398698806763
90 10.015187740325928
90 10.021245956420898
90 10.027390480041504
90 10.03287649154663
90 10.03895115852356
90 10.044364929199219
90 10.051418542861938
90 10.057523012161255
90 10.062998056411743
90 10.069089651107788
90 10.074480772018433
90 10.080692052841187
90 10.09126877784729
90 10.099616289138794
90 10.105973482131958
90 10.111422061920166
90 10.118083715438843
90 10.12335991859436
90 10.129371881484985
90 10.135102033615112
90 10.140988111495972
90 10.147263050079346
90 10.153584718704224
90 10.159583806991577
90 10.165944814682007
90 10.171231031417847
90 10.177377700805664
90 10.182875156402588
90 10.188913583755493
90 10.194306373596191
90 10.201570272445679
90 10.207690715789795
90 10.213204860687256
90 10.219260454177856
90 10.224644660949707
90 10.23069429397583
90 10.23704981803894
90 10.242597103118896
90 10.248826026916504
90 10.255665302276611
90 10.261383295059204
90 10.267476797103882
90 10.273001432418823
90 10.279030084609985
90 10.28444504737854
90 10.290556907653809
90 10.296864986419678
90 10.30314826965332
90 10.309200763702393
90 10.314604997634888
90 10.32082724571228
90 10.327208757400513
90 10.332739114761353
90 10.338770151138306
90 10.344149589538574
90 10.350302457809448
90 10.357338428497314
90 10.362846374511719
90 10.368881225585938
90 10.374284744262695
90 10.380537509918213
90 10.38678765296936
90 10.392066478729248
90 10.398432493209839
90 10.404494047164917
90 10.41053056716919
90 10.416805505752563
90 10.422074794769287
90 10.428339719772339
90 10.433460474014282
90 10.4396071434021
90 10.4459068775177
90 10.451139688491821
90 10.458505392074585
90 10.463597059249878
90 10.476619482040405
90 10.481696367263794
90 10.49281644821167
90 10.500088691711426
90 10.507438659667969
90 10.512964487075806
90 10.519176483154297
90 10.524567365646362
90 10.530626058578491
90 10.53695034980774
90 10.542333126068115
90 10.548493146896362
90 10.553603649139404
90 10.560933351516724
90 10.567193031311035
90 10.57272720336914
90 10.578780174255371
90 10.584116220474243
90 10.590192317962646
90 10.596516609191895
90 10.601591110229492
90 10.608766794204712
90 10.61417007446289
90 10.620399713516235
90 10.626721382141113
90 10.631998538970947
90 10.638448715209961
90 10.643548250198364
90 10.649540901184082
90 10.655640602111816
90 10.6622793674469
90 10.668452262878418
90 10.673566102981567
90 10.679964303970337
90 10.68607211112976
90 10.691330194473267
90 10.697460174560547
90 10.702910661697388
90 10.709958553314209
90 10.716084241867065
90 10.721389293670654
90 10.727486371994019
90 10.73298978805542
90 10.739182233810425
90 10.744566679000854
90 10.750657796859741
90 10.756972312927246
90 10.763286590576172
90 10.76949167251587
90 10.775592565536499
90 10.78097677230835
90 10.78722882270813
90 10.798312664031982
90 10.803539991378784
90 10.81073522567749
90 10.81761646270752
90 10.823184490203857
90 10.829368829727173
90 10.835077285766602
90 10.840728044509888
90 10.847055435180664
90 10.852622270584106
90 10.858843088150024
90 10.865973949432373
90 10.871255874633789
90 10.877382516860962
90 10.882881879806519
90 10.893460512161255
90 10.901299476623535
90 10.907578468322754
90 10.914148330688477
90 10.920495986938477
90 10.927454233169556
90 10.932951927185059
90 10.939013719558716
90 10.944467544555664
90 10.95055341720581
90 10.956884145736694
90 10.96311616897583
90 10.969160079956055
90 10.974553346633911
90 10.980769634246826
90 10.987109422683716
90 10.992722749710083
90 10.998769044876099
90 11.004119634628296
90 11.01026701927185
90 11.01728105545044
90 11.022808313369751
90 11.029000282287598
90 11.034395217895508
90 11.040670394897461
90 11.04702377319336
90 11.052583694458008
90 11.058682680130005
90 11.065203428268433
90 11.070995807647705
90 11.077245235443115
90 11.082796096801758
90 11.088841915130615
90 11.094259977340698
90 11.100523471832275
90 11.106804847717285
90 11.112133264541626
90 11.119149208068848
90 11.124591827392578
90 11.130642890930176
90 11.137054204940796
90 11.142602920532227
90 11.148728609085083
90 11.154081344604492
90 11.160388469696045
90 11.167434215545654
90 11.172965288162231
90 11.179055452346802
90 11.18449592590332
90 11.190596580505371
90 11.196891784667969
90 11.202316999435425
90 11.208534002304077
90 11.213660478591919
90 11.220962524414062
90 11.227252960205078
90 11.232806205749512
90 11.238859415054321
90 11.24426817893982
90 11.250335454940796
90 11.256670951843262
90 11.262030363082886
90 11.2689847946167
90 11.274385929107666
90 11.280646085739136
90 11.28718376159668
90 11.29938292503357
90 11.305542707443237
90 11.311285257339478
90 11.318717956542969
90 11.324101209640503
90 11.330362558364868
90 11.336873531341553
90 11.342359066009521
90 11.348513841629028
90 11.353647232055664
90 11.360025882720947
90 11.366397857666016
90 11.372714281082153
90 11.378798961639404
90 11.384172916412354
90 11.390281915664673
90 11.396878957748413
90 11.402327299118042
90 11.408499002456665
90 11.413628816604614
90 11.420973300933838
90 11.4272940158844
90 11.432819843292236
90 11.438849210739136
90 11.444210052490234
90 11.450397729873657
90 11.456892013549805
90 11.462337255477905
90 11.46852993965149
90 11.475052118301392
90 11.480785131454468
90 11.487114667892456
90 11.492681741714478
90 11.498738527297974
90 11.504132747650146
90 11.510230541229248
90 11.516761541366577
90 11.523080825805664
90 11.529175996780396
90 11.534606695175171
90 11.540690898895264
90 11.547222137451172
90 11.552751302719116
90 11.558857679367065
90 11.56424856185913
90 11.570335388183594
90 11.577638864517212
90 11.583135843276978
90 11.589271545410156
90 11.594684600830078
90 11.600789546966553
90 11.607158422470093
90 11.612735033035278
90 11.618847846984863
90 11.625938415527344
90 11.631254196166992
90 11.637568950653076
90 11.6431884765625
90 11.649255275726318
90 11.654683113098145
90 11.660764694213867
90 11.667101860046387
90 11.673368453979492
90 11.6796236038208
90 11.685996294021606
90 11.696049213409424
90 11.703617572784424
90 11.710103750228882
90 11.71667194366455
90 11.722042560577393
90 11.729280710220337
90 11.734683752059937
90 11.74074912071228
90 11.74713397026062
90 11.752750873565674
90 11.758965492248535
90 11.764361381530762
90 11.7704598903656
90 11.777592420578003
90 11.78308892250061
90 11.78916621208191
90 11.794599771499634
90 11.800665140151978
90 11.80721926689148
90 11.8127760887146
90 11.818994998931885
90 11.826128005981445
90 11.831509590148926
90 11.837634086608887
90 11.843139410018921
90 11.84918475151062
90 11.854597806930542
90 11.860699892044067
90 11.86708116531372
90 11.872642278671265
90 11.879587173461914
90 11.885985374450684
90 11.891302347183228
90 11.897452592849731
90 11.90301775932312
90 11.90911316871643
90 11.91455626487732
90 11.920636177062988
90 11.928701877593994
90 11.934083223342896
90 11.940368175506592
90 11.946738481521606
90 11.95203948020935
90 11.958293437957764
90 11.963438510894775
90 11.969447612762451
90 11.975696563720703
90 11.982459306716919
90 11.988651752471924
90 11.99398422241211
90 12.000301361083984
90 12.006649255752563
90 12.011950969696045
90 12.021466970443726
90 12.028778314590454
90 12.03421425819397
90 12.04030442237854
90 12.04666018486023
90 12.052029132843018
90 12.058531999588013
90 12.063687801361084
90 12.07019829750061
90 12.076607942581177
90 12.082900285720825
90 12.08898115158081
90 12.099649667739868
90 12.107492685317993
90 12.11302924156189
90 12.119398355484009
90 12.125560522079468
90 12.132561922073364
90 12.138692378997803
90 12.14401912689209
90 12.150116443634033
90 12.15648341178894
90 12.161616802215576
90 12.168007135391235
90 12.173253774642944
90 12.179478883743286
90 12.18691611289978
90 12.192342042922974
90 12.198702573776245
90 12.204083919525146
90 12.210201025009155
90 12.216606140136719
90 12.221688747406006
90 12.228103160858154
90 12.234341382980347
90 12.240575313568115
90 12.246970176696777
90 12.252392053604126
90 12.258601665496826
90 12.26396656036377
90 12.270129203796387
90 12.276482343673706
90 12.282674074172974
90 12.28876256942749
90 12.29410719871521
90 12.30039668083191
90 12.306731462478638
90 12.312057256698608
90 12.318345069885254
90 12.323493480682373
90 12.329702854156494
90 12.33697772026062
90 12.342536449432373
90 12.3486328125
90 12.354027509689331
90 12.360297679901123
90 12.36665654182434
90 12.371974468231201
90 12.378241777420044
90 12.38445234298706
90 12.390559673309326
90 12.40064263343811
90 12.40702509880066
90 12.412582874298096
90 12.420293092727661
90 12.426671743392944
90 12.431992053985596
90 12.439528703689575
90 12.445690870285034
90 12.451248407363892
90 12.45764970779419
90 12.463162899017334
90 12.469243288040161
90 12.474688291549683
90 12.48106050491333
90 12.488356590270996
90 12.49868655204773
90 12.506832361221313
90 12.5122709274292
90 12.51865267753601
90 12.524001359939575
90 12.530304670333862
90 12.53760838508606
90 12.54310154914856
90 12.549346446990967
90 12.555110216140747
90 12.560796022415161
90 12.567235231399536
90 12.572749614715576
90 12.578847646713257
90 12.584228038787842
90 12.591354131698608
90 12.597652912139893
90 12.603337049484253
90 12.609393119812012
90 12.615590572357178
90 12.621062994003296
90 12.627313375473022
90 12.632876873016357
90 12.639954566955566
90 12.646358251571655
90 12.651505708694458
90 12.65825343132019
90 12.663431882858276
90 12.669469118118286
90 12.675617218017578
90 12.681079864501953
90 12.688425064086914
90 12.69367790222168
90 12.700026988983154
90 12.706404209136963
90 12.711514234542847
90 12.718254089355469
90 12.723404169082642
90 12.72963547706604
90 12.736002206802368
90 12.742383480072021
90 12.748589277267456
90 12.75398063659668
90 12.760101556777954
90 12.766445636749268
90 12.771556377410889
90 12.778120040893555
90 12.783387422561646
90 12.790461301803589
90 12.796759128570557
90 12.802072763442993
90 12.808578252792358
90 12.813936233520508
90 12.820062398910522
90 12.826411247253418
90 12.831516981124878
90 12.838094472885132
90 12.844331979751587
90 12.850432872772217
90 12.856770992279053
90 12.862069368362427
90 12.86838150024414
90 12.873539924621582
90 12.879572868347168
90 12.885697364807129
90 12.89235544204712
90 12.904627561569214
90 12.91100001335144
90 12.917441368103027
90 12.923017024993896
90 12.930172681808472
90 12.936535358428955
90 12.942830562591553
90 12.948965787887573
90 12.954363584518433
90 12.960618734359741
90 12.966967582702637
90 12.972538948059082
90 12.97862696647644
90 12.983993291854858
90 12.99013376235962
90 12.997386455535889
90 13.006118535995483
