0 0.006122112274169922
0 0.017103910446166992
0 0.02368927001953125
0 0.029581308364868164
2 0.04245305061340332
4 0.051798105239868164
5 0.05707859992980957
7 0.06318092346191406
9 0.06813263893127441
11 0.07517337799072266
13 0.08136200904846191
16 0.08645439147949219
18 0.09238028526306152
20 0.09755134582519531
26 0.10619163513183594
29 0.11287689208984375
32 0.11789822578430176
36 0.12393379211425781
38 0.13013505935668945
43 0.13588309288024902
46 0.14213824272155762
49 0.14740419387817383
53 0.1541152000427246
56 0.16042256355285645
58 0.1656506061553955
62 0.17185688018798828
63 0.17722201347351074
66 0.18316268920898438
68 0.18817472457885742
70 0.1941540241241455
72 0.20162558555603027
73 0.20701217651367188
74 0.21300721168518066
76 0.2180168628692627
77 0.22404956817626953
78 0.2303602695465088
79 0.23575282096862793
80 0.24189090728759766
80 0.24721932411193848
82 0.2539792060852051
82 0.26033449172973633
83 0.26576924324035645
84 0.2719688415527344
84 0.27728271484375
84 0.2832667827606201
85 0.2887265682220459
86 0.2943553924560547
86 0.3008694648742676
86 0.30710864067077637
86 0.31306982040405273
86 0.31801366806030273
86 0.32414722442626953
87 0.3302476406097412
87 0.33546924591064453
88 0.3415815830230713
88 0.3469424247741699
88 0.3535459041595459
88 0.3595390319824219
88 0.3649895191192627
89 0.37105512619018555
89 0.37622880935668945
90 0.38232851028442383
90 0.38759708404541016
90 0.39369916915893555
90 0.39957714080810547
90 0.4058253765106201
90 0.4118638038635254
90 0.41706180572509766
90 0.42313456535339355
90 0.4280848503112793
90 0.43401360511779785
90 0.44687843322753906
90 0.4530196189880371
90 0.4601559638977051
90 0.46535205841064453
90 0.4717228412628174
90 0.4769425392150879
90 0.48288726806640625
90 0.487795352935791
90 0.49369144439697266
90 0.4996006488800049
90 0.5060460567474365
90 0.5120162963867188
90 0.5171973705291748
90 0.5230777263641357
90 0.5279743671417236
90 0.5339372158050537
90 0.5400433540344238
90 0.5451977252960205
90 0.5513343811035156
90 0.5574264526367188
90 0.5634989738464355
90 0.5693490505218506
90 0.5743265151977539
90 0.5804166793823242
90 0.5855817794799805
90 0.5916495323181152
90 0.596895694732666
90 0.6034543514251709
90 0.6102790832519531
90 0.6154313087463379
90 0.6215682029724121
90 0.6267960071563721
90 0.6324682235717773
90 0.6376149654388428
90 0.6435811519622803
90 0.6494560241699219
90 0.6549155712127686
90 0.6618673801422119
90 0.6670920848846436
90 0.673025369644165
90 0.6779327392578125
90 0.684049129486084
90 0.6901013851165771
90 0.6953070163726807
90 0.7012240886688232
90 0.7063119411468506
90 0.7131748199462891
90 0.718090295791626
90 0.7240033149719238
90 0.7363975048065186
90 0.7424790859222412
90 0.747626543045044
90 0.7535440921783447
90 0.7603189945220947
90 0.7656111717224121
90 0.7717635631561279
90 0.7770252227783203
90 0.7829415798187256
90 0.7879221439361572
90 0.793874979019165
90 0.8000891208648682
90 0.8052768707275391
90 0.8121442794799805
90 0.8173336982727051
90 0.8232345581054688
90 0.8281698226928711
90 0.8340637683868408
90 0.8460640907287598
90 0.8521323204040527
90 0.8573145866394043
90 0.8642868995666504
90 0.8705124855041504
90 0.8757619857788086
90 0.8818304538726807
90 0.8870048522949219
90 0.8928873538970947
90 0.8978219032287598
90 0.9037673473358154
90 0.9099161624908447
90 0.915987491607666
90 0.9221322536468506
90 0.9273245334625244
90 0.9332163333892822
90 0.9381277561187744
90 0.9441826343536377
90 0.9502167701721191
90 0.955350399017334
90 0.9612631797790527
90 0.9673380851745605
90 0.9732294082641602
90 0.9781467914581299
90 0.9841954708099365
90 0.9902482032775879
90 0.9954006671905518
90 1.0013184547424316
90 1.006366491317749
90 1.0122263431549072
90 1.018073320388794
90 1.0240139961242676
90 1.0301098823547363
90 1.0352802276611328
90 1.0413360595703125
90 1.046419382095337
90 1.0523228645324707
90 1.0574719905853271
90 1.070157766342163
90 1.0754008293151855
90 1.0815508365631104
90 1.0867795944213867
90 1.092834234237671
90 1.0977809429168701
90 1.10386323928833
90 1.1099474430084229
90 1.1161811351776123
90 1.1221137046813965
90 1.1273069381713867
90 1.133244514465332
90 1.1392064094543457
90 1.1469409465789795
90 1.1528863906860352
90 1.1578495502471924
90 1.1639442443847656
90 1.1713800430297852
90 1.176469326019287
90 1.1824350357055664
90 1.187612533569336
90 1.1935515403747559
90 1.1993942260742188
90 1.2049806118011475
90 1.2109663486480713
90 1.2171595096588135
90 1.2233319282531738
90 1.2288126945495605
90 1.234191656112671
90 1.2461509704589844
90 1.252262830734253
90 1.2574598789215088
90 1.2636528015136719
90 1.2709524631500244
90 1.2760860919952393
90 1.2821850776672363
90 1.2873847484588623
90 1.2933883666992188
90 1.2991855144500732
90 1.3041951656341553
90 1.3102519512176514
90 1.3154103755950928
90 1.3223237991333008
90 1.3274953365325928
90 1.333625078201294
90 1.3395206928253174
90 1.3450970649719238
90 1.351060390472412
90 1.356201171875
90 1.3621091842651367
90 1.367405891418457
90 1.374049425125122
90 1.3800933361053467
90 1.3852734565734863
90 1.3912184238433838
90 1.3963286876678467
90 1.4023616313934326
90 1.4075863361358643
90 1.4136197566986084
90 1.4203221797943115
90 1.4255061149597168
90 1.4315531253814697
90 1.436840534210205
90 1.442512035369873
90 1.4476585388183594
90 1.4536399841308594
90 1.4595379829406738
90 1.4651286602020264
90 1.4719133377075195
90 1.4771308898925781
90 1.483048439025879
90 1.4879841804504395
90 1.4939074516296387
90 1.5000519752502441
90 1.5052261352539062
90 1.5111358165740967
90 1.5162479877471924
90 1.5233452320098877
90 1.5291733741760254
90 1.534209966659546
90 1.540259599685669
90 1.545408010482788
90 1.551356315612793
90 1.5564634799957275
90 1.562391757965088
90 1.5675649642944336
90 1.5743205547332764
90 1.5808329582214355
90 1.5859057903289795
90 1.592134952545166
90 1.5973615646362305
90 1.6040163040161133
90 1.6101243495941162
90 1.615304708480835
90 1.621201753616333
90 1.6273181438446045
90 1.6332488059997559
90 1.638209342956543
90 1.6511154174804688
90 1.6562366485595703
90 1.6622962951660156
90 1.6676247119903564
90 1.6745023727416992
90 1.680762529373169
90 1.6858336925506592
90 1.6919348239898682
90 1.6971259117126465
90 1.703253984451294
90 1.7082059383392334
90 1.7141282558441162
90 1.7203943729400635
90 1.7268218994140625
90 1.7327852249145508
90 1.737760066986084
90 1.7436578273773193
90 1.7495949268341064
90 1.7550230026245117
90 1.761136770248413
90 1.7662522792816162
90 1.7721748352050781
90 1.7781362533569336
90 1.7841007709503174
90 1.790238618850708
90 1.7954156398773193
90 1.8013637065887451
90 1.8064472675323486
90 1.8124146461486816
90 1.817598819732666
90 1.8237407207489014
90 1.8308286666870117
90 1.8359174728393555
90 1.8419740200042725
90 1.8472058773040771
90 1.8533055782318115
90 1.8592097759246826
90 1.8642735481262207
90 1.8703882694244385
90 1.876762866973877
90 1.8828926086425781
90 1.8878698348999023
90 1.893815040588379
90 1.8999316692352295
90 1.9051613807678223
90 1.911130666732788
90 1.9162325859069824
90 1.9221608638763428
90 1.9280834197998047
90 1.9340524673461914
90 1.9403126239776611
90 1.9454951286315918
90 1.9516160488128662
90 1.957059383392334
90 1.9630153179168701
90 1.9679551124572754
90 1.9739036560058594
90 1.981187343597412
90 1.9863343238830566
90 1.9922513961791992
90 1.9974472522735596
90 2.003565549850464
90 2.0095133781433105
90 2.0149528980255127
90 2.0209696292877197
90 2.026122570037842
90 2.0330214500427246
90 2.037956476211548
90 2.0507359504699707
90 2.055813789367676
90 2.0621285438537598
90 2.0673415660858154
90 2.0735065937042236
90 2.0803096294403076
90 2.08547043800354
90 2.0914289951324463
90 2.0967957973480225
90 2.102787494659424
90 2.107774496078491
90 2.1138391494750977
90 2.1201138496398926
90 2.1254003047943115
90 2.1322410106658936
90 2.1374435424804688
90 2.1434059143066406
90 2.149257183074951
90 2.154292583465576
90 2.1603806018829346
90 2.165548324584961
90 2.171645164489746
90 2.176936388015747
90 2.1855247020721436
90 2.191814661026001
90 2.1970417499542236
90 2.2031404972076416
90 2.208115339279175
90 2.214210033416748
90 2.2202672958374023
90 2.2254433631896973
90 2.231370687484741
90 2.242100477218628
90 2.2473273277282715
90 2.253247022628784
90 2.2582085132598877
90 2.2641355991363525
90 2.2702579498291016
90 2.2754669189453125
90 2.281525135040283
90 2.2875101566314697
90 2.293541193008423
90 2.299443006515503
90 2.3050642013549805
90 2.3110408782958984
90 2.3161933422088623
90 2.322145700454712
90 2.3273468017578125
90 2.333278179168701
90 2.3402040004730225
90 2.3453919887542725
90 2.351360559463501
90 2.356459140777588
90 2.3627781867980957
90 2.3677682876586914
90 2.373847246170044
90 2.3799755573272705
90 2.386207103729248
90 2.392181634902954
90 2.397397756576538
90 2.4033663272857666
90 2.409254312515259
90 2.4142653942108154
90 2.4207425117492676
90 2.425894260406494
90 2.4319686889648438
90 2.438006639480591
90 2.4502124786376953
90 2.455432891845703
90 2.461616277694702
90 2.4669313430786133
90 2.473052978515625
90 2.4779927730560303
90 2.4841010570526123
90 2.491163730621338
90 2.4962759017944336
90 2.5023818016052246
90 2.5075912475585938
90 2.5135419368743896
90 2.519517660140991
90 2.5249183177948
90 2.530822992324829
90 2.5358970165252686
90 2.543097496032715
90 2.5480422973632812
90 2.553933620452881
90 2.560049295425415
90 2.565242052078247
90 2.571176290512085
90 2.576291799545288
90 2.582256555557251
90 2.5882163047790527
90 2.5941832065582275
90 2.6013426780700684
90 2.606456756591797
90 2.612377405166626
90 2.617549419403076
90 2.623504161834717
90 2.6293907165527344
90 2.6350345611572266
90 2.642092227935791
90 2.6473190784454346
90 2.653264284133911
90 2.6582016944885254
90 2.664292335510254
90 2.670398473739624
90 2.675611972808838
90 2.681770086288452
90 2.6869826316833496
90 2.693669319152832
90 2.699537754058838
90 2.7049200534820557
90 2.7108449935913086
90 2.715873956680298
90 2.7220938205718994
90 2.7272932529449463
90 2.733218193054199
90 2.738162040710449
90 2.7453887462615967
90 2.751333475112915
90 2.756410598754883
90 2.7628719806671143
90 2.7678422927856445
90 2.7737510204315186
90 2.7800183296203613
90 2.7852470874786377
90 2.792092800140381
90 2.79732084274292
90 2.8032476902008057
90 2.8081772327423096
90 2.814142942428589
90 2.8202152252197266
90 2.825366497039795
90 2.83119797706604
90 2.8363072872161865
90 2.847835063934326
90 2.8551034927368164
90 2.86118745803833
90 2.866318702697754
90 2.8723766803741455
90 2.877558946609497
90 2.8834853172302246
90 2.8893399238586426
90 2.895859479904175
90 2.9020941257476807
90 2.907313585281372
90 2.913236618041992
90 2.918156385421753
90 2.924100875854492
90 2.930176019668579
90 2.9353487491607666
90 2.9411988258361816
90 2.947328805923462
90 2.9532651901245117
90 2.958189010620117
90 2.9642856121063232
90 2.97033429145813
90 2.975466728210449
90 2.981539011001587
90 2.986806869506836
90 2.992483139038086
90 2.9993386268615723
90 3.0043177604675293
90 3.010415554046631
90 3.0155768394470215
90 3.0218896865844727
90 3.0271029472351074
90 3.033029794692993
90 3.037989377975464
90 3.0439376831054688
90 3.051021099090576
90 3.0561676025390625
90 3.065654754638672
90 3.0719187259674072
90 3.0771212577819824
90 3.0831916332244873
90 3.0881659984588623
90 3.0941333770751953
90 3.109341859817505
90 3.1210033893585205
90 3.133173942565918
90 3.1438961029052734
90 3.15513277053833
90 3.1671721935272217
90 3.1794052124023438
90 3.191127061843872
90 3.2020251750946045
90 3.215273141860962
90 3.2211620807647705
90 3.2262606620788574
90 3.232114791870117
90 3.2373435497283936
90 3.2433042526245117
90 3.27551531791687
90 3.292057991027832
90 3.305307388305664
90 3.321345090866089
90 3.3351385593414307
90 3.3441977500915527
90 3.350759506225586
90 3.3558127880096436
90 3.36202335357666
90 3.3678455352783203
90 3.3738293647766113
90 3.379941701889038
90 3.385159969329834
90 3.3911352157592773
90 3.396254539489746
90 3.4021480083465576
90 3.4073429107666016
90 3.4134163856506348
90 3.4204111099243164
90 3.4255857467651367
90 3.431767225265503
90 3.436962604522705
90 3.4428744316101074
90 3.4478261470794678
90 3.453808307647705
90 3.4599673748016357
90 3.4651753902435303
90 3.4722416400909424
90 3.477435827255249
90 3.4833953380584717
90 3.489423990249634
90 3.4947965145111084
90 3.5007834434509277
90 3.505873918533325
90 3.511906623840332
90 3.5171425342559814
90 3.5238025188446045
90 3.530069589614868
90 3.535268783569336
90 3.54117751121521
90 3.546327590942383
90 3.5524258613586426
90 3.557609796524048
90 3.5635581016540527
90 3.569457769393921
90 3.5756118297576904
90 3.5817677974700928
90 3.5869693756103516
90 3.593066692352295
90 3.599642038345337
90 3.605149984359741
90 3.611105442047119
90 3.6162445545196533
90 3.6231205463409424
90 3.6280949115753174
90 3.6340653896331787
90 3.6401586532592773
90 3.651975393295288
90 3.6572611331939697
90 3.6633460521698
90 3.669177293777466
90 3.6755170822143555
90 3.6819334030151367
90 3.687175989151001
90 3.6931979656219482
90 3.6981618404388428
90 3.704105854034424
90 3.710345506668091
90 3.715543746948242
90 3.7216060161590576
90 3.7276413440704346
90 3.7336478233337402
90 3.739576578140259
90 3.7450597286224365
90 3.751019239425659
90 3.7561514377593994
90 3.762122631072998
90 3.767315626144409
90 3.774158000946045
90 3.780275583267212
90 3.7855637073516846
90 3.7916388511657715
90 3.7969367504119873
90 3.802921772003174
90 3.807884693145752
90 3.813997983932495
90 3.820072889328003
90 3.8262298107147217
90 3.832331895828247
90 3.837519884109497
90 3.84348464012146
90 3.8493402004241943
90 3.8543455600738525
90 3.8604736328125
90 3.8657519817352295
90 3.87184739112854
90 3.877838134765625
90 3.883820056915283
90 3.8901045322418213
90 3.8953373432159424
90 3.9012198448181152
90 3.9063339233398438
90 3.9122424125671387
90 3.9174489974975586
90 3.9234094619750977
90 3.9302525520324707
90 3.9354352951049805
90 3.941589117050171
90 3.9468982219696045
90 3.953047513961792
90 3.9579944610595703
90 3.9639291763305664
90 3.970055341720581
90 3.9752705097198486
90 3.982154130935669
90 3.9873523712158203
90 3.993309736251831
90 3.99880051612854
90 4.004225969314575
90 4.010448932647705
90 4.015622854232788
90 4.021795034408569
90 4.027643918991089
90 4.033649921417236
90 4.039548635482788
90 4.0449700355529785
90 4.057026624679565
90 4.063117504119873
90 4.068070888519287
90 4.074331760406494
90 4.081794023513794
90 4.08716893196106
90 4.09306526184082
90 4.098012685775757
90 4.103999853134155
90 4.110076665878296
90 4.115268230438232
90 4.121178865432739
90 4.126279592514038
90 4.133366584777832
90 4.139180421829224
90 4.144236326217651
90 4.150322198867798
90 4.155483961105347
90 4.161527395248413
90 4.16682505607605
90 4.172793865203857
90 4.177785873413086
90 4.184296607971191
90 4.190833330154419
90 4.195902585983276
90 4.202144145965576
90 4.207335710525513
90 4.21325159072876
90 4.218184947967529
90 4.2241599559783936
90 4.231188058853149
90 4.236295700073242
90 4.242176294326782
90 4.247384071350098
90 4.253519535064697
90 4.259573221206665
90 4.2649900913238525
90 4.2710044384002686
90 4.276161193847656
90 4.283062219619751
90 4.288027048110962
90 4.293968439102173
90 4.300056457519531
90 4.305240869522095
90 4.311330080032349
90 4.316449403762817
90 4.3223652839660645
90 4.3275487422943115
90 4.3348658084869385
90 4.340836048126221
90 4.346035480499268
90 4.351984739303589
90 4.357211112976074
90 4.36313271522522
90 4.368079662322998
90 4.37433934211731
90 4.380439043045044
90 4.386719465255737
90 4.392437934875488
90 4.397598505020142
90 4.403568267822266
90 4.409469127655029
90 4.414828062057495
90 4.420764207839966
90 4.425799369812012
90 4.432047128677368
90 4.437880754470825
90 4.443840742111206
90 4.454509019851685
90 4.461996555328369
90 4.467163801193237
90 4.473232746124268
90 4.478147268295288
90 4.485405445098877
90 4.49156928062439
90 4.496802568435669
90 4.502467155456543
90 4.507632255554199
90 4.5135650634765625
90 4.519479274749756
90 4.524854898452759
90 4.5308356285095215
90 4.5369579792022705
90 4.542892694473267
90 4.547857046127319
90 4.553918838500977
90 4.55998158454895
90 4.565147161483765
90 4.5710694789886475
90 4.576189041137695
90 4.582128286361694
90 4.588043928146362
90 4.594141006469727
90 4.601104021072388
90 4.606192111968994
90 4.6122612953186035
90 4.6174376010894775
90 4.626840829849243
90 4.632826089859009
90 4.639522314071655
90 4.644939184188843
90 4.650886058807373
90 4.656058311462402
90 4.662076234817505
90 4.667285680770874
90 4.673329830169678
90 4.679168462753296
90 4.6841912269592285
90 4.691312789916992
90 4.696406126022339
90 4.7023210525512695
90 4.707549095153809
90 4.71348237991333
90 4.719342470169067
90 4.7249486446380615
90 4.731057167053223
90 4.736175775527954
90 4.743069410324097
90 4.748040199279785
90 4.753986120223999
90 4.760068893432617
90 4.7652270793914795
90 4.771132230758667
90 4.776312351226807
90 4.782228469848633
90 4.787421941757202
90 4.794207811355591
90 4.800253391265869
90 4.805423021316528
90 4.811341762542725
90 4.816416025161743
90 4.822317600250244
90 4.827453851699829
90 4.83346152305603
90 4.840287923812866
90 4.845465183258057
90 4.857345819473267
90 4.863399028778076
90 4.869223594665527
90 4.874776601791382
90 4.8809168338775635
90 4.886057376861572
90 4.892958164215088
90 4.8979127407073975
90 4.903907060623169
90 4.910140752792358
90 4.915367603302002
90 4.921283721923828
90 4.9264092445373535
90 4.932348251342773
90 4.937551259994507
90 4.94429349899292
90 4.950361728668213
90 4.955481052398682
90 4.961540937423706
90 4.966797590255737
90 4.972966432571411
90 4.977923631668091
90 4.9839959144592285
90 4.993541717529297
90 4.999445915222168
90 5.004778146743774
90 5.0105133056640625
90 5.015782833099365
90 5.021857261657715
90 5.027048349380493
90 5.033169746398926
90 5.038087368011475
90 5.04515814781189
90 5.051083326339722
90 5.056213855743408
90 5.062099933624268
90 5.0672900676727295
90 5.073286056518555
90 5.078198432922363
90 5.084151029586792
90 5.090406894683838
90 5.096444368362427
90 5.102367162704468
90 5.107552528381348
90 5.113634347915649
90 5.119532346725464
90 5.1249260902404785
90 5.130795955657959
90 5.135843992233276
90 5.141887187957764
90 5.147909164428711
90 5.153963565826416
90 5.160021543502808
90 5.165172100067139
90 5.171050071716309
90 5.176190137863159
90 5.182104825973511
90 5.187299489974976
90 5.193170070648193
90 5.200068235397339
90 5.205256700515747
90 5.211305141448975
90 5.216376543045044
90 5.222260236740112
90 5.22744607925415
90 5.233423471450806
90 5.239238023757935
90 5.245467901229858
90 5.256273984909058
90 5.263306379318237
90 5.268734931945801
90 5.274462461471558
90 5.280839204788208
90 5.285912036895752
90 5.291936159133911
90 5.297917127609253
90 5.3038434982299805
90 5.309935569763184
90 5.315201044082642
90 5.3211071491241455
90 5.326202392578125
90 5.332271337509155
90 5.3374645709991455
90 5.343467712402344
90 5.3503007888793945
90 5.35547137260437
90 5.361422777175903
90 5.366758584976196
90 5.372939825057983
90 5.377909421920776
90 5.3838300704956055
90 5.390095233917236
90 5.395294666290283
90 5.402174949645996
90 5.407354116439819
90 5.41326904296875
90 5.418193578720093
90 5.424127578735352
90 5.4302308559417725
90 5.435379981994629
90 5.4412946701049805
90 5.446407318115234
90 5.45345664024353
90 5.459397792816162
90 5.464459657669067
90 5.470462799072266
90 5.475628137588501
90 5.481785297393799
90 5.487033367156982
90 5.492981195449829
90 5.49795389175415
90 5.505061626434326
90 5.511146783828735
90 5.516281604766846
90 5.522215366363525
90 5.527440547943115
90 5.5334131717681885
90 5.539284706115723
90 5.552032947540283
90 5.557273864746094
90 5.563206911087036
90 5.568151950836182
90 5.574249029159546
90 5.5802857875823975
90 5.585468292236328
90 5.5915305614471436
90 5.596797704696655
90 5.604182481765747
90 5.610256195068359
90 5.61542820930481
90 5.621341705322266
90 5.626472234725952
90 5.632853031158447
90 5.637821197509766
90 5.643704175949097
90 5.649624824523926
90 5.662314176559448
90 5.667471885681152
90 5.673558235168457
90 5.679448843002319
90 5.685031175613403
90 5.691157102584839
90 5.696271181106567
90 5.702151298522949
90 5.708098411560059
90 5.714059352874756
90 5.720147609710693
90 5.7253358364105225
90 5.731189727783203
90 5.736299514770508
90 5.742273330688477
90 5.747464179992676
90 5.754329442977905
90 5.761007070541382
90 5.766164541244507
90 5.772118806838989
90 5.777307510375977
90 5.783217191696167
90 5.788160800933838
90 5.794080018997192
90 5.8001909255981445
90 5.806354999542236
90 5.812805414199829
90 5.817789316177368
90 5.823697566986084
90 5.829663038253784
90 5.8351006507873535
90 5.841040849685669
90 5.846201181411743
90 5.852137804031372
90 5.858104467391968
90 5.86403751373291
90 5.870285511016846
90 5.875464200973511
90 5.881529092788696
90 5.8868207931518555
90 5.892972469329834
90 5.897924184799194
90 5.903890371322632
90 5.911005020141602
90 5.916142225265503
90 5.922104120254517
90 5.927303075790405
90 5.933365345001221
90 5.939228534698486
90 5.944254636764526
90 5.9503278732299805
90 5.955491065979004
90 5.9622581005096436
90 5.967467784881592
90 5.973466396331787
90 5.979403972625732
90 5.984814167022705
90 5.9909608364105225
90 5.9961512088775635
90 6.002178192138672
90 6.007997274398804
90 6.013950824737549
90 6.020174741744995
90 6.025346755981445
90 6.031198263168335
90 6.0362749099731445
90 6.042180776596069
90 6.047333717346191
90 6.060928821563721
90 6.06603479385376
90 6.076265573501587
90 6.08237099647522
90 6.087563753128052
90 6.093937158584595
90 6.101223945617676
90 6.106348991394043
90 6.113511085510254
90 6.1200151443481445
90 6.125187873840332
90 6.13112998008728
90 6.136248588562012
90 6.142116069793701
90 6.147318601608276
90 6.153406381607056
90 6.160115480422974
90 6.165377855300903
90 6.171562433242798
90 6.176795482635498
90 6.182498455047607
90 6.187678575515747
90 6.193619966506958
90 6.199514627456665
90 6.204922199249268
90 6.2116334438323975
90 6.216972351074219
90 6.2229530811309814
90 6.227926731109619
90 6.234034299850464
90 6.240103483200073
90 6.245272159576416
90 6.25117826461792
90 6.256272315979004
90 6.263159513473511
90 6.268104553222656
90 6.274028062820435
90 6.280311584472656
90 6.285478353500366
90 6.291773080825806
90 6.296994924545288
90 6.302929162979126
90 6.3079187870025635
90 6.315048456192017
90 6.320998191833496
90 6.326127052307129
90 6.332111597061157
90 6.337313413619995
90 6.343243360519409
90 6.348182439804077
90 6.354273080825806
90 6.36032247543335
90 6.366431474685669
90 6.372356414794922
90 6.377528190612793
90 6.383481979370117
90 6.3893959522247314
90 6.394840478897095
90 6.400803327560425
90 6.406087636947632
90 6.4122302532196045
90 6.418095111846924
90 6.424095869064331
90 6.430225372314453
90 6.4354002475738525
90 6.441338539123535
90 6.446453094482422
90 6.452458620071411
90 6.465085029602051
90 6.471327781677246
90 6.476459503173828
90 6.4827539920806885
90 6.487778186798096
90 6.4936842918396
90 6.4996092319488525
90 6.5050764083862305
90 6.511050462722778
90 6.517167806625366
90 6.523086309432983
90 6.528060436248779
90 6.53419041633606
90 6.540428876876831
90 6.545608282089233
90 6.55179500579834
90 6.557041883468628
90 6.563023567199707
90 6.569671869277954
90 6.575098276138306
90 6.581082344055176
90 6.586198329925537
90 6.5923285484313965
90 6.5975422859191895
90 6.604153394699097
90 6.610254287719727
90 6.616375684738159
90 6.622406721115112
90 6.627593755722046
90 6.633556365966797
90 6.639479637145996
90 6.6449384689331055
90 6.65109658241272
90 6.656198024749756
90 6.662164688110352
90 6.668100118637085
90 6.674185037612915
90 6.6802661418914795
90 6.685457229614258
90 6.691402435302734
90 6.696726083755493
90 6.702807664871216
90 6.707812547683716
90 6.713860988616943
90 6.7209906578063965
90 6.726142644882202
90 6.732128381729126
90 6.737304449081421
90 6.743210792541504
90 6.7481467723846436
90 6.754072189331055
90 6.760099172592163
90 6.765395164489746
90 6.772366285324097
90 6.777546405792236
90 6.783479452133179
90 6.789338111877441
90 6.7943103313446045
90 6.800500392913818
90 6.80576753616333
90 6.811853885650635
90 6.81706428527832
90 6.823662519454956
90 6.829541921615601
90 6.8351051807403564
90 6.841037034988403
90 6.846149206161499
90 6.852119207382202
90 6.863677263259888
90 6.869555711746216
90 6.875985622406006
90 6.8821210861206055
90 6.887307167053223
90 6.89333963394165
90 6.899163722991943
90 6.904216289520264
90 6.9102623462677
90 6.915391683578491
90 6.9221367835998535
90 6.931919097900391
90 6.93712854385376
90 6.943037509918213
90 6.947948932647705
90 6.954010963439941
90 6.960129737854004
90 6.965289115905762
90 6.972099781036377
90 6.977400779724121
90 6.98336386680603
90 6.989200115203857
90 6.994198799133301
90 7.000234365463257
90 7.005379915237427
90 7.011422157287598
90 7.016502141952515
90 7.0234222412109375
90 7.029336929321289
90 7.034317493438721
90 7.040367126464844
90 7.045605421066284
90 7.051799535751343
90 7.056995630264282
90 7.063070297241211
90 7.068009376525879
90 7.07520318031311
90 7.08117938041687
90 7.0862956047058105
90 7.092177629470825
90 7.0973711013793945
90 7.103331565856934
90 7.108774185180664
90 7.114166736602783
90 7.120206594467163
90 7.1263532638549805
90 7.132425785064697
90 7.137619733810425
90 7.145303010940552
90 7.151835918426514
90 7.157118797302246
90 7.163036346435547
90 7.167977333068848
90 7.175433397293091
90 7.181370496749878
90 7.186481952667236
90 7.192848443984985
90 7.197807788848877
90 7.203769683837891
90 7.209861755371094
90 7.215095520019531
90 7.221009969711304
90 7.235482215881348
90 7.242112159729004
90 7.267199516296387
90 7.277988910675049
90 7.29735255241394
90 7.30544376373291
90 7.311642408370972
90 7.316961050033569
90 7.3234686851501465
90 7.3433051109313965
90 7.350093603134155
90 7.355317831039429
90 7.3611907958984375
90 7.366302490234375
90 7.37298059463501
90 7.379619836807251
90 7.3850507736206055
90 7.39101243019104
90 7.396163702011108
90 7.402102947235107
90 7.410243272781372
90 7.4154181480407715
90 7.421529769897461
90 7.4271934032440186
90 7.4340503215789795
90 7.440166711807251
90 7.44535493850708
90 7.451411008834839
90 7.456780672073364
90 7.462506055831909
90 7.467695236206055
90 7.473785400390625
90 7.480869293212891
90 7.485987424850464
90 7.49216890335083
90 7.497338771820068
90 7.503410577774048
90 7.5092480182647705
90 7.514265060424805
90 7.520370960235596
90 7.525515556335449
90 7.532360076904297
90 7.537543773651123
90 7.543663263320923
90 7.549583673477173
90 7.5551769733428955
90 7.561074495315552
90 7.566202402114868
90 7.572118759155273
90 7.577331781387329
90 7.5840349197387695
90 7.590392827987671
90 7.595608472824097
90 7.6024463176727295
90 7.607651472091675
90 7.613775014877319
90 7.6199049949646
90 7.6251397132873535
90 7.631084203720093
90 7.6372857093811035
90 7.643367528915405
90 7.649202346801758
90 7.654240846633911
90 7.666399955749512
90 7.6728925704956055
90 7.6778669357299805
90 7.6851959228515625
90 7.691316604614258
90 7.696425437927246
90 7.702436447143555
90 7.707607984542847
90 7.713592767715454
90 7.71951699256897
90 7.724914073944092
90 7.731046199798584
90 7.737086772918701
90 7.743046760559082
90 7.748032331466675
90 7.754007816314697
90 7.760052442550659
90 7.765208005905151
90 7.771147012710571
90 7.776310682296753
90 7.797428846359253
90 7.810383558273315
90 7.82136869430542
90 7.837764024734497
90 7.848748445510864
90 7.854316234588623
90 7.860791206359863
90 7.865854740142822
90 7.871941089630127
90 7.87713098526001
90 7.8830461502075195
90 7.889658212661743
90 7.8950722217559814
90 7.901045560836792
90 7.906160354614258
90 7.912258148193359
90 7.917452812194824
90 7.923408031463623
90 7.929295301437378
90 7.934306621551514
90 7.941808700561523
90 7.947086572647095
90 7.953041315078735
90 7.958012819290161
90 7.963969469070435
90 7.970226526260376
90 7.9753851890563965
90 7.981292009353638
90 7.987399339675903
90 7.993406057357788
90 7.999237775802612
90 8.004277467727661
90 8.01033616065979
90 8.015515327453613
90 8.021584272384644
90 8.02682876586914
90 8.032990455627441
90 8.039670944213867
90 8.045111894607544
90 8.051050424575806
90 8.056182622909546
90 8.085627555847168
90 8.097482681274414
90 8.110443830490112
90 8.122920513153076
90 8.13771653175354
90 8.14772653579712
90 8.161369800567627
90 8.1735098361969
90 8.186161518096924
90 8.19800090789795
90 8.211291790008545
90 8.219597101211548
90 8.225020170211792
90 8.230960607528687
90 8.236101627349854
90 8.2421875
90 8.24736499786377
90 8.253311395645142
90 8.25882077217102
90 8.274161577224731
90 8.284454345703125
90 8.292212009429932
90 8.297658681869507
90 8.303597688674927
90 8.309496641159058
90 8.314945697784424
90 8.321867227554321
90 8.32712459564209
90 8.333047866821289
90 8.337997198104858
90 8.34408688545227
90 8.350181818008423
90 8.355367422103882
90 8.36245846748352
90 8.369490385055542
90 8.3749520778656
90 8.380878925323486
90 8.385988235473633
90 8.39199161529541
90 8.397209882736206
90 8.403332948684692
90 8.40922236442566
90 8.414258241653442
90 8.421252250671387
90 8.426369428634644
90 8.432344198226929
90 8.437552452087402
90 8.443494081497192
90 8.449403047561646
90 8.454836368560791
90 8.46621823310852
90 8.47334623336792
90 8.479190826416016
90 8.484497308731079
90 8.49104356765747
90 8.496183633804321
90 8.50210976600647
90 8.507311820983887
90 8.513252019882202
90 8.520328998565674
90 8.525506258010864
90 8.531585216522217
90 8.53684139251709
90 8.542782545089722
90 8.547765493392944
90 8.55366826057434
90 8.559574842453003
90 8.564953565597534
90 8.571897745132446
90 8.577125310897827
90 8.583210468292236
90 8.588166236877441
90 8.594121217727661
90 8.601194858551025
90 8.606311798095703
90 8.61220407485962
90 8.617396593093872
90 8.624247312545776
90 8.630373477935791
90 8.635614156723022
90 8.641942501068115
90 8.647175073623657
90 8.653083324432373
90 8.658052206039429
90 8.664088726043701
90 8.670192956924438
90 8.676345825195312
90 8.682250261306763
90 8.687480211257935
90 8.693461179733276
90 8.699332475662231
90 8.70491623878479
90 8.710842609405518
90 8.715986728668213
90 8.722912311553955
90 8.727955341339111
90 8.733915328979492
90 8.74001955986023
90 8.745264291763306
90 8.751370906829834
90 8.756480932235718
90 8.762814044952393
90 8.767808437347412
90 8.77490496635437
90 8.780858278274536
90 8.786041021347046
90 8.79199481010437
90 8.797191381454468
90 8.803134441375732
90 8.808103561401367
90 8.81413459777832
90 8.820335626602173
90 8.826499938964844
90 8.832468509674072
90 8.837732791900635
90 8.843683242797852
90 8.849607706069946
90 8.855032920837402
90 8.865543365478516
90 8.872857093811035
90 8.879559993743896
90 8.885344982147217
90 8.891423463821411
90 8.896806240081787
90 8.902920484542847
90 8.907904386520386
90 8.91386604309082
90 8.919991970062256
90 8.92616081237793
90 8.932260036468506
90 8.937461376190186
90 8.943677186965942
90 8.957685232162476
90 8.9640953540802
90 8.970428705215454
90 8.977041482925415
90 8.983009815216064
90 8.9893319606781
90 8.994325876235962
90 9.000827074050903
90 9.005866289138794
90 9.013813972473145
90 9.020070314407349
90 9.02532434463501
90 9.032474756240845
90 9.037622213363647
90 9.043564081192017
90 9.049392700195312
90 9.054484844207764
90 9.060888290405273
90 9.066044092178345
90 9.0720796585083
90 9.086356163024902
90 9.09235405921936
90 9.106185913085938
90 9.112120866775513
90 9.133291721343994
90 9.145379543304443
90 9.186466217041016
90 9.232289791107178
90 9.25816822052002
90 9.277687072753906
90 9.283788919448853
90 9.292463302612305
90 9.297654390335083
90 9.30387258529663
90 9.310362100601196
90 9.315510511398315
90 9.321791887283325
90 9.327033281326294
90 9.332961320877075
90 9.339609622955322
90 9.354204654693604
90 9.367603063583374
90 9.379335403442383
90 9.385189294815063
90 9.393587112426758
90 9.399418115615845
90 9.40450668334961
90 9.417819023132324
90 9.424910545349121
90 9.4308500289917
90 9.435978651046753
90 9.443406581878662
90 9.44929575920105
90 9.454792022705078
90 9.460790157318115
90 9.465842008590698
90 9.471909046173096
90 9.477140665054321
90 9.485121011734009
90 9.492018461227417
90 9.497247219085693
90 9.503574132919312
90 9.509504556655884
90 9.51488184928894
90 9.52074384689331
90 9.571574926376343
90 9.576844215393066
90 9.582777976989746
90 9.587763547897339
90 9.594858646392822
90 9.601816892623901
90 9.607030391693115
90 9.612956523895264
90 9.617926597595215
90 9.623907089233398
90 9.629984140396118
90 9.635178327560425
90 9.641096591949463
90 9.647299766540527
90 9.65339732170105
90 9.65918779373169
90 9.67097282409668
90 9.676140785217285
90 9.682235956192017
90 9.687415361404419
90 9.694210767745972
90 9.703613758087158
90 9.709510326385498
90 9.714922904968262
90 9.721031427383423
90 9.726160287857056
90 9.732123136520386
90 9.737325191497803
90 9.743881464004517
90 9.749984741210938
90 9.755186080932617
90 9.761136054992676
90 9.766232252120972
90 9.77211046218872
90 9.77729868888855
90 9.78339695930481
90 9.789194822311401
90 9.795371294021606
90 9.801322221755981
90 9.80641484260559
90 9.81233286857605
90 9.817482471466064
90 9.823450326919556
90 9.829311609268188
90 9.834298372268677
90 9.840510845184326
90 9.8469877243042
90 9.852948665618896
90 9.857889890670776
90 9.863823175430298
90 9.86993408203125
90 9.875157594680786
90 9.88112187385559
90 9.886215686798096
90 9.892144680023193
90 9.898066520690918
90 9.904141426086426
90 9.910747289657593
90 9.91582465171814
90 9.92190146446228
90 9.927148580551147
90 9.93306303024292
90 9.93804669380188
90 9.944024801254272
90 9.95114278793335
90 9.956252098083496
90 9.96230697631836
90 9.967467308044434
90 9.97347378730774
90 9.979316473007202
90 9.984298467636108
90 9.990381002426147
90 9.995591640472412
90 10.002444505691528
90 10.007607460021973
90 10.013562679290771
90 10.019481182098389
90 10.025083780288696
90 10.031045913696289
90 10.036161422729492
90 10.042263269424438
90 10.04807162284851
90 10.054047107696533
90 10.060083866119385
90 10.082239389419556
90 10.098034143447876
90 10.111755847930908
90 10.117034912109375
90 10.123127460479736
90 10.128052234649658
90 10.134034633636475
90 10.140275478363037
90 10.14544415473938
90 10.152336120605469
90 10.1575608253479
90 10.16355013847351
90 10.16940975189209
90 10.175008535385132
90 10.180988788604736
90 10.186155557632446
90 10.192006349563599
90 10.197261333465576
90 10.203977346420288
90 10.210078477859497
90 10.215278387069702
90 10.221256971359253
90 10.226359128952026
90 10.232306718826294
90 10.237499237060547
90 10.243453025817871
90 10.249374389648438
90 10.255447387695312
90 10.261656045913696
90 10.266937971115112
90 10.272855758666992
90 10.277835607528687
90 10.28378677368164
90 10.289857864379883
90 10.295096158981323
90 10.302103996276855
90 10.30734133720398
90 10.313240766525269
90 10.31817626953125
90 10.324231386184692
90 10.330280780792236
90 10.335475206375122
90 10.341529369354248
90 10.346792459487915
90 10.353538274765015
90 10.359443426132202
90 10.36485505104065
90 10.370798587799072
90 10.375850677490234
90 10.382097721099854
90 10.387274742126465
90 10.3931565284729
90 10.398100852966309
90 10.405132055282593
90 10.411070346832275
90 10.416186809539795
90 10.42212462425232
90 10.42731237411499
90 10.433382511138916
90 10.439200401306152
90 10.444478511810303
90 10.450733184814453
90 10.45681381225586
90 10.462761402130127
90 10.47426462173462
90 10.480846881866455
90 10.485984802246094
90 10.492162942886353
90 10.497365713119507
90 10.504351615905762
90 10.51050877571106
90 10.515756607055664
90 10.521795988082886
90 10.527015686035156
90 10.533008575439453
90 10.537939071655273
90 10.543872594833374
90 10.54998230934143
90 10.556152105331421
90 10.563800811767578
90 10.569944143295288
90 10.57515287399292
90 10.593111991882324
90 10.600082874298096
90 10.606216669082642
90 10.612859964370728
90 10.61791443824768
90 10.625354766845703
90 10.631300210952759
90 10.636411666870117
90 10.643022775650024
90 10.647950172424316
90 10.653914213180542
90 10.663061141967773
90 10.667988061904907
90 10.673903703689575
90 10.68083143234253
90 10.685887575149536
90 10.692136526107788
90 10.697319030761719
90 10.703239917755127
90 10.710298776626587
90 10.715449571609497
90 10.72136926651001
90 10.726449489593506
90 10.732348203659058
90 10.737548828125
90 10.743685960769653
90 10.749563455581665
90 10.754974842071533
90 10.761980056762695
90 10.767221927642822
90 10.773121118545532
90 10.778061151504517
90 10.784140348434448
90 10.790201663970947
90 10.79536747932434
90 10.801379203796387
90 10.806468725204468
90 10.813314199447632
90 10.818810939788818
90 10.82420563697815
90 10.830498456954956
90 10.835760354995728
90 10.841841459274292
90 10.847062349319458
90 10.853018045425415
90 10.857942581176758
90 10.865091800689697
90 10.87687611579895
90 10.882991313934326
90 10.887938499450684
90 10.894140481948853
90 10.900345087051392
90 10.90554666519165
90 10.912369012832642
90 10.917559385299683
90 10.923668622970581
90 10.929565668106079
90 10.935022830963135
90 10.940971374511719
90 10.946084022521973
90 10.952018976211548
90 10.95723271369934
90 10.964073657989502
90 10.970157861709595
90 10.975356340408325
90 10.981419801712036
90 10.986774921417236
90 10.99248194694519
90 10.997666597366333
90 11.00359559059143
90 11.009487628936768
90 11.015652179718018
90 11.021856784820557
90 11.027109384536743
90 11.033038139343262
90 11.037952184677124
90 11.044105768203735
90 11.050212860107422
90 11.055372953414917
90 11.06119155883789
90 11.067312002182007
90 11.073323965072632
90 11.079203367233276
90 11.084227323532104
90 11.090259313583374
90 11.095396757125854
90 11.101555109024048
90 11.10685658454895
90 11.113495349884033
90 11.119495153427124
90 11.124882936477661
90 11.131016731262207
90 11.136170864105225
90 11.142138481140137
90 11.147311925888062
90 11.153216123580933
90 11.158141851425171
90 11.165397644042969
90 11.171310186386108
90 11.176407098770142
90 11.182299137115479
90 11.18746042251587
90 11.193425416946411
90 11.199291467666626
90 11.204297542572021
90 11.210364818572998
90 11.216498136520386
90 11.222862958908081
90 11.22780466079712
90 11.233848810195923
90 11.239945888519287
90 11.2451331615448
90 11.25106954574585
90 11.256160497665405
90 11.262125968933105
90 11.268056869506836
90 11.280429601669312
90 11.285589456558228
90 11.29187273979187
90 11.297082424163818
90 11.303281307220459
90 11.308173894882202
90 11.314109325408936
90 11.321235656738281
90 11.326321125030518
90 11.332283973693848
90 11.337477922439575
90 11.34359884262085
90 11.349495887756348
90 11.35488772392273
90 11.360815048217773
90 11.365885496139526
90 11.372893810272217
90 11.37784743309021
90 11.383791208267212
90 11.389917612075806
90 11.395124197006226
90 11.4011812210083
90 11.406277894973755
90 11.412134885787964
90 11.418086528778076
90 11.428064823150635
90 11.434145212173462
90 11.441126585006714
90 11.446237087249756
90 11.452289581298828
90 11.457853555679321
90 11.463956356048584
90 11.471078872680664
90 11.47616457939148
90 11.482056856155396
90 11.487276792526245
90 11.493213176727295
90 11.498144626617432
90 11.504074811935425
90 11.510169744491577
90 11.515352725982666
90 11.52236270904541
90 11.52756929397583
90 11.533500909805298
90 11.539349794387817
90 11.544312715530396
90 11.550397634506226
90 11.555579662322998
90 11.56162428855896
90 11.566940069198608
90 11.573598861694336
90 11.579526901245117
90 11.585137605667114
90 11.591240644454956
90 11.596354961395264
90 11.617048740386963
90 11.62817907333374
90 11.643083810806274
90 11.661864995956421
90 11.682172298431396
90 11.701156377792358
90 11.71774435043335
90 11.72558331489563
90 11.731921672821045
90 11.737123250961304
90 11.743504047393799
90 11.749406337738037
90 11.754804372787476
90 11.760974407196045
90 11.76613736152649
90 11.77211880683899
90 11.778068542480469
90 11.784003019332886
90 11.79010796546936
90 11.795308828353882
90 11.801223516464233
90 11.806330680847168
90 11.81227993965149
90 11.81749176979065
90 11.82447624206543
90 11.830753326416016
90 11.835841417312622
90 11.841926336288452
90 11.847126007080078
90 11.853245735168457
90 11.858216285705566
90 11.864166975021362
90 11.87024450302124
90 11.876368999481201
90 11.882485389709473
90 11.887696504592896
90 11.89362382888794
90 11.899554967880249
90 11.904969692230225
90 11.911000967025757
90 11.91618013381958
90 11.922078847885132
90 11.92798399925232
90 11.933956384658813
90 11.940245866775513
90 11.94546627998352
90 11.951417207717896
90 11.956792831420898
90 11.962498664855957
90 11.967661142349243
90 11.973669290542603
90 11.980997085571289
90 11.986134052276611
90 11.992086172103882
90 11.99729299545288
90 12.00339412689209
90 12.009204387664795
90 12.014201879501343
90 12.020249128341675
90 12.025429248809814
90 12.032320261001587
90 12.037488222122192
90 12.043444395065308
90 12.094109535217285
90 12.11435842514038
90 12.133410215377808
90 12.139577627182007
90 12.145013809204102
90 12.150986671447754
90 12.1561439037323
90 12.162103176116943
90 12.167316198348999
90 12.173261165618896
90 12.178199052810669
90 12.185407876968384
90 12.191351890563965
90 12.196461915969849
90 12.202377796173096
90 12.207639932632446
90 12.213576078414917
90 12.219513416290283
90 12.224971771240234
90 12.230966806411743
90 12.237098693847656
90 12.24321722984314
90 12.248155355453491
90 12.254108667373657
90 12.26021409034729
90 12.265388011932373
90 12.271333694458008
90 12.276425838470459
90 12.283335208892822
90 12.28921103477478
90 12.29424500465393
90 12.300433874130249
90 12.305596113204956
90 12.311796426773071
90 12.317033052444458
90 12.323002576828003
90 12.327964544296265
90 12.335060596466064
90 12.341081857681274
90 12.346198081970215
90 12.352159023284912
90 12.357405424118042
90 12.363532066345215
90 12.369452238082886
90 12.375037431716919
90 12.380965948104858
90 12.387127876281738
90 12.393046617507935
90 12.397987604141235
90 12.403904676437378
90 12.409998416900635
90 12.41518235206604
90 12.421238899230957
90 12.426355600357056
90 12.432266235351562
90 12.438202619552612
90 12.444127082824707
90 12.45021939277649
90 12.455387115478516
90 12.461341619491577
90 12.466439723968506
90 12.477174758911133
90 12.484150886535645
90 12.49156928062439
90 12.496827602386475
90 12.50304913520813
90 12.507989406585693
90 12.513962984085083
90 12.520059823989868
90 12.525269985198975
90 12.531194925308228
90 12.537225246429443
90 12.543345212936401
90 12.549238920211792
90 12.554264307022095
90 12.560301542282104
90 12.567333221435547
90 12.573254346847534
90 12.578194856643677
90 12.584153652191162
90 12.591136932373047
90 12.596282005310059
90 12.603264808654785
90 12.608195543289185
90 12.614110708236694
90 12.620208501815796
90 12.62537956237793
90 12.631407022476196
90 12.636770725250244
90 12.643595933914185
90 12.649517059326172
90 12.654939651489258
90 12.661079406738281
90 12.66620683670044
90 12.672105312347412
90 12.677317380905151
90 12.683279991149902
90 12.69011664390564
90 12.695334911346436
90 12.701308965682983
90 12.706415176391602
90 12.712364673614502
90 12.717583179473877
90 12.723736047744751
90 12.729646444320679
90 12.735090494155884
90 12.743470430374146
90 12.749408483505249
90 12.754785776138306
90 12.761311769485474
90 12.766435623168945
90 12.77235221862793
90 12.777554512023926
90 12.784051656723022
90 12.791105031967163
90 12.796236515045166
90 12.802130699157715
90 12.807369947433472
90 12.813344478607178
90 12.819204092025757
90 12.824931144714355
90 12.830872774124146
90 12.835989713668823
90 12.843121528625488
90 12.848113059997559
90 12.85407280921936
90 12.8601815700531
90 12.865375757217407
90 12.87131929397583
90 12.883051872253418
90 12.888001203536987
90 12.895403146743774
90 12.9018075466156
90 12.907115697860718
90 12.913211345672607
90 12.918161869049072
90 12.924106359481812
90 12.930215835571289
90 12.935425281524658
90 12.941372871398926
90 12.947472333908081
90 12.953441381454468
90 12.959326267242432
90 12.964985609054565
90 12.970954179763794
90 12.976088762283325
90 12.982049465179443
90 12.987271070480347
90 12.993865966796875
90 13.000029563903809
90 13.007544040679932
