0 0.0075953006744384766
0 0.01900172233581543
0 0.025517940521240234
1 0.030417680740356445
2 0.03707480430603027
2 0.043261051177978516
4 0.04842519760131836
5 0.055312156677246094
7 0.0633096694946289
9 0.06847810745239258
11 0.07444620132446289
12 0.07961297035217285
16 0.08585906028747559
18 0.09173846244812012
20 0.0973355770111084
23 0.10421943664550781
26 0.10953021049499512
30 0.11550760269165039
34 0.12140560150146484
37 0.12651419639587402
40 0.1327211856842041
44 0.1380932331085205
48 0.14421772956848145
50 0.1495068073272705
54 0.15632247924804688
56 0.16248583793640137
58 0.16774821281433105
62 0.17409729957580566
64 0.17936921119689941
66 0.18532514572143555
68 0.19034695625305176
70 0.19632935523986816
72 0.20244574546813965
73 0.2086191177368164
74 0.2150404453277588
75 0.22009897232055664
76 0.22617435455322266
77 0.23235821723937988
78 0.23763537406921387
80 0.24950027465820312
80 0.25634241104125977
82 0.26300930976867676
82 0.2682807445526123
83 0.2745168209075928
84 0.2797970771789551
84 0.2859346866607666
84 0.2918875217437744
85 0.29738378524780273
86 0.3035776615142822
86 0.3097562789916992
86 0.3157837390899658
86 0.3217144012451172
87 0.3271489143371582
87 0.3351426124572754
88 0.34017348289489746
88 0.34618449211120605
88 0.3531687259674072
88 0.3593125343322754
88 0.36528754234313965
88 0.3703019618988037
88 0.3765699863433838
88 0.3829617500305176
89 0.3880312442779541
90 0.3943445682525635
90 0.39960598945617676
90 0.40558552742004395
90 0.4124176502227783
89 0.4175887107849121
89 0.4235270023345947
89 0.42867302894592285
89 0.4350447654724121
90 0.44004225730895996
90 0.4460279941558838
90 0.45236778259277344
90 0.45757508277893066
89 0.4644734859466553
89 0.4696769714355469
89 0.4757106304168701
90 0.4816324710845947
90 0.48706579208374023
90 0.49307799339294434
90 0.4981255531311035
89 0.5041990280151367
89 0.5100722312927246
89 0.5162131786346436
90 0.522390604019165
90 0.5276248455047607
90 0.5335671901702881
90 0.5386426448822021
89 0.5445961952209473
89 0.5498631000518799
89 0.5558769702911377
90 0.5631864070892334
90 0.5684139728546143
90 0.5745809078216553
90 0.579791784286499
89 0.5857789516448975
89 0.5917277336120605
89 0.5972106456756592
90 0.6032147407531738
90 0.6084604263305664
90 0.6154649257659912
89 0.6203925609588623
89 0.6263337135314941
89 0.6326212882995605
89 0.6379678249359131
90 0.6497011184692383
90 0.6559312343597412
90 0.6631381511688232
90 0.6682932376861572
90 0.6743819713592529
89 0.6795825958251953
89 0.6855671405792236
89 0.6914882659912109
90 0.6971545219421387
90 0.7032291889190674
90 0.7084269523620605
89 0.7152652740478516
89 0.7202990055084229
89 0.7262818813323975
90 0.738574743270874
90 0.7445719242095947
90 0.749821662902832
90 0.7559366226196289
90 0.7618675231933594
90 0.7680909633636475
89 0.7742319107055664
89 0.7795326709747314
89 0.7854773998260498
90 0.792243242263794
90 0.7975049018859863
90 0.8034374713897705
90 0.8085639476776123
89 0.8156259059906006
89 0.8214750289916992
89 0.8270590305328369
90 0.833076000213623
90 0.8383169174194336
90 0.8442649841308594
90 0.8494343757629395
89 0.855341911315918
89 0.8602743148803711
89 0.86741042137146
90 0.8735015392303467
90 0.8786931037902832
90 0.884666919708252
90 0.8898067474365234
89 0.8958406448364258
89 0.9017488956451416
89 0.9072659015655518
89 0.9132468700408936
90 0.9192636013031006
90 0.9252817630767822
90 0.9302330017089844
90 0.9363083839416504
90 0.9423661231994629
89 0.9475195407867432
89 0.9536564350128174
89 0.9590463638305664
90 0.9649615287780762
90 0.9717321395874023
90 0.9771552085876465
90 0.983104944229126
89 0.9881339073181152
89 0.9944231510162354
89 0.9996337890625
89 1.005603313446045
90 1.0114567279815674
90 1.0176060199737549
90 1.023547887802124
90 1.0285956859588623
89 1.03446364402771
89 1.039693832397461
90 1.0532197952270508
90 1.0584688186645508
90 1.0645651817321777
90 1.0714538097381592
90 1.0765633583068848
90 1.083038091659546
90 1.0880730152130127
90 1.0941345691680908
90 1.0993149280548096
90 1.1052424907684326
90 1.1101651191711426
90 1.1162869930267334
90 1.1233892440795898
90 1.1284778118133545
91 1.1343979835510254
91 1.1397829055786133
91 1.1457698345184326
90 1.1517016887664795
90 1.1571605205535889
90 1.1631567478179932
90 1.1692049503326416
90 1.175396203994751
90 1.1803805828094482
90 1.186337947845459
90 1.1924190521240234
90 1.1976144313812256
91 1.2035865783691406
91 1.2090325355529785
90 1.2152283191680908
90 1.2221131324768066
90 1.2273807525634766
90 1.2335116863250732
90 1.2387070655822754
90 1.2446894645690918
90 1.2498984336853027
91 1.265357494354248
91 1.2756807804107666
90 1.2864155769348145
90 1.2996690273284912
90 1.31219482421875
90 1.3238160610198975
91 1.3359472751617432
91 1.3492212295532227
90 1.358323097229004
90 1.370251178741455
90 1.389725685119629
91 1.3961865901947021
91 1.4035115242004395
92 1.4086887836456299
92 1.4151279926300049
92 1.4201791286468506
91 1.4266819953918457
91 1.4377317428588867
93 1.4563124179840088
94 1.4664127826690674
94 1.473534107208252
95 1.47898268699646
94 1.4849631786346436
94 1.4917659759521484
94 1.4973509311676025
94 1.5033957958221436
94 1.508676528930664
94 1.514704704284668
94 1.519925832748413
93 1.5259158611297607
93 1.5323657989501953
92 1.5376617908477783
92 1.5446650981903076
92 1.5500743389129639
92 1.556086540222168
92 1.5622761249542236
93 1.5675530433654785
93 1.5735514163970947
93 1.5789635181427002
93 1.5847229957580566
92 1.5899968147277832
92 1.597196340560913
92 1.6033921241760254
92 1.608553171157837
92 1.614525318145752
93 1.6197903156280518
93 1.6258275508880615
93 1.6318097114562988
93 1.6373155117034912
92 1.6442253589630127
92 1.6496057510375977
92 1.655832290649414
93 1.6618051528930664
93 1.6673297882080078
93 1.6734044551849365
93 1.6786208152770996
93 1.6846327781677246
92 1.6898877620697021
92 1.6970748901367188
92 1.7031950950622559
92 1.7084765434265137
92 1.7146036624908447
93 1.719961404800415
93 1.7259738445281982
93 1.732360601425171
93 1.7376525402069092
92 1.7446367740631104
92 1.7499582767486572
92 1.7559967041015625
92 1.7623229026794434
93 1.767604112625122
93 1.773862600326538
93 1.7792596817016602
93 1.7852764129638672
92 1.791896104812622
92 1.7983930110931396
92 1.8044381141662598
92 1.8096888065338135
92 1.815737247467041
93 1.82171630859375
93 1.8272349834442139
93 1.8334274291992188
93 1.8385915756225586
92 1.850334882736206
92 1.8577868938446045
92 1.8643519878387451
92 1.8696396350860596
92 1.8758316040039062
92 1.881821632385254
92 1.8873069286346436
92 1.89353609085083
92 1.8997681140899658
92 1.905843734741211
92 1.9118189811706543
91 1.917309045791626
91 1.9233579635620117
91 1.928563117980957
92 1.934575080871582
92 1.9398236274719238
92 1.945892572402954
92 1.9532246589660645
92 1.9584262371063232
92 1.9645097255706787
92 1.9697835445404053
92 1.9758450984954834
92 1.9818637371063232
92 1.9873526096343994
92 1.993577003479004
92 1.9996404647827148
92 2.005701780319214
92 2.011690139770508
92 2.017371892929077
92 2.023423433303833
92 2.0286149978637695
92 2.034606456756592
92 2.039865732192993
92 2.045870780944824
92 2.0530991554260254
92 2.0583231449127197
92 2.0643787384033203
92 2.0697383880615234
92 2.075977325439453
92 2.082179069519043
92 2.0874810218811035
92 2.093473196029663
92 2.099565029144287
92 2.1056387424468994
92 2.1116254329681396
92 2.1171047687530518
92 2.1233174800872803
92 2.1285481452941895
92 2.1347172260284424
92 2.1400392055511475
92 2.1460518836975098
92 2.153256893157959
92 2.1584715843200684
92 2.1644959449768066
92 2.169748067855835
92 2.175804376602173
92 2.181795358657837
92 2.1872973442077637
92 2.1934945583343506
92 2.1986749172210693
92 2.2057814598083496
92 2.211757183074951
92 2.2173011302948
92 2.223353862762451
92 2.228640556335449
92 2.2346668243408203
92 2.2399189472198486
92 2.2571961879730225
92 2.2635693550109863
92 2.2690017223358154
92 2.2752859592437744
92 2.28035569190979
92 2.286501169204712
92 2.29266619682312
92 2.298034906387329
92 2.3051133155822754
92 2.310187578201294
92 2.3163721561431885
92 2.322502613067627
92 2.3277554512023926
92 2.3340163230895996
92 2.3393797874450684
92 2.3453643321990967
92 2.350409984588623
92 2.3622617721557617
92 2.3675835132598877
92 2.3738629817962646
92 2.3792178630828857
92 2.385389804840088
92 2.3904333114624023
92 2.3964650630950928
92 2.4035234451293945
92 2.4089996814727783
92 2.448413133621216
92 2.4692656993865967
92 2.483473062515259
92 2.4886269569396973
92 2.4950177669525146
92 2.500077486038208
92 2.507244110107422
92 2.51340389251709
92 2.5186281204223633
92 2.5246200561523438
92 2.5298876762390137
92 2.5358901023864746
92 2.5418972969055176
92 2.5473852157592773
92 2.5535531044006348
92 2.5596604347229004
92 2.565704107284546
92 2.5717077255249023
92 2.5772030353546143
92 2.583244800567627
92 2.588479995727539
92 2.594461441040039
92 2.5997700691223145
92 2.6065673828125
92 2.6131837368011475
92 2.6184237003326416
92 2.62436842918396
92 2.629678249359131
92 2.6357247829437256
92 2.6417317390441895
92 2.65409779548645
92 2.6602227687835693
92 2.6664254665374756
92 2.6731081008911133
92 2.6783559322357178
92 2.6843557357788086
92 2.68963885307312
92 2.695704221725464
92 2.701754570007324
92 2.708064317703247
92 2.714231014251709
92 2.71954083442688
92 2.725585460662842
92 2.7316291332244873
92 2.737330198287964
92 2.7433671951293945
92 2.748582124710083
92 2.756105422973633
92 2.76328444480896
92 2.768481731414795
92 2.7746944427490234
92 2.780003786087036
92 2.7860450744628906
92 2.793294906616211
92 2.7984871864318848
92 2.804492235183716
92 2.810420036315918
92 2.81669020652771
92 2.8230397701263428
92 2.8282992839813232
92 2.834336042404175
92 2.8395771980285645
92 2.8456051349639893
92 2.8514723777770996
92 2.8571555614471436
92 2.8641462326049805
92 2.8694047927856445
92 2.8754148483276367
92 2.8804197311401367
92 2.8863658905029297
92 2.8924920558929443
92 2.8977067470550537
92 2.904078483581543
92 2.9093515872955322
92 2.916253089904785
92 2.9223737716674805
92 2.9275944232940674
92 2.9335992336273193
92 2.93896746635437
92 2.945042133331299
92 2.9501378536224365
92 2.9561429023742676
92 2.9633426666259766
92 2.9685404300689697
92 2.9746334552764893
92 2.979849100112915
92 2.9858779907226562
92 2.9918694496154785
92 2.99733567237854
92 3.0033106803894043
92 3.0084595680236816
92 3.015425205230713
92 3.020404577255249
92 3.026369333267212
92 3.0326626300811768
92 3.0379838943481445
92 3.0441806316375732
92 3.0561375617980957
92 3.0633819103240967
92 3.068682909011841
92 3.0750603675842285
92 3.0801079273223877
92 3.0862419605255127
92 3.092543601989746
92 3.0977694988250732
92 3.103965997695923
92 3.109232187271118
92 3.1159956455230713
92 3.1221566200256348
92 3.1274783611297607
92 3.1334228515625
92 3.1385936737060547
92 3.144578456878662
92 3.1498212814331055
92 3.15602970123291
92 3.1623313426971436
92 3.1684794425964355
92 3.174464225769043
92 3.179727077484131
92 3.1857481002807617
92 3.1916842460632324
92 3.197136878967285
92 3.20316219329834
92 3.208317756652832
92 3.2145164012908936
92 3.2210350036621094
92 3.2264597415924072
92 3.232597827911377
92 3.2378242015838623
92 3.2440693378448486
92 3.249354124069214
92 3.2553553581237793
92 3.260352611541748
92 3.267594575881958
92 3.2738592624664307
92 3.2791988849639893
92 3.2851428985595703
92 3.2901611328125
92 3.296409845352173
92 3.302525043487549
92 3.307830333709717
92 3.3140337467193604
92 3.320117235183716
92 3.326136589050293
92 3.332479953765869
92 3.3377087116241455
92 3.343839406967163
92 3.3491921424865723
92 3.355178117752075
92 3.360185384750366
92 3.3662238121032715
92 3.3733339309692383
92 3.3785102367401123
92 3.384507656097412
92 3.3897340297698975
92 3.395901679992676
92 3.401878595352173
92 3.4073314666748047
92 3.4133360385894775
92 3.419506072998047
92 3.425626277923584
92 3.431520462036133
92 3.436563730239868
92 3.4429800510406494
92 3.4562759399414062
92 3.4625818729400635
92 3.467844247817993
92 3.4756715297698975
92 3.4815948009490967
92 3.487194538116455
92 3.4932303428649902
92 3.499075174331665
92 3.505141019821167
92 3.5101680755615234
92 3.51631236076355
92 3.5234713554382324
92 3.528620481491089
92 3.5345678329467773
92 3.5397989749908447
92 3.5458381175994873
92 3.5518088340759277
92 3.557579755783081
92 3.5635385513305664
92 3.5686681270599365
92 3.575861930847168
92 3.5818800926208496
92 3.587362051010132
92 3.593355178833008
92 3.598515272140503
92 3.60443115234375
92 3.60969614982605
92 3.6156833171844482
92 3.622575283050537
92 3.627835750579834
92 3.634235382080078
92 3.6395368576049805
92 3.6455185413360596
92 3.6514086723327637
92 3.6564974784851074
92 3.662652015686035
92 3.6678779125213623
92 3.6750853061676025
92 3.6801202297210693
92 3.686264991760254
92 3.6925928592681885
92 3.6978132724761963
92 3.704036235809326
92 3.709320068359375
92 3.715306282043457
92 3.7203001976013184
92 3.7274551391601562
92 3.733445405960083
92 3.738603115081787
92 3.7445757389068604
92 3.7498443126678467
92 3.756070375442505
92 3.7622766494750977
92 3.7675271034240723
92 3.774460554122925
92 3.779792547225952
92 3.785824775695801
92 3.792677164077759
92 3.798027753829956
92 3.8041765689849854
92 3.809502124786377
92 3.8157219886779785
92 3.8216917514801025
92 3.82798433303833
92 3.8341453075408936
92 3.839454174041748
92 3.8454413414001465
92 3.8572282791137695
92 3.8635687828063965
92 3.8689827919006348
92 3.8760194778442383
92 3.8823935985565186
92 3.8876380920410156
92 3.8938140869140625
92 3.8992295265197754
92 3.905269145965576
92 3.9102935791015625
92 3.9163241386413574
92 3.922492504119873
92 3.9290008544921875
92 3.9352455139160156
92 3.940265655517578
92 3.946453094482422
92 3.952643394470215
92 3.957852602005005
92 3.9640843868255615
92 3.969353437423706
92 3.9753451347351074
92 3.9823927879333496
92 3.987647294998169
92 3.993992567062378
92 3.9993109703063965
92 4.0053253173828125
92 4.010360240936279
92 4.0163655281066895
92 4.022490978240967
92 4.028640508651733
92 4.034717559814453
92 4.039979457855225
92 4.045980930328369
92 4.05231237411499
92 4.0575947761535645
92 4.063607454299927
92 4.068996906280518
92 4.075169086456299
92 4.082111358642578
92 4.087436676025391
92 4.09334397315979
92 4.09853720664978
92 4.104500770568848
92 4.10978102684021
92 4.115981578826904
92 4.122206926345825
92 4.127498626708984
92 4.134498834609985
92 4.139737844467163
92 4.145787000656128
92 4.151812553405762
92 4.157459497451782
92 4.163407802581787
92 4.168596267700195
92 4.175143718719482
92 4.181880950927734
92 4.187383651733398
92 4.193371534347534
92 4.198557138442993
92 4.204971790313721
92 4.210052013397217
92 4.2160820960998535
92 4.222307205200195
92 4.22756552696228
92 4.234606981277466
92 4.239933729171753
92 4.245932579040527
92 4.256379127502441
92 4.263945579528809
92 4.269246816635132
92 4.275461912155151
92 4.282332897186279
92 4.287614345550537
92 4.293993949890137
92 4.2993004322052
92 4.30530858039856
92 4.310306072235107
92 4.316323757171631
92 4.3224451541900635
92 4.327685832977295
92 4.335092782974243
92 4.340123891830444
92 4.346149921417236
92 4.3524603843688965
92 4.35770058631897
92 4.363814353942871
92 4.369128942489624
92 4.375131845474243
92 4.380156755447388
92 4.387316942214966
92 4.393305540084839
92 4.3984715938568115
92 4.40446400642395
92 4.40970516204834
92 4.415853261947632
92 4.421810150146484
92 4.427299499511719
92 4.434183359146118
92 4.4395506381988525
92 4.445555925369263
92 4.451449871063232
92 4.456528186798096
92 4.463240146636963
92 4.468436002731323
92 4.474500417709351
92 4.479740381240845
92 4.486478805541992
92 4.494393825531006
92 4.499663591384888
92 4.50614070892334
92 4.5122926235198975
92 4.5175769329071045
92 4.523554801940918
92 4.529407262802124
92 4.5361645221710205
92 4.542403221130371
92 4.547621488571167
92 4.553605794906616
92 4.5589892864227295
92 4.564966440200806
92 4.570012092590332
92 4.5760345458984375
92 4.582210063934326
92 4.588467121124268
92 4.594681262969971
92 4.599934816360474
92 4.605923175811768
92 4.612084150314331
92 4.617383718490601
92 4.623369455337524
92 4.62855863571167
92 4.634521484375
92 4.6414430141448975
92 4.646522760391235
92 4.6584436893463135
92 4.664602518081665
92 4.669836044311523
92 4.675989866256714
92 4.682318210601807
92 4.688474655151367
92 4.694442272186279
92 4.6996660232543945
92 4.705689191818237
92 4.711636304855347
92 4.720366477966309
92 4.726527452468872
92 4.732659101486206
92 4.739104270935059
92 4.745095252990723
92 4.750153541564941
92 4.756148338317871
92 4.762303352355957
92 4.7675652503967285
92 4.773862600326538
92 4.7792017459869385
92 4.78517484664917
92 4.792678594589233
92 4.798092365264893
92 4.804227352142334
92 4.809528827667236
92 4.815550804138184
92 4.821475505828857
92 4.826557397842407
92 4.83317232131958
92 4.8383872509002686
92 4.845269441604614
92 4.850281476974487
92 4.856447696685791
92 4.862550258636475
92 4.867779970169067
92 4.874070405960083
92 4.879347562789917
92 4.885359048843384
92 4.892431974411011
92 4.897689342498779
92 4.90381646156311
92 4.909111022949219
92 4.915138006210327
92 4.920160531997681
92 4.9261486530303955
92 4.932352781295776
92 4.937584400177002
92 4.944555282592773
92 4.949805498123169
92 4.955996751785278
92 4.962179183959961
92 4.967432975769043
92 4.973471164703369
92 4.978641033172607
92 4.984992504119873
92 4.990035772323608
92 4.997258424758911
92 5.003299236297607
92 5.008451461791992
92 5.014646768569946
92 5.019871711730957
92 5.025854587554932
92 5.0318381786346436
92 5.037290334701538
92 5.044232130050659
92 5.0495147705078125
92 5.061748504638672
92 5.067352533340454
92 5.073643445968628
92 5.079046249389648
92 5.087749719619751
92 5.09468936920166
92 5.099964141845703
92 5.105932235717773
92 5.1123206615448
92 5.117578029632568
92 5.123536109924316
92 5.128691673278809
92 5.135100603103638
92 5.140125036239624
92 5.1473307609558105
92 5.153346061706543
92 5.15858793258667
92 5.164575099945068
92 5.169831991195679
92 5.175852060317993
92 5.181823253631592
92 5.187300682067871
92 5.19345498085022
92 5.199668645858765
92 5.205697536468506
92 5.211630344390869
92 5.217288017272949
92 5.223302125930786
92 5.228472471237183
92 5.234450578689575
92 5.239680528640747
92 5.24670934677124
92 5.253199338912964
92 5.259424209594727
92 5.265490293502808
92 5.270998239517212
92 5.2764341831207275
92 5.282533407211304
92 5.287762641906738
92 5.293995380401611
92 5.300087928771973
92 5.306056022644043
92 5.312369346618652
92 5.31760573387146
92 5.323556900024414
92 5.3287153244018555
92 5.3347008228302
92 5.339926719665527
92 5.345929384231567
92 5.35306978225708
92 5.358287334442139
92 5.364252328872681
92 5.369518041610718
92 5.375677824020386
92 5.381601333618164
92 5.387028932571411
92 5.393035888671875
92 5.399289846420288
92 5.405303478240967
92 5.410375118255615
92 5.4163806438446045
92 5.422470331192017
92 5.427696704864502
92 5.434072017669678
92 5.439382076263428
92 5.445368528366089
92 5.452241659164429
92 5.464071035385132
92 5.4693522453308105
92 5.47549295425415
92 5.481422185897827
92 5.4870264530181885
92 5.493221282958984
92 5.498418092727661
92 5.505464792251587
92 5.5109922885894775
92 5.516438007354736
92 5.522534132003784
92 5.527766942977905
92 5.534506320953369
92 5.5397326946258545
92 5.5459144115448
92 5.5533459186553955
92 5.558523416519165
92 5.5646257400512695
92 5.569859266281128
92 5.575841188430786
92 5.581794738769531
92 5.587263107299805
92 5.5932581424713135
92 5.598469972610474
92 5.605478286743164
92 5.611010551452637
92 5.616570234298706
92 5.622729539871216
92 5.628094673156738
92 5.6343629360198975
92 5.639637231826782
92 5.645668268203735
92 5.652414798736572
92 5.657687425613403
92 5.663798809051514
92 5.669208526611328
92 5.675456762313843
92 5.680434226989746
92 5.686473369598389
92 5.6926109790802
92 5.6978559494018555
92 5.704999685287476
92 5.710031509399414
92 5.716063022613525
92 5.722230911254883
92 5.7275097370147705
92 5.733751535415649
92 5.739088535308838
92 5.74512505531311
92 5.750146865844727
92 5.757325649261475
92 5.76350998878479
92 5.768676996231079
92 5.774684190750122
92 5.779904842376709
92 5.785898208618164
92 5.7931389808654785
92 5.798346996307373
92 5.805400848388672
92 5.810421943664551
92 5.816423177719116
92 5.82251238822937
92 5.8277411460876465
92 5.8339684009552
92 5.839235305786133
92 5.845243453979492
92 5.850356101989746
92 5.870409250259399
92 5.876558542251587
92 5.883175611495972
92 5.888375759124756
92 5.894561529159546
92 5.89980936050415
92 5.907024145126343
92 5.913247346878052
92 5.918434381484985
92 5.924465894699097
92 5.929710626602173
92 5.935784101486206
92 5.941769361495972
92 5.9472644329071045
92 5.953268766403198
92 5.959467887878418
92 5.965457916259766
92 5.970433473587036
92 5.976577997207642
92 5.982986211776733
92 5.988260984420776
92 5.9942920207977295
92 5.999575853347778
92 6.00558066368103
92 6.012446165084839
92 6.017668724060059
92 6.024027347564697
92 6.0293049812316895
92 6.035473346710205
92 6.040997266769409
92 6.046440601348877
92 6.052608489990234
92 6.059078216552734
92 6.065115928649902
92 6.070137023925781
92 6.076161861419678
92 6.082313060760498
92 6.0875513553619385
92 6.0937535762786865
92 6.099072217941284
92 6.105031728744507
92 6.1118104457855225
92 6.1173131465911865
92 6.123365640640259
92 6.128538370132446
92 6.134499788284302
92 6.139746427536011
92 6.145780801773071
92 6.151734828948975
92 6.157372236251831
92 6.1643476486206055
92 6.169633865356445
92 6.1756556034088135
92 6.181593894958496
92 6.187052965164185
92 6.19309663772583
92 6.198342561721802
92 6.204347372055054
92 6.209606409072876
92 6.216448545455933
92 6.222715616226196
92 6.228076219558716
92 6.2342023849487305
92 6.239513158798218
92 6.245467662811279
92 6.2510082721710205
92 6.278029203414917
92 6.292506217956543
92 6.303466081619263
92 6.315659046173096
92 6.327412366867065
92 6.338435888290405
92 6.350324869155884
92 6.365182638168335
92 6.374548435211182
92 6.386547803878784
92 6.395270109176636
92 6.400288105010986
92 6.406301021575928
92 6.412599086761475
92 6.417969226837158
92 6.424093723297119
92 6.42939019203186
92 6.442700147628784
92 6.453991651535034
92 6.463282823562622
92 6.469110012054443
92 6.475104093551636
92 6.480145454406738
92 6.486169815063477
92 6.493316650390625
92 6.498521566390991
92 6.504461288452148
92 6.509705543518066
92 6.515876770019531
92 6.52185583114624
92 6.527362823486328
92 6.533358097076416
92 6.5385425090789795
92 6.545675039291382
92 6.5516204833984375
92 6.557179689407349
92 6.563209533691406
92 6.56842565536499
92 6.574591398239136
92 6.579840183258057
92 6.585854768753052
92 6.592611789703369
92 6.597998380661011
92 6.6041200160980225
92 6.609546899795532
92 6.615583896636963
92 6.621493816375732
92 6.626568794250488
92 6.633168697357178
92 6.638395071029663
92 6.645345449447632
92 6.650366306304932
92 6.663103103637695
92 6.668424606323242
92 6.674626588821411
92 6.679851293563843
92 6.686047792434692
92 6.692455291748047
92 6.698631048202515
92 6.704589605331421
92 6.709833145141602
92 6.715882062911987
92 6.721885681152344
92 6.727369546890259
92 6.73331618309021
92 6.738513231277466
92 6.745481014251709
92 6.751018762588501
92 6.757066488265991
92 6.763030290603638
92 6.768265724182129
92 6.774316787719727
92 6.77954626083374
92 6.785584211349487
92 6.792395830154419
92 6.798561334609985
92 6.8047144412994385
92 6.809977293014526
92 6.816145181655884
92 6.822296619415283
92 6.827559471130371
92 6.833551645278931
92 6.838732004165649
92 6.845573663711548
92 6.851573705673218
92 6.857043504714966
92 6.863076210021973
92 6.8683061599731445
92 6.8744988441467285
92 6.879748344421387
92 6.885775327682495
92 6.891730070114136
92 6.89808988571167
92 6.9042065143585205
92 6.909528732299805
92 6.915691614151001
92 6.921617746353149
92 6.927099227905273
92 6.933382987976074
92 6.93854022026062
92 6.944478988647461
92 6.951412916183472
92 6.95652961730957
92 6.96265435218811
92 6.967878818511963
92 6.974183082580566
92 6.979454517364502
92 6.9854631423950195
92 6.990973234176636
92 6.997667074203491
92 7.0039544105529785
92 7.009235143661499
92 7.015269756317139
92 7.020261764526367
92 7.026257038116455
92 7.0323851108551025
92 7.037626504898071
92 7.043619871139526
92 7.049755573272705
92 7.055923223495483
92 7.067832946777344
92 7.07417368888855
92 7.079426050186157
92 7.085542917251587
92 7.091387987136841
92 7.096582412719727
92 7.103831052780151
92 7.109128952026367
92 7.115276336669922
92 7.120267391204834
92 7.126230478286743
92 7.132333755493164
92 7.137545108795166
92 7.147058486938477
92 7.1540796756744385
92 7.159341335296631
92 7.165327072143555
92 7.170296669006348
92 7.176456451416016
92 7.182559490203857
92 7.187792778015137
92 7.194164276123047
92 7.199467420578003
92 7.206252574920654
92 7.212440013885498
92 7.21765923500061
92 7.223643779754639
92 7.229072093963623
92 7.235242605209351
92 7.240239381790161
92 7.246281862258911
92 7.253261566162109
92 7.258438348770142
92 7.264460563659668
92 7.269705295562744
92 7.275684356689453
92 7.281562805175781
92 7.286680698394775
92 7.294717788696289
92 7.300961256027222
92 7.307565927505493
92 7.313525676727295
92 7.31933069229126
92 7.325473785400391
92 7.330986261367798
92 7.3364479541778564
92 7.342576742172241
92 7.347837448120117
92 7.355205535888672
92 7.360225200653076
92 7.366203308105469
92 7.372300148010254
92 7.377562999725342
92 7.383528709411621
92 7.388674259185791
92 7.394667148590088
92 7.399878263473511
92 7.407060623168945
92 7.413240194320679
92 7.418431758880615
92 7.424471139907837
92 7.429686784744263
92 7.435731410980225
92 7.441613674163818
92 7.447035312652588
92 7.453192472457886
92 7.464463949203491
92 7.472576141357422
92 7.477815628051758
92 7.4842002391815186
92 7.489521741867065
92 7.495594263076782
92 7.501529693603516
92 7.507698059082031
92 7.513779401779175
92 7.519118309020996
92 7.525107145309448
92 7.530092000961304
92 7.536234140396118
92 7.542349576950073
92 7.547584295272827
92 7.553486108779907
92 7.559689283370972
92 7.56569242477417
92 7.571612119674683
92 7.577075242996216
92 7.5832860469818115
92 7.588462829589844
92 7.594533205032349
92 7.599734544754028
92 7.605777025222778
92 7.612702131271362
92 7.618002653121948
92 7.624133110046387
92 7.629370212554932
92 7.635343313217163
92 7.640346527099609
92 7.646305561065674
92 7.652555465698242
92 7.658984661102295
92 7.665024518966675
92 7.670039892196655
92 7.67601466178894
92 7.682154655456543
92 7.687424182891846
92 7.6934168338775635
92 7.698582172393799
92 7.704540014266968
92 7.711485385894775
92 7.717174768447876
92 7.723210096359253
92 7.728391647338867
92 7.734313011169434
92 7.739546060562134
92 7.74550199508667
92 7.751014947891235
92 7.756431579589844
92 7.763545989990234
92 7.7686731815338135
92 7.7750303745269775
92 7.780102729797363
92 7.78604531288147
92 7.793112277984619
92 7.798301696777344
92 7.804279804229736
92 7.8102641105651855
92 7.816253423690796
92 7.822306394577026
92 7.8275346755981445
92 7.8337907791137695
92 7.839105606079102
92 7.845253944396973
92 7.850269079208374
92 7.856269836425781
92 7.869155168533325
92 7.8752946853637695
92 7.880257844924927
92 7.886394500732422
92 7.893033504486084
92 7.898259162902832
92 7.904304504394531
92 7.909538984298706
92 7.9161696434021
92 7.922314167022705
92 7.927568435668945
92 7.93355131149292
92 7.938671350479126
92 7.9446120262146
92 7.949863433837891
92 7.956011533737183
92 7.963041067123413
92 7.968282699584961
92 7.974455118179321
92 7.979684591293335
92 7.985671520233154
92 7.991605043411255
92 7.997090816497803
92 8.003073692321777
92 8.008261442184448
92 8.015336036682129
92 8.020313739776611
92 8.026284456253052
92 8.032469034194946
92 8.037654399871826
92 8.043635845184326
92 8.049029111862183
92 8.055021047592163
92 8.060059309005737
92 8.06726622581482
92 8.07342791557312
92 8.078590869903564
92 8.084564447402954
92 8.089814901351929
92 8.095852375030518
92 8.101806402206421
92 8.107400894165039
92 8.113369941711426
92 8.11957335472107
92 8.125549077987671
92 8.131456136703491
92 8.137084484100342
92 8.143081188201904
92 8.148310661315918
92 8.154242992401123
92 8.15952754020691
92 8.166130304336548
92 8.172302961349487
92 8.17759084701538
92 8.183505296707153
92 8.188648700714111
92 8.195008993148804
92 8.200039863586426
92 8.206028461456299
92 8.212174654006958
92 8.218429803848267
92 8.22436237335205
92 8.22957968711853
92 8.235741376876831
92 8.24168086051941
92 8.247123956680298
92 8.253313541412354
92 8.270117998123169
92 8.276281833648682
92 8.282578706741333
92 8.28785514831543
92 8.294221878051758
92 8.299484729766846
92 8.305426597595215
92 8.310384511947632
92 8.316532611846924
92 8.323567152023315
92 8.328717708587646
92 8.336342096328735
92 8.342474222183228
92 8.34766435623169
92 8.353814363479614
92 8.359569311141968
92 8.365696668624878
92 8.373824834823608
92 8.379212379455566
92 8.386094093322754
92 8.392431497573853
92 8.398289203643799
92 8.404284954071045
92 8.40954852104187
92 8.415536880493164
92 8.422338485717773
92 8.42758846282959
92 8.433775663375854
92 8.439094543457031
92 8.445087909698486
92 8.450104236602783
92 8.456095695495605
92 8.462250709533691
92 8.4674551486969
92 8.474270820617676
92 8.479524850845337
92 8.485525369644165
92 8.491043329238892
92 8.49704098701477
92 8.503061056137085
92 8.508213996887207
92 8.514256954193115
92 8.520277500152588
92 8.526281595230103
92 8.532435894012451
92 8.537629127502441
92 8.543781280517578
92 8.549073219299316
92 8.555227279663086
92 8.560194253921509
92 8.56618618965149
92 8.57336711883545
92 8.578505516052246
92 8.584434986114502
92 8.589670896530151
92 8.595682859420776
92 8.601633310317993
92 8.607068538665771
92 8.613237857818604
92 8.61843204498291
92 8.625429391860962
92 8.630434036254883
92 8.636412858963013
92 8.64249849319458
92 8.647690534591675
92 8.653773307800293
92 8.659107208251953
92 8.670398950576782
92 8.677629470825195
92 8.68397569656372
92 8.689357995986938
92 8.695495128631592
92 8.701027393341064
92 8.706455707550049
92 8.712621212005615
92 8.717870235443115
92 8.724968671798706
92 8.730022430419922
92 8.7361581325531
92 8.742321014404297
92 8.747570991516113
92 8.753803968429565
92 8.75920295715332
92 8.765236616134644
92 8.770275354385376
92 8.77747368812561
92 8.783459901809692
92 8.788627624511719
92 8.795680284500122
92 8.801594018936157
92 8.80708384513855
92 8.81308627128601
92 8.818289995193481
92 8.825287103652954
92 8.830336809158325
92 8.83629059791565
92 8.842496395111084
92 8.847721576690674
92 8.854100942611694
92 8.859373331069946
92 8.865355491638184
92 8.870354175567627
92 8.8773934841156
92 8.883569478988647
92 8.888732433319092
92 8.894717931747437
92 8.899935960769653
92 8.905882835388184
92 8.912230014801025
92 8.91753101348877
92 8.923521518707275
92 8.929702520370483
92 8.935744285583496
92 8.941705703735352
92 8.947153329849243
92 8.953211545944214
92 8.958417415618896
92 8.964414119720459
92 8.969679832458496
92 8.975847482681274
92 8.983124256134033
92 8.988434553146362
92 8.994412660598755
92 8.999675750732422
92 9.005683422088623
92 9.011584520339966
92 9.017209529876709
92 9.02319598197937
92 9.029345989227295
92 9.035489082336426
92 9.040976285934448
92 9.046417713165283
92 9.052597761154175
92 9.057838201522827
92 9.068510293960571
92 9.075593709945679
92 9.082652807235718
92 9.087862014770508
92 9.094313144683838
92 9.099539518356323
92 9.105538606643677
92 9.111443281173706
92 9.1165030002594
92 9.122623682022095
92 9.12782597541809
92 9.134706735610962
92 9.139930486679077
92 9.146055459976196
92 9.152350902557373
92 9.157567262649536
92 9.16352367401123
92 9.16867971420288
92 9.174646854400635
92 9.181506156921387
92 9.186557531356812
92 9.192713260650635
92 9.198078393936157
92 9.204206943511963
92 9.209490060806274
92 9.215750455856323
92 9.221632242202759
92 9.22708249092102
92 9.234042644500732
92 9.239323616027832
92 9.245288610458374
92 9.250247716903687
92 9.256261110305786
92 9.262503623962402
92 9.267693996429443
92 9.274023532867432
92 9.279324293136597
92 9.286124467849731
92 9.292553663253784
92 9.297772645950317
92 9.303963661193848
92 9.309228897094727
92 9.315269708633423
92 9.32026219367981
92 9.32625937461853
92 9.33338475227356
92 9.338551998138428
92 9.34453296661377
92 9.34976053237915
92 9.403807878494263
92 9.409096240997314
92 9.415108442306519
92 9.420115947723389
92 9.426081418991089
92 9.432297229766846
92 9.438502788543701
92 9.44446349143982
92 9.44969654083252
92 9.455896615982056
92 9.461879968643188
92 9.474005699157715
92 9.479344367980957
92 9.48621654510498
92 9.492528915405273
92 9.497738122940063
92 9.503944635391235
92 9.50923776626587
92 9.515362024307251
92 9.52036166191101
92 9.52628493309021
92 9.532587766647339
92 9.54266619682312
92 9.54799222946167
92 9.554115295410156
92 9.55936598777771
92 9.565340995788574
92 9.570416688919067
92 9.57655143737793
92 9.582672119140625
92 9.58916687965393
92 9.595167398452759
92 9.60020136833191
92 9.606205463409424
92 9.612275123596191
92 9.617511749267578
92 9.623411178588867
92 9.628580808639526
92 9.634704351425171
92 9.641679763793945
92 9.647088766098022
92 9.653112173080444
92 9.658314228057861
92 9.664478540420532
92 9.66970443725586
92 9.67570447921753
92 9.68160605430603
92 9.687761783599854
92 9.69425654411316
92 9.699537754058838
92 9.70552659034729
92 9.71143627166748
92 9.716529369354248
92 9.72267770767212
92 9.727998495101929
92 9.734140872955322
92 9.740175008773804
92 9.74623417854309
92 9.752581119537354
92 9.757801055908203
92 9.76401424407959
92 9.769320726394653
92 9.775286436080933
92 9.780283212661743
92 9.786283493041992
92 9.794435977935791
92 9.79968547821045
92 9.805682897567749
92 9.811563730239868
92 9.817221879959106
92 9.823204278945923
92 9.82841944694519
92 9.834352493286133
92 9.840309858322144
92 9.846321105957031
92 9.852452993392944
92 9.85770869255066
92 9.863804817199707
92 9.875492334365845
92 9.88104248046875
92 9.886707067489624
92 9.894112825393677
92 9.899365901947021
92 9.90527892112732
92 9.910308122634888
92 9.916292667388916
92 9.922651052474976
92 9.927867889404297
92 9.934240579605103
92 9.939558982849121
92 9.946269273757935
92 9.952413558959961
92 9.957598447799683
92 9.963544607162476
92 9.968717575073242
92 9.974726438522339
92 9.979922533035278
92 9.985862731933594
92 9.991793632507324
92 9.998310327529907
92 10.004300117492676
92 10.009556770324707
92 10.015535831451416
92 10.021424770355225
92 10.026548385620117
92 10.032695293426514
92 10.038034200668335
92 10.04513931274414
92 10.05016827583313
92 10.056428909301758
92 10.062527179718018
92 10.067841529846191
92 10.074227094650269
92 10.07950210571289
92 10.085496664047241
92 10.090994834899902
92 10.097632884979248
92 10.103856086730957
92 10.109179258346558
92 10.115336894989014
92 10.120298862457275
92 10.126293659210205
92 10.132418870925903
92 10.137623310089111
92 10.143950462341309
92 10.149877309799194
92 10.155863761901855
92 10.161813020706177
92 10.167282581329346
92 10.173466920852661
92 10.178592205047607
92 10.184553146362305
92 10.189788579940796
92 10.196707248687744
92 10.203062295913696
92 10.208269357681274
92 10.214242696762085
92 10.219505548477173
92 10.225471019744873
92 10.231040000915527
92 10.23673391342163
92 10.243041515350342
92 10.249271392822266
92 10.25545048713684
92 10.260948657989502
92 10.273301124572754
92 10.287391185760498
92 10.293809652328491
92 10.29985785484314
92 10.30643606185913
92 10.312560796737671
92 10.330395221710205
92 10.353840112686157
92 10.364343404769897
92 10.369631290435791
92 10.375699758529663
92 10.381639242172241
92 10.387575387954712
92 10.393538475036621
92 10.399679183959961
92 10.40758752822876
92 10.423238754272461
92 10.429224491119385
92 10.435243844985962
92 10.440245866775513
92 10.446274995803833
92 10.454002380371094
92 10.459314346313477
92 10.4653000831604
92 10.470288276672363
92 10.47641658782959
92 10.48260235786438
92 10.489908933639526
92 10.49606966972351
92 10.503215312957764
92 10.509037971496582
92 10.515082120895386
92 10.520066976547241
92 10.5260488986969
92 10.532339096069336
92 10.537579774856567
92 10.543559074401855
92 10.548683643341064
92 10.555497646331787
92 10.561026811599731
92 10.5664644241333
92 10.572591781616211
92 10.577800989151001
92 10.58398723602295
92 10.589249610900879
92 10.595418691635132
92 10.60041356086731
92 10.607536554336548
92 10.613495111465454
92 10.618649959564209
92 10.62460470199585
92 10.629884004592896
92 10.635852575302124
92 10.641783714294434
92 10.647233009338379
92 10.654292583465576
92 10.659552574157715
92 10.665536165237427
92 10.67731785774231
92 10.683483123779297
92 10.688601732254028
92 10.694953918457031
92 10.699952840805054
92 10.707343816757202
92 10.713511943817139
92 10.71867322921753
92 10.724612712860107
92 10.729828596115112
92 10.735848188400269
92 10.741831541061401
92 10.747299909591675
92 10.753292083740234
92 10.759501218795776
92 10.765458345413208
92 10.771008253097534
92 10.776579856872559
92 10.782721042633057
92 10.788097143173218
92 10.795135498046875
92 10.800165176391602
92 10.807250738143921
92 10.81324553489685
92 10.818427324295044
92 10.824527978897095
92 10.829739809036255
92 10.83591103553772
92 10.841850996017456
92 10.847309112548828
92 10.85332727432251
92 10.859537124633789
92 10.865514516830444
92 10.871031522750854
92 10.876461744308472
92 10.882584571838379
92 10.887833595275879
92 10.894197702407837
92 10.899466514587402
92 10.905442953109741
92 10.912369012832642
92 10.917586326599121
92 10.923538208007812
92 10.928666114807129
92 10.93459963798523
92 10.939876317977905
92 10.945863246917725
92 10.951799869537354
92 10.958377122879028
92 10.964336395263672
92 10.969581604003906
92 10.975584268569946
92 10.981467723846436
92 10.986563205718994
92 10.992952346801758
92 10.99808669090271
92 11.004170417785645
92 11.01023006439209
92 11.016387701034546
92 11.022486925125122
92 11.027734756469727
92 11.033869981765747
92 11.039201021194458
92 11.045179605484009
92 11.050174236297607
92 11.056167125701904
92 11.063269138336182
92 11.073640823364258
92 11.080419540405273
92 11.095712900161743
92 11.101653099060059
92 11.107295036315918
92 11.115064859390259
92 11.12011170387268
92 11.12606406211853
92 11.13235354423523
92 11.138595819473267
92 11.144601106643677
92 11.149841070175171
92 11.155853033065796
92 11.163421392440796
92 11.168564319610596
92 11.176452398300171
92 11.182543992996216
92 11.18773865699768
92 11.194471597671509
92 11.199717044830322
92 11.205753564834595
92 11.212663412094116
92 11.218002080917358
92 11.224112510681152
92 11.229409456253052
92 11.235370397567749
92 11.240370035171509
92 11.246342897415161
92 11.252618074417114
92 11.26743483543396
92 11.279505729675293
92 11.291759729385376
92 11.303566694259644
92 11.315934181213379
92 11.326200485229492
92 11.338069915771484
92 11.353278875350952
92 11.365464448928833
92 11.37621021270752
92 11.383603572845459
92 11.388965368270874
92 11.394728899002075
92 11.4000084400177
92 11.405947208404541
92 11.412123918533325
92 11.417431592941284
92 11.429197549819946
92 11.438521146774292
92 11.450317621231079
92 11.457197427749634
92 11.463216304779053
92 11.46842074394226
92 11.481805801391602
92 11.487413883209229
92 11.493529319763184
92 11.498672485351562
92 11.5051429271698
92 11.510170459747314
92 11.516157150268555
92 11.522266626358032
92 11.52748727798462
92 11.534449338912964
92 11.539722919464111
92 11.54568886756897
92 11.551629066467285
92 11.557090044021606
92 11.56332778930664
92 11.568496465682983
92 11.574440956115723
92 11.579716205596924
92 11.586426734924316
92 11.59260606765747
92 11.597839593887329
92 11.604268312454224
92 11.609550476074219
92 11.615562915802002
92 11.621458530426025
92 11.62712812423706
92 11.634112358093262
92 11.639400005340576
92 11.645379781723022
92 11.650412321090698
92 11.656400680541992
92 11.662601709365845
92 11.66786003112793
92 11.674092292785645
92 11.679402112960815
92 11.68626880645752
92 11.692412614822388
92 11.697638750076294
92 11.703648805618286
92 11.709097623825073
92 11.715116739273071
92 11.72016453742981
92 11.72617769241333
92 11.732473850250244
92 11.738676071166992
92 11.745091438293457
92 11.750111103057861
92 11.756120681762695
92 11.762308359146118
92 11.767576456069946
92 11.77354121208191
92 11.778696298599243
92 11.785637378692627
92 11.792436599731445
92 11.797687768936157
92 11.804048299789429
92 11.809354305267334
92 11.815348148345947
92 11.820365190505981
92 11.826379299163818
92 11.832531452178955
92 11.838958740234375
92 11.844695568084717
92 11.84995436668396
92 11.855907917022705
92 11.86188530921936
92 11.867539167404175
92 11.87866759300232
92 11.884995698928833
92 11.891749620437622
92 11.897367000579834
92 11.903502702713013
92 11.917649984359741
92 11.924005270004272
92 11.929249286651611
92 11.935755968093872
92 11.942615747451782
92 11.947844982147217
92 11.954070806503296
92 11.95976209640503
92 11.96925663948059
92 11.975261926651001
92 11.980277299880981
92 11.989721059799194
92 11.995895147323608
92 12.002089500427246
92 12.007770776748657
92 12.014010190963745
92 12.019289493560791
92 12.025308847427368
92 12.030342102050781
92 12.036290407180786
92 12.052361726760864
92 12.058336734771729
92 12.072293519973755
92 12.078260660171509
92 12.103304386138916
92 12.124504566192627
92 12.170292377471924
92 12.198613405227661
92 12.219260931015015
92 12.230195999145508
92 12.236295938491821
92 12.253399848937988
92 12.258578777313232
92 12.264634847640991
92 12.26998233795166
92 12.31017518043518
92 12.32587456703186
92 12.334367275238037
92 12.339597225189209
92 12.346565961837769
92 12.357094287872314
92 12.368552684783936
92 12.38545560836792
92 12.403655290603638
92 12.419358491897583
92 12.434629917144775
92 12.468547105789185
92 12.47950553894043
92 12.495168447494507
92 12.502493858337402
92 12.507732391357422
92 12.514140367507935
92 12.519829034805298
92 12.525993347167969
92 12.532170057296753
92 12.537463188171387
92 12.54343843460083
92 12.552458047866821
92 12.557663202285767
92 12.563623905181885
92 12.56950569152832
92 12.575485944747925
92 12.5809907913208
92 12.586681127548218
92 12.592975854873657
92 12.598127603530884
92 12.60516905784607
92 12.610197305679321
92 12.616199016571045
92 12.622376441955566
92 12.627623081207275
92 12.633618831634521
92 12.639003992080688
92 12.645217657089233
92 12.652137041091919
92 12.657409906387329
92 12.663355588912964
92 12.668552875518799
92 12.679407358169556
92 12.686323165893555
92 12.692627191543579
92 12.698022603988647
92 12.705381631851196
92 12.710402488708496
92 12.716414451599121
92 12.722594738006592
92 12.72779393196106
92 12.734025716781616
92 12.739288806915283
92 12.745278358459473
92 12.750283479690552
92 12.7573823928833
92 12.763574123382568
92 12.76872730255127
92 12.775111436843872
92 12.780130863189697
92 12.786135911941528
92 12.793150424957275
92 12.798359632492065
92 12.805277109146118
92 12.810281991958618
92 12.816300868988037
92 12.822615385055542
92 12.827847242355347
92 12.834058046340942
92 12.839352130889893
92 12.84529709815979
92 12.850309371948242
92 12.85745882987976
92 12.863433599472046
92 12.868594646453857
92 12.874564170837402
92 12.87982988357544
92 12.886033535003662
92 12.893841981887817
92 12.904417037963867
92 12.909725189208984
92 12.91574239730835
92 12.921695709228516
92 12.927141427993774
92 12.933201551437378
92 12.93839716911316
92 12.944499731063843
92 12.949739456176758
92 12.95646858215332
92 12.962583303451538
92 12.967879295349121
92 12.97410273551941
92 12.979350566864014
92 12.98530626296997
92 12.9903085231781
92 12.99628758430481
92 13.00572919845581
