0 0.008121967315673828
0 0.0192868709564209
0 0.025712966918945312
1 0.03147602081298828
2 0.03660726547241211
2 0.042717695236206055
3 0.04786109924316406
6 0.05611562728881836
7 0.06314802169799805
8 0.06834626197814941
12 0.08181333541870117
16 0.087371826171875
18 0.09353327751159668
21 0.09861016273498535
24 0.1046440601348877
27 0.11051082611083984
30 0.11663150787353516
32 0.12310051918029785
36 0.1281890869140625
38 0.1343064308166504
40 0.13956308364868164
43 0.14551854133605957
46 0.15051054954528809
48 0.15647602081298828
50 0.1636662483215332
52 0.16878175735473633
54 0.17524313926696777
56 0.18025684356689453
58 0.1862170696258545
59 0.1923520565032959
60 0.19756579399108887
62 0.2035222053527832
64 0.20866107940673828
65 0.2156820297241211
66 0.22156262397766113
68 0.22658562660217285
68 0.23315644264221191
70 0.23835301399230957
70 0.24451875686645508
71 0.24969911575317383
72 0.25569868087768555
73 0.2625260353088379
74 0.2677576541900635
75 0.2738621234893799
76 0.2791626453399658
76 0.2850813865661621
77 0.29007887840270996
78 0.2963395118713379
78 0.3024556636810303
78 0.3076655864715576
80 0.3144822120666504
80 0.3197042942047119
80 0.32571935653686523
82 0.3315422534942627
82 0.33658862113952637
83 0.34267663955688477
84 0.3478984832763672
84 0.35428571701049805
85 0.3595571517944336
86 0.36629176139831543
86 0.37255430221557617
86 0.37775278091430664
86 0.38372182846069336
86 0.38904666900634766
86 0.39475011825561523
87 0.39990901947021484
88 0.406036376953125
88 0.41239428520202637
88 0.41860079765319824
88 0.4245443344116211
88 0.4297358989715576
88 0.4357004165649414
88 0.44156336784362793
89 0.4466097354888916
89 0.4527716636657715
90 0.45818090438842773
90 0.4660365581512451
90 0.4774510860443115
90 0.4847831726074219
89 0.4899294376373291
89 0.49608659744262695
90 0.5024657249450684
90 0.5077042579650879
90 0.5136280059814453
90 0.5197839736938477
90 0.5257315635681152
90 0.5315494537353516
90 0.5370888710021973
90 0.5427923202514648
90 0.5481057167053223
90 0.554154634475708
90 0.5593273639678955
90 0.5652050971984863
90 0.5718574523925781
90 0.5772342681884766
90 0.5831620693206787
90 0.5881612300872803
90 0.5943307876586914
90 0.5995054244995117
90 0.6053786277770996
90 0.6103014945983887
90 0.6173434257507324
90 0.623288631439209
90 0.6283721923828125
90 0.6344399452209473
90 0.6396145820617676
90 0.6455264091491699
90 0.65047287940979
90 0.6565444469451904
90 0.6625766754150391
90 0.6687061786651611
90 0.6746020317077637
90 0.6797659397125244
90 0.6857059001922607
90 0.6915488243103027
90 0.6965653896331787
90 0.702564001083374
90 0.7077021598815918
90 0.7138330936431885
90 0.7198150157928467
90 0.7327747344970703
90 0.7379257678985596
90 0.7439467906951904
90 0.7491555213928223
90 0.7550427913665771
90 0.7601029872894287
90 0.766146183013916
90 0.7733242511749268
90 0.7784016132354736
90 0.7843306064605713
90 0.7894604206085205
90 0.7953372001647949
90 0.8002426624298096
90 0.8061313629150391
90 0.8122127056121826
90 0.8173742294311523
90 0.8241217136383057
90 0.8293159008026123
90 0.8354201316833496
90 0.8403158187866211
90 0.846245527267456
90 0.8523328304290771
90 0.8574914932250977
90 0.8633840084075928
90 0.8685014247894287
90 0.882735013961792
90 0.8878500461578369
90 0.8942775726318359
90 0.8994519710540771
90 0.9055516719818115
90 0.9104452133178711
90 0.9163234233856201
90 0.9234271049499512
90 0.9284811019897461
90 0.9344584941864014
90 0.9396140575408936
90 0.9454829692840576
90 0.9504120349884033
90 0.9564383029937744
90 0.9644286632537842
90 0.9696159362792969
90 0.9766056537628174
90 0.9826366901397705
90 0.9877421855926514
90 0.9941465854644775
90 0.9993133544921875
90 1.0051851272583008
90 1.0101091861724854
90 1.0161144733428955
90 1.0219664573669434
90 1.0282938480377197
90 1.0342681407928467
90 1.0394210815429688
90 1.045325756072998
90 1.050295114517212
90 1.0562043190002441
90 1.062371015548706
90 1.067509651184082
90 1.0744385719299316
90 1.0796465873718262
90 1.085533857345581
90 1.0904221534729004
90 1.0962915420532227
90 1.1023271083831787
90 1.1074671745300293
90 1.113337755203247
90 1.1184227466583252
90 1.1252079010009766
90 1.1302554607391357
90 1.1363022327423096
90 1.142359972000122
90 1.1475305557250977
90 1.1536071300506592
90 1.1586618423461914
90 1.1645114421844482
90 1.16963529586792
90 1.176164150238037
90 1.1822409629821777
90 1.187394618988037
90 1.1934187412261963
90 1.1984751224517822
90 1.2044153213500977
90 1.209646224975586
90 1.215514898300171
90 1.2203969955444336
90 1.2274754047393799
90 1.233388900756836
90 1.238454818725586
90 1.2443013191223145
90 1.2494330406188965
90 1.2554426193237305
90 1.260317087173462
90 1.2662088871002197
90 1.2722322940826416
90 1.2847986221313477
90 1.2899057865142822
90 1.2959566116333008
90 1.301816701889038
90 1.307342529296875
90 1.3134591579437256
90 1.318523645401001
90 1.324394702911377
90 1.3302485942840576
90 1.3361451625823975
90 1.3422191143035889
90 1.3473732471466064
90 1.3533835411071777
90 1.3584530353546143
90 1.3643760681152344
90 1.3695735931396484
90 1.3756251335144043
90 1.3824117183685303
90 1.387537956237793
90 1.3934211730957031
90 1.398559331893921
90 1.4044973850250244
90 1.4096441268920898
90 1.4156837463378906
90 1.4211180210113525
90 1.4264700412750244
90 1.4336423873901367
90 1.4386768341064453
90 1.4445655345916748
90 1.4497308731079102
90 1.4556269645690918
90 1.4623243808746338
90 1.4674885272979736
90 1.4733569622039795
90 1.478454828262329
90 1.4853332042694092
90 1.4902606010437012
90 1.4963090419769287
90 1.5023486614227295
90 1.5074772834777832
90 1.5133376121520996
90 1.5184571743011475
90 1.5243985652923584
90 1.5296070575714111
90 1.5362465381622314
90 1.5424752235412598
90 1.5476574897766113
90 1.5536689758300781
90 1.5587263107299805
90 1.564610242843628
90 1.569758415222168
90 1.5756995677947998
90 1.5824618339538574
90 1.58762788772583
90 1.5934884548187256
90 1.5985665321350098
90 1.6045472621917725
90 1.6097118854522705
90 1.6157770156860352
90 1.621565818786621
90 1.6265034675598145
90 1.6335492134094238
90 1.6386284828186035
90 1.644632339477539
90 1.6497747898101807
90 1.655712366104126
90 1.6615447998046875
90 1.6665327548980713
90 1.6727471351623535
90 1.6854498386383057
90 1.6903572082519531
90 1.6964051723480225
90 1.7025954723358154
90 1.7077367305755615
90 1.7136554718017578
90 1.7187297344207764
90 1.7246198654174805
90 1.7297821044921875
90 1.7366366386413574
90 1.7427384853363037
90 1.7478663921356201
90 1.7538836002349854
90 1.7590911388397217
90 1.764784812927246
90 1.7699086666107178
90 1.7758634090423584
90 1.7817280292510986
90 1.7878258228302002
90 1.794114112854004
90 1.799311637878418
90 1.8053982257843018
90 1.8103060722351074
90 1.8161916732788086
90 1.822242021560669
90 1.8274312019348145
90 1.8333919048309326
90 1.8395576477050781
90 1.8454368114471436
90 1.8503353595733643
90 1.8564071655273438
90 1.8624987602233887
90 1.867638349533081
90 1.8735060691833496
90 1.8785803318023682
90 1.8844656944274902
90 1.8904533386230469
90 1.8963301181793213
90 1.9023723602294922
90 1.9074933528900146
90 1.9135324954986572
90 1.9186210632324219
90 1.9244582653045654
90 1.9351632595062256
90 1.9419546127319336
90 1.9474878311157227
90 1.9535341262817383
90 1.9586079120635986
90 1.9644572734832764
90 1.969599962234497
90 1.9756450653076172
90 1.9805042743682861
90 1.9863994121551514
90 1.9933838844299316
90 1.9984612464904785
90 2.006131649017334
90 2.0122082233428955
90 2.0173797607421875
90 2.023282766342163
90 2.0299301147460938
90 2.035987615585327
90 2.0430920124053955
90 2.0486462116241455
90 2.054543972015381
90 2.0596764087677
90 2.0656964778900146
90 2.0714833736419678
90 2.083104372024536
90 2.088146209716797
90 2.0953941345214844
90 2.10029673576355
90 2.106355667114258
90 2.1124680042266846
90 2.117624044418335
90 2.123492479324341
90 2.1285510063171387
90 2.1344716548919678
90 2.1403355598449707
90 2.1462717056274414
90 2.152505874633789
90 2.1576504707336426
90 2.1635801792144775
90 2.168625831604004
90 2.17448353767395
90 2.179630756378174
90 2.185520887374878
90 2.192483425140381
90 2.197619676589966
90 2.203496217727661
90 2.2085514068603516
90 2.214548349380493
90 2.224062919616699
90 2.2292637825012207
90 2.235147476196289
90 2.2400548458099365
90 2.246595859527588
90 2.2526657581329346
90 2.257802963256836
90 2.2637107372283936
90 2.2687599658966064
90 2.27504301071167
90 2.2799806594848633
90 2.285942554473877
90 2.291780471801758
90 2.297795295715332
90 2.303694486618042
90 2.308738946914673
90 2.3145928382873535
90 2.319761037826538
90 2.325856924057007
90 2.331653356552124
90 2.337172746658325
90 2.343914031982422
90 2.3491475582122803
90 2.354796886444092
90 2.359990358352661
90 2.365870952606201
90 2.3717687129974365
90 2.3768081665039062
90 2.3827524185180664
90 2.387843132019043
90 2.395069122314453
90 2.399953842163086
90 2.405904769897461
90 2.411770820617676
90 2.4168097972869873
90 2.4227750301361084
90 2.427950143814087
90 2.43404483795166
90 2.439190626144409
90 2.4457976818084717
90 2.451671600341797
90 2.4572222232818604
90 2.4638781547546387
90 2.4691035747528076
90 2.474766731262207
90 2.486323356628418
90 2.4925107955932617
90 2.498572587966919
90 2.5046238899230957
90 2.509768009185791
90 2.5158236026763916
90 2.521644353866577
90 2.5265913009643555
90 2.532630205154419
90 2.537733316421509
90 2.543621063232422
90 2.549710273742676
90 2.5556249618530273
90 2.560490846633911
90 2.5664405822753906
90 2.5726518630981445
90 2.577760934829712
90 2.583895444869995
90 2.589111328125
90 2.594813823699951
90 2.6016578674316406
90 2.606613874435425
90 2.612654685974121
90 2.6179096698760986
90 2.624093532562256
90 2.629260540008545
90 2.6353402137756348
90 2.6402437686920166
90 2.6461849212646484
90 2.6532156467437744
90 2.6582844257354736
90 2.6642580032348633
90 2.669421911239624
90 2.675318956375122
90 2.6802468299865723
90 2.686174154281616
90 2.692389488220215
90 2.698503017425537
90 2.704519510269165
90 2.7097177505493164
90 2.7157909870147705
90 2.72163462638855
90 2.7265713214874268
90 2.732562780380249
90 2.7378244400024414
90 2.7438838481903076
90 2.7497317790985107
90 2.7558095455169678
90 2.7616279125213623
90 2.7666049003601074
90 2.7726447582244873
90 2.7777390480041504
90 2.7836039066314697
90 2.788675546646118
90 2.794550657272339
90 2.80033278465271
90 2.806267738342285
90 2.8124494552612305
90 2.8176167011260986
90 2.8235318660736084
90 2.828584671020508
90 2.834474802017212
90 2.839677333831787
90 2.8457443714141846
90 2.8525264263153076
90 2.8576693534851074
90 2.863564968109131
90 2.868622303009033
90 2.874678134918213
90 2.8864779472351074
90 2.892695426940918
90 2.897829532623291
90 2.9051496982574463
90 2.910088062286377
90 2.9160962104797363
90 2.9219729900360107
90 2.927358388900757
90 2.933572769165039
90 2.93865704536438
90 2.9445106983184814
90 2.9496867656707764
90 2.9562108516693115
90 2.962387800216675
90 2.9675703048706055
90 2.973632335662842
90 2.978680372238159
90 2.984581470489502
90 2.989764928817749
90 2.99589467048645
90 3.001768112182617
90 3.007800817489624
90 3.0137343406677246
90 3.0188019275665283
90 3.0247488021850586
90 3.0299088954925537
90 3.035815715789795
90 3.0416531562805176
90 3.048671245574951
90 3.0558042526245117
90 3.0616543292999268
90 3.067207098007202
90 3.0733118057250977
90 3.0784499645233154
90 3.0843617916107178
90 3.0896055698394775
90 3.09549880027771
90 3.1004176139831543
90 3.107682228088379
90 3.1139168739318848
90 3.119150400161743
90 3.1248042583465576
90 3.1299405097961426
90 3.135850429534912
90 3.1417293548583984
90 3.1471376419067383
90 3.1530821323394775
90 3.159219980239868
90 3.165156126022339
90 3.170088768005371
90 3.176114559173584
90 3.1821911334991455
90 3.1873650550842285
90 3.193225622177124
90 3.1982920169830322
90 3.2042438983917236
90 3.210084915161133
90 3.2159576416015625
90 3.2218332290649414
90 3.227234363555908
90 3.233367919921875
90 3.2384512424468994
90 3.24436354637146
90 3.2495386600494385
90 3.255479574203491
90 3.2623322010040283
90 3.267487049102783
90 3.273357629776001
90 3.283416271209717
90 3.2902004718780518
90 3.296342611312866
90 3.3025527000427246
90 3.3086767196655273
90 3.314703941345215
90 3.3198726177215576
90 3.325794219970703
90 3.3316898345947266
90 3.3372304439544678
90 3.3431499004364014
90 3.348177671432495
90 3.3543479442596436
90 3.36024808883667
90 3.366459369659424
90 3.372483491897583
90 3.377626419067383
90 3.3835015296936035
90 3.388575792312622
90 3.394491195678711
90 3.3996636867523193
90 3.405555009841919
90 3.4125516414642334
90 3.417691469192505
90 3.4236059188842773
90 3.428668737411499
90 3.4345502853393555
90 3.4397268295288086
90 3.4456193447113037
90 3.4505133628845215
90 3.4564337730407715
90 3.464329957962036
90 3.4695017337799072
90 3.475573778152466
90 3.4804863929748535
90 3.4864068031311035
90 3.4926812648773193
90 3.4978859424591064
90 3.503915786743164
90 3.5091865062713623
90 3.5158820152282715
90 3.5217576026916504
90 3.5270955562591553
90 3.5332257747650146
90 3.5383481979370117
90 3.5442898273468018
90 3.5494275093078613
90 3.555309295654297
90 3.5618484020233154
90 3.5672433376312256
90 3.573146104812622
90 3.5781631469726562
90 3.584210157394409
90 3.5893988609313965
90 3.595473051071167
90 3.60036039352417
90 3.606288433074951
90 3.613191604614258
90 3.61818528175354
90 3.624483108520508
90 3.629612445831299
90 3.63547945022583
90 3.640366792678833
90 3.646267890930176
90 3.6525020599365234
90 3.657644510269165
90 3.664424180984497
90 3.6696135997772217
90 3.6754870414733887
90 3.685945987701416
90 3.693178176879883
90 3.698164463043213
90 3.7043237686157227
90 3.709550619125366
90 3.71639084815979
90 3.722471237182617
90 3.7276313304901123
90 3.7335314750671387
90 3.7385733127593994
90 3.7444465160369873
90 3.7496016025543213
90 3.755647659301758
90 3.7610316276550293
90 3.767620086669922
90 3.773634195327759
90 3.778684139251709
90 3.784552574157715
90 3.7896840572357178
90 3.7956836223602295
90 3.8014752864837646
90 3.806429862976074
90 3.812479257583618
90 3.818539619445801
90 3.824472427368164
90 3.829622983932495
90 3.8356411457061768
90 3.8410544395446777
90 3.8464224338531494
90 3.85248064994812
90 3.857619524002075
90 3.863494634628296
90 3.869532823562622
90 3.8753836154937744
90 3.8803229331970215
90 3.8864030838012695
90 3.8926045894622803
90 3.8977320194244385
90 3.90358829498291
90 3.9086973667144775
90 3.914578914642334
90 3.921546697616577
90 3.930402994155884
90 3.9363770484924316
90 3.9424350261688232
90 3.9475862979888916
90 3.9536232948303223
90 3.9586832523345947
90 3.964613914489746
90 3.9767720699310303
90 3.9885642528533936
90 4.000323295593262
90 4.01369309425354
90 4.027374744415283
90 4.0394065380096436
90 4.0517189502716064
90 4.063308000564575
90 4.075562953948975
90 4.089684724807739
90 4.095781087875366
90 4.101715326309204
90 4.10723352432251
90 4.1132917404174805
90 4.11837100982666
90 4.131429672241211
90 4.1432576179504395
90 4.151807069778442
90 4.157661199569702
90 4.163542747497559
90 4.1686060428619385
90 4.174522876739502
90 4.179795503616333
90 4.185751914978027
90 4.192552328109741
90 4.197683334350586
90 4.203863143920898
90 4.209079027175903
90 4.214789390563965
90 4.220043182373047
90 4.225944995880127
90 4.231817722320557
90 4.23718523979187
90 4.244183540344238
90 4.249382257461548
90 4.255294561386108
90 4.26020359992981
90 4.266296148300171
90 4.2725443840026855
90 4.27770733833313
90 4.283616781234741
90 4.28964900970459
90 4.295743942260742
90 4.301571369171143
90 4.306544780731201
90 4.312637805938721
90 4.317777872085571
90 4.323962450027466
90 4.329240322113037
90 4.335188627243042
90 4.341790199279785
90 4.347165822982788
90 4.353087902069092
90 4.358158588409424
90 4.364206314086914
90 4.369415760040283
90 4.375330686569214
90 4.380255699157715
90 4.3863701820373535
90 4.393404960632324
90 4.3985044956207275
90 4.404564619064331
90 4.409745693206787
90 4.415689468383789
90 4.421471118927002
90 4.4264609813690186
90 4.432499647140503
90 4.437632322311401
90 4.444570064544678
90 4.449723482131958
90 4.455680847167969
90 4.462362051010132
90 4.467522859573364
90 4.473432302474976
90 4.478500843048096
90 4.489808797836304
90 4.497102975845337
90 4.503340244293213
90 4.508444786071777
90 4.514510631561279
90 4.5196852684021
90 4.525641202926636
90 4.531057834625244
90 4.536592483520508
90 4.546797513961792
90 4.55277156829834
90 4.55792498588562
90 4.564232110977173
90 4.569428205490112
90 4.575334310531616
90 4.580228567123413
90 4.586195468902588
90 4.5922465324401855
90 4.598350763320923
90 4.604288816452026
90 4.609453201293945
90 4.615358114242554
90 4.62026834487915
90 4.626392126083374
90 4.63244104385376
90 4.637596845626831
90 4.643568277359009
90 4.649718284606934
90 4.65563440322876
90 4.660513162612915
90 4.666585922241211
90 4.672658443450928
90 4.677772283554077
90 4.683917284011841
90 4.689144134521484
90 4.695090055465698
90 4.7018067836761475
90 4.707154273986816
90 4.71309757232666
90 4.71811842918396
90 4.724150896072388
90 4.729332447052002
90 4.735213756561279
90 4.740134000778198
90 4.7473273277282715
90 4.753303050994873
90 4.758446216583252
90 4.764379501342773
90 4.7695794105529785
90 4.77547550201416
90 4.780396938323975
90 4.7863428592681885
90 4.792585134506226
90 4.798714876174927
90 4.804762125015259
90 4.809892416000366
90 4.815880537033081
90 4.821722745895386
90 4.827092170715332
90 4.833033323287964
90 4.838053941726685
90 4.844095945358276
90 4.85008430480957
90 4.855962753295898
90 4.861828088760376
90 4.867359399795532
90 4.8733155727386475
90 4.878410339355469
90 4.8886003494262695
90 4.895939588546753
90 4.903128385543823
90 4.9114813804626465
90 4.916628837585449
90 4.923098564147949
90 4.939349412918091
90 4.951623439788818
90 4.959941387176514
90 4.966106176376343
90 4.97220516204834
90 4.977405548095703
90 4.98351788520813
90 4.988604307174683
90 4.994527578353882
90 5.000432968139648
90 5.006354808807373
90 5.012431383132935
90 5.017595291137695
90 5.023501396179199
90 5.028591871261597
90 5.034430265426636
90 5.039607048034668
90 5.0456836223602295
90 5.052638292312622
90 5.057778835296631
90 5.0636372566223145
90 5.06869912147522
90 5.074613809585571
90 5.0797553062438965
90 5.085724353790283
90 5.091507434844971
90 5.096511363983154
90 5.103838205337524
90 5.1090874671936035
90 5.114769697189331
90 5.119938373565674
90 5.125859975814819
90 5.131778955459595
90 5.137142658233643
90 5.143071889877319
90 5.148094415664673
90 5.155134439468384
90 5.160083293914795
90 5.166119575500488
90 5.17219352722168
90 5.177385330200195
90 5.183451414108276
90 5.1885902881622314
90 5.194463014602661
90 5.199622631072998
90 5.206290006637573
90 5.212366580963135
90 5.217517137527466
90 5.223582983016968
90 5.228637933731079
90 5.234506845474243
90 5.239672660827637
90 5.245656967163086
90 5.251094818115234
90 5.257567882537842
90 5.263479709625244
90 5.268548965454102
90 5.274482488632202
90 5.279655456542969
90 5.2899088859558105
90 5.297276735305786
90 5.30336332321167
90 5.309479713439941
90 5.3156211376190186
90 5.321079969406128
90 5.32647180557251
90 5.3324875831604
90 5.337627172470093
90 5.343668699264526
90 5.348719596862793
90 5.35461950302124
90 5.3610899448394775
90 5.366454601287842
90 5.37248969078064
90 5.377634286880493
90 5.383528232574463
90 5.388556003570557
90 5.394446849822998
90 5.399611711502075
90 5.40565299987793
90 5.412352800369263
90 5.417498826980591
90 5.423381567001343
90 5.437274217605591
90 5.443429946899414
90 5.448517322540283
90 5.454399585723877
90 5.461867332458496
90 5.467504501342773
90 5.473421096801758
90 5.4785072803497314
90 5.484418153762817
90 5.4896063804626465
90 5.49551796913147
90 5.5004212856292725
90 5.5063276290893555
90 5.513428449630737
90 5.518491268157959
90 5.524561643600464
90 5.529730319976807
90 5.535634994506836
90 5.540518283843994
90 5.546419858932495
90 5.552495956420898
90 5.557646751403809
90 5.564410209655762
90 5.569606065750122
90 5.575652599334717
90 5.581140756607056
90 5.586779356002808
90 5.592745065689087
90 5.597878456115723
90 5.604182243347168
90 5.609984874725342
90 5.615938425064087
90 5.621816873550415
90 5.627181529998779
90 5.63312554359436
90 5.638139963150024
90 5.644376516342163
90 5.649567127227783
90 5.655435800552368
90 5.662257671356201
90 5.667465448379517
90 5.673415422439575
90 5.678497791290283
90 5.684400796890259
90 5.6960718631744385
90 5.701971530914307
90 5.707648038864136
90 5.71467661857605
90 5.719835042953491
90 5.725921630859375
90 5.7317657470703125
90 5.737105131149292
90 5.742797374725342
90 5.748157978057861
90 5.754234552383423
90 5.759410381317139
90 5.766065359115601
90 5.771897792816162
90 5.7772376537323
90 5.783142328262329
90 5.788166046142578
90 5.794200658798218
90 5.7993903160095215
90 5.80528998374939
90 5.8102452754974365
90 5.81723952293396
90 5.823329925537109
90 5.828436851501465
90 5.834470510482788
90 5.839648008346558
90 5.845537424087524
90 5.850411891937256
90 5.856309175491333
90 5.862400054931641
90 5.868494749069214
90 5.874390602111816
90 5.879560708999634
90 5.885587692260742
90 5.890437126159668
90 5.896343946456909
90 5.902384281158447
90 5.9075305461883545
90 5.913416862487793
90 5.919543266296387
90 5.9254608154296875
90 5.930466890335083
90 5.936462640762329
90 5.942631721496582
90 5.947738170623779
90 5.953646898269653
90 5.958698511123657
90 5.965715408325195
90 5.971524238586426
90 5.97648024559021
90 5.982532024383545
90 5.987666130065918
90 5.993532657623291
90 5.99857234954834
90 6.004631280899048
90 6.009771108627319
90 6.016343832015991
90 6.022385120391846
90 6.0275185108184814
90 6.033488035202026
90 6.038551568984985
90 6.044418096542358
90 6.049590587615967
90 6.055434942245483
90 6.060326337814331
90 6.067535400390625
90 6.073453664779663
90 6.078521251678467
90 6.08441686630249
90 6.096252679824829
90 6.102494955062866
90 6.107632160186768
90 6.113672494888306
90 6.119784832000732
90 6.125988721847534
90 6.13183331489563
90 6.137205362319946
90 6.143163681030273
90 6.1482110023498535
90 6.154264450073242
90 6.159418344497681
90 6.165295124053955
90 6.171831130981445
90 6.177187204360962
90 6.183314323425293
90 6.188391447067261
90 6.194296360015869
90 6.199454069137573
90 6.205324172973633
90 6.210256814956665
90 6.216164827346802
90 6.223376274108887
90 6.228467702865601
90 6.2343714237213135
90 6.2395758628845215
90 6.2456183433532715
90 6.250508546829224
90 6.256406784057617
90 6.2624876499176025
90 6.267693042755127
90 6.274557828903198
90 6.279737234115601
90 6.285643577575684
90 6.29107403755188
90 6.296475410461426
90 6.302680492401123
90 6.307812213897705
90 6.313704967498779
90 6.318749666213989
90 6.325694561004639
90 6.331657648086548
90 6.336574554443359
90 6.3425822257995605
90 6.3476948738098145
90 6.353855609893799
90 6.3590452671051025
90 6.365136384963989
90 6.3717381954193115
90 6.377139091491699
90 6.383093357086182
90 6.388096332550049
90 6.394101619720459
90 6.399266242980957
90 6.405142068862915
90 6.410068035125732
90 6.415987014770508
90 6.423037528991699
90 6.428068399429321
90 6.4341208934783936
90 6.439325571060181
90 6.445188283920288
90 6.450108766555786
90 6.455993175506592
90 6.462714672088623
90 6.467912912368774
90 6.474787950515747
90 6.479899168014526
90 6.486024379730225
90 6.497673511505127
90 6.503722429275513
90 6.508806467056274
90 6.515036106109619
90 6.519957065582275
90 6.527169704437256
90 6.533098220825195
90 6.538108587265015
90 6.544301271438599
90 6.549426555633545
90 6.555339097976685
90 6.560253381729126
90 6.566216707229614
90 6.572263717651367
90 6.5784406661987305
90 6.584396123886108
90 6.589574575424194
90 6.595463037490845
90 6.6003358364105225
90 6.606412172317505
90 6.61263370513916
90 6.617760896682739
90 6.623898029327393
90 6.629859685897827
90 6.635800123214722
90 6.641758680343628
90 6.647141695022583
90 6.653064250946045
90 6.6580798625946045
90 6.6643006801605225
90 6.669504880905151
90 6.676133632659912
90 6.682234048843384
90 6.687497138977051
90 6.693342924118042
90 6.69850492477417
90 6.7043373584747314
90 6.70950722694397
90 6.7153613567352295
90 6.7202723026275635
90 6.727544784545898
90 6.73343563079834
90 6.738494396209717
90 6.744565963745117
90 6.749727249145508
90 6.75569486618042
90 6.761479377746582
90 6.766470432281494
90 6.772528409957886
90 6.778680086135864
90 6.784767150878906
90 6.789897680282593
90 6.795827865600586
90 6.80167555809021
90 6.806766510009766
90 6.812745094299316
90 6.817869663238525
90 6.823903560638428
90 6.829947471618652
90 6.835852384567261
90 6.85402512550354
90 6.868593215942383
90 6.884305238723755
90 6.911876916885376
90 6.917383670806885
90 6.923467397689819
90 6.936763048171997
90 6.9499077796936035
90 6.9561803340911865
90 6.962512254714966
90 6.967674732208252
90 6.974126815795898
90 6.9799275398254395
90 6.985930919647217
90 6.99180793762207
90 6.99711012840271
90 7.003216981887817
90 7.00835657119751
90 7.014303922653198
90 7.0194501876831055
90 7.027637243270874
90 7.0344789028167725
90 7.0396740436553955
90 7.045956134796143
90 7.051812410354614
90 7.0571653842926025
90 7.063117980957031
90 7.068148851394653
90 7.074153423309326
90 7.079348802566528
90 7.086173057556152
90 7.092241287231445
90 7.097433805465698
90 7.10332727432251
90 7.10843825340271
90 7.114388704299927
90 7.119598627090454
90 7.125510931015015
90 7.13043475151062
90 7.137575149536133
90 7.143627882003784
90 7.148681163787842
90 7.1545679569244385
90 7.159732103347778
90 7.165629625320435
90 7.170507192611694
90 7.176424980163574
90 7.183483362197876
90 7.188619375228882
90 7.194506883621216
90 7.1996495723724365
90 7.205683946609497
90 7.2111523151397705
90 7.216499090194702
90 7.222525358200073
90 7.227669715881348
90 7.234603404998779
90 7.239813327789307
90 7.2457520961761475
90 7.251641750335693
90 7.256607532501221
90 7.263063907623291
90 7.268070936203003
90 7.274148941040039
90 7.27934718132019
90 7.285949945449829
90 7.296237468719482
90 7.303836822509766
90 7.309065103530884
90 7.315160751342773
90 7.320106267929077
90 7.326293468475342
90 7.3323798179626465
90 7.338555574417114
90 7.344435691833496
90 7.349607944488525
90 7.35554575920105
90 7.360452651977539
90 7.366391658782959
90 7.37245512008667
90 7.377615213394165
90 7.3836798667907715
90 7.38978123664856
90 7.3958775997161865
90 7.4017417430877686
90 7.407085418701172
90 7.413081407546997
90 7.418116569519043
90 7.42414665222168
90 7.429397106170654
90 7.4353156089782715
90 7.442397832870483
90 7.447607755661011
90 7.453449964523315
90 7.458547592163086
90 7.465369939804077
90 7.470289945602417
90 7.476200342178345
90 7.482283592224121
90 7.488439321517944
90 7.494430065155029
90 7.499619483947754
90 7.505660772323608
90 7.511122465133667
90 7.516475677490234
90 7.522683620452881
90 7.527850389480591
90 7.533946990966797
90 7.539959907531738
90 7.54595947265625
90 7.551863431930542
90 7.557230234146118
90 7.563333749771118
90 7.568461894989014
90 7.574401617050171
90 7.5796003341674805
90 7.58552098274231
90 7.592259645462036
90 7.597453594207764
90 7.603360176086426
90 7.608497858047485
90 7.614440441131592
90 7.61962890625
90 7.625704765319824
90 7.6314918994903564
90 7.6365065574646
90 7.643453598022461
90 7.648588180541992
90 7.663435459136963
90 7.669194221496582
90 7.6752612590789795
90 7.680231809616089
90 7.686415195465088
90 7.6986918449401855
90 7.705795049667358
90 7.71162486076355
90 7.717174291610718
90 7.723273754119873
90 7.730413913726807
90 7.736335039138794
90 7.743614673614502
90 7.7493414878845215
90 7.755320072174072
90 7.7602643966674805
90 7.766231298446655
90 7.772343635559082
90 7.777494192123413
90 7.7836103439331055
90 7.788690567016602
90 7.795607089996338
90 7.801041603088379
90 7.80659031867981
90 7.812692403793335
90 7.817847728729248
90 7.8239099979400635
90 7.829167604446411
90 7.835065841674805
90 7.839994430541992
90 7.84714937210083
90 7.853097677230835
90 7.858137130737305
90 7.864348411560059
90 7.869548797607422
90 7.875483751296997
90 7.88042950630188
90 7.88635516166687
90 7.892417669296265
90 7.898574352264404
90 7.904503345489502
90 7.90965723991394
90 7.9157421588897705
90 7.921572923660278
90 7.927160263061523
90 7.933230638504028
90 7.938395261764526
90 7.945253372192383
90 7.950237035751343
90 7.956199407577515
90 7.962347745895386
90 7.967548847198486
90 7.973494529724121
90 7.978598117828369
90 7.984683275222778
90 7.989901542663574
90 7.996644973754883
90 8.004538774490356
90 8.00977087020874
90 8.01577115058899
90 8.021649599075317
90 8.028483152389526
90 8.034412384033203
90 8.039640188217163
90 8.046528577804565
90 8.053288698196411
90 8.058423280715942
90 8.06441044807434
90 8.069626331329346
90 8.075573921203613
90 8.080515146255493
90 8.08644700050354
90 8.092556715011597
90 8.105342388153076
90 8.11035966873169
90 8.116463899612427
90 8.12279462814331
90 8.128101110458374
90 8.134175062179565
90 8.139429807662964
90 8.145471096038818
90 8.152289390563965
90 8.157487154006958
90 8.163555145263672
90 8.168650150299072
90 8.174740076065063
90 8.179900169372559
90 8.185842275619507
90 8.19172716140747
90 8.197159767150879
90 8.212529420852661
90 8.217688798904419
90 8.22384262084961
90 8.229480743408203
90 8.235378980636597
90 8.240294694900513
90 8.246249437332153
90 8.263935565948486
90 8.276649475097656
90 8.297238826751709
90 8.304278135299683
90 8.309481620788574
90 8.315378665924072
90 8.321675539016724
90 8.326634645462036
90 8.332717180252075
90 8.339269876480103
90 8.34536099433899
90 8.362439632415771
90 8.367632627487183
90 8.374285697937012
90 8.379523038864136
90 8.385459899902344
90 8.391787052154541
90 8.397171020507812
90 8.404409646987915
90 8.409633874893188
90 8.41555142402649
90 8.420475959777832
90 8.428745031356812
90 8.435102224349976
90 8.440081119537354
90 8.446458339691162
90 8.453531265258789
90 8.458668947219849
90 8.465679168701172
90 8.471497774124146
90 8.47652268409729
90 8.4825599193573
90 8.487738847732544
90 8.499438285827637
90 8.507595539093018
90 8.513717651367188
90 8.519044160842896
90 8.525274276733398
90 8.530219554901123
90 8.536153078079224
90 8.542269468307495
90 8.54749608039856
90 8.554280281066895
90 8.559531688690186
90 8.565616607666016
90 8.571530818939209
90 8.576525211334229
90 8.58303689956665
90 8.588099241256714
90 8.594155073165894
90 8.599375247955322
90 8.605988264083862
90 8.611871004104614
90 8.617252826690674
90 8.623132705688477
90 8.628220319747925
90 8.634257555007935
90 8.639439821243286
90 8.645519495010376
90 8.6504385471344
90 8.65758228302002
90 8.663468360900879
90 8.66854977607727
90 8.674467325210571
90 8.679654359817505
90 8.685590028762817
90 8.690506219863892
90 8.696564435958862
90 8.702763080596924
90 8.709162950515747
90 8.715094566345215
90 8.720048189163208
90 8.725969791412354
90 8.731845140457153
90 8.737252950668335
90 8.743199348449707
90 8.74833869934082
90 8.754292964935303
90 8.760254859924316
90 8.766340494155884
90 8.77241563796997
90 8.77759313583374
90 8.78351879119873
90 8.788604259490967
90 8.794645309448242
90 8.799986362457275
90 8.805952787399292
90 8.8128023147583
90 8.818054437637329
90 8.824292659759521
90 8.829498529434204
90 8.835374116897583
90 8.840287923812866
90 8.846206903457642
90 8.852288246154785
90 8.858399868011475
90 8.864428281784058
90 8.869614839553833
90 8.875530004501343
90 8.880453109741211
90 8.886505126953125
90 8.892583847045898
90 8.904149532318115
90 8.910012006759644
90 8.916142702102661
90 8.922396183013916
90 8.936131954193115
90 8.942546606063843
90 8.947731971740723
90 8.954092979431152
90 8.959929466247559
90 8.966155767440796
90 8.972280502319336
90 8.977465629577637
90 8.9833664894104
90 8.988477945327759
90 8.994417905807495
90 8.999618530273438
90 9.005718231201172
90 9.01251482963562
90 9.017694234848022
90 9.023630142211914
90 9.0376136302948
90 9.04478406906128
90 9.050037860870361
90 9.056105852127075
90 9.063905954360962
90 9.069159269332886
90 9.075106382369995
90 9.080463409423828
90 9.086582660675049
90 9.092698812484741
90 9.100085258483887
90 9.105988264083862
90 9.113067865371704
90 9.11866021156311
90 9.124680280685425
90 9.129843950271606
90 9.135794162750244
90 9.141642808914185
90 9.146615028381348
90 9.152668952941895
90 9.157807350158691
90 9.16460657119751
90 9.16977834701538
90 9.175734281539917
90 9.181542873382568
90 9.232693433761597
90 9.2378990650177
90 9.244186162948608
90 9.249368667602539
90 9.255269289016724
90 9.260221719741821
90 9.267297983169556
90 9.27319884300232
90 9.278162956237793
90 9.284165859222412
90 9.289353370666504
90 9.295243263244629
90 9.30665135383606
90 9.313155174255371
90 9.319234371185303
90 9.325275421142578
90 9.330169916152954
90 9.336094617843628
90 9.342320919036865
90 9.347479581832886
90 9.356631517410278
90 9.363036870956421
90 9.368803262710571
90 9.374715089797974
90 9.379827737808228
90 9.385756254196167
90 9.391527652740479
90 9.396494388580322
90 9.402506113052368
90 9.407665252685547
90 9.413547992706299
90 9.419620037078857
90 9.425642490386963
90 9.431041717529297
90 9.436411619186401
90 9.442494869232178
90 9.447654247283936
90 9.45357871055603
90 9.458669662475586
90 9.465482711791992
90 9.472535133361816
90 9.477683544158936
90 9.483673334121704
90 9.488741874694824
90 9.494622945785522
90 9.499751091003418
90 9.505711078643799
90 9.511534929275513
90 9.516518115997314
90 9.523535013198853
90 9.528612613677979
90 9.534482479095459
90 9.539650917053223
90 9.545735359191895
90 9.551530122756958
90 9.556504964828491
90 9.562566995620728
90 9.568646430969238
90 9.57464599609375
90 9.57981824874878
90 9.585755825042725
90 9.591600894927979
90 9.596565008163452
90 9.602675914764404
90 9.607813119888306
90 9.613830804824829
90 9.619811773300171
90 9.625791311264038
90 9.631644248962402
90 9.636606693267822
90 9.642691850662231
90 9.647849798202515
90 9.65389084815979
90 9.659136772155762
90 9.665239095687866
90 9.671883821487427
90 9.677253723144531
90 9.683125734329224
90 9.688186168670654
90 9.694249868392944
90 9.705950021743774
90 9.7118980884552
90 9.71746039390564
90 9.724595069885254
90 9.729756832122803
90 9.73595929145813
90 9.741839408874512
90 9.747217416763306
90 9.753149271011353
90 9.758171319961548
90 9.76420283317566
90 9.769413471221924
90 9.775989532470703
90 9.781939029693604
90 9.787477493286133
90 9.793367385864258
90 9.798459768295288
90 9.804389953613281
90 9.80955696105957
90 9.815465688705444
90 9.820375204086304
90 9.827420473098755
90 9.833356142044067
90 9.83845853805542
90 9.844541549682617
90 9.849730253219604
90 9.855652809143066
90 9.86147165298462
90 9.866648197174072
90 9.87385082244873
90 9.879152536392212
90 9.885196924209595
90 9.890182971954346
90 9.89609670639038
90 9.902376413345337
90 9.907573461532593
90 9.913466930389404
90 9.91861605644226
90 9.925516843795776
90 9.930454969406128
90 9.936463594436646
90 9.94250750541687
90 9.947696924209595
90 9.953609228134155
90 9.958699941635132
90 9.964728832244873
90 9.969873428344727
90 9.976585626602173
90 9.982661247253418
90 9.987789869308472
90 9.994094610214233
90 9.999267101287842
90 10.005161762237549
90 10.010090589523315
90 10.016148328781128
90 10.022395372390747
90 10.028475046157837
90 10.03441834449768
90 10.039606094360352
90 10.045655727386475
90 10.051112413406372
90 10.056455612182617
90 10.0625479221344
90 10.067679405212402
90 10.073586702346802
90 10.079722166061401
90 10.087660074234009
90 10.093867063522339
90 10.103946685791016
90 10.111510276794434
90 10.117162466049194
90 10.123296976089478
90 10.129473447799683
90 10.135618925094604
90 10.140515565872192
90 10.14656686782837
90 10.152566194534302
90 10.157680988311768
90 10.163564205169678
90 10.16862440109253
90 10.17453670501709
90 10.18043065071106
90 10.186331033706665
90 10.1925790309906
90 10.197733879089355
90 10.203940868377686
90 10.209137916564941
90 10.214804887771606
90 10.219929695129395
90 10.225890874862671
90 10.23281455039978
90 10.238067626953125
90 10.244130611419678
90 10.249342918395996
90 10.25528359413147
90 10.260249614715576
90 10.266366004943848
90 10.272408246994019
90 10.277574300765991
90 10.284480810165405
90 10.289682626724243
90 10.295638799667358
90 10.301104307174683
90 10.306459665298462
90 10.312532186508179
90 10.31772518157959
90 10.32388973236084
90 10.329132080078125
90 10.335824012756348
90 10.341708898544312
90 10.34731388092041
90 10.353272199630737
90 10.358409881591797
90 10.364321231842041
90 10.369556665420532
90 10.375481843948364
90 10.38241720199585
90 10.387608051300049
90 10.393501281738281
90 10.398595571517944
90 10.404560804367065
90 10.409737825393677
90 10.4156973361969
90 10.421477317810059
90 10.426481246948242
90 10.433672904968262
90 10.43874454498291
90 10.444783926010132
90 10.449929475784302
90 10.455852270126343
90 10.462588548660278
90 10.46770691871643
90 10.473610162734985
90 10.478684425354004
90 10.485496282577515
90 10.490465641021729
90 10.496361494064331
90 10.507920265197754
90 10.514317750930786
90 10.519500017166138
90 10.525537014007568
90 10.530445337295532
90 10.537800073623657
90 10.543869256973267
90 10.54909348487854
90 10.554762840270996
90 10.559900522232056
90 10.565988779067993
90 10.57189154624939
90 10.577248096466064
90 10.583156824111938
90 10.589304685592651
90 10.59521222114563
90 10.600136280059814
90 10.606066465377808
90 10.611954927444458
90 10.617319107055664
90 10.623406171798706
90 10.628522872924805
90 10.635419845581055
90 10.640364408493042
90 10.646424531936646
90 10.65246057510376
90 10.657611608505249
90 10.663442373275757
90 10.66849422454834
90 10.674369812011719
90 10.6795334815979
90 10.686218976974487
90 10.692293167114258
90 10.697437524795532
90 10.703320741653442
90 10.708400249481201
90 10.714332103729248
90 10.719553709030151
90 10.725481033325195
90 10.730379819869995
90 10.737473964691162
90 10.743544101715088
90 10.748608827590942
90 10.754544019699097
90 10.759685754776001
90 10.765732526779175
90 10.771549940109253
90 10.776500463485718
90 10.782516241073608
90 10.78860855102539
90 10.79445767402649
90 10.799602508544922
90 10.805667400360107
90 10.811089515686035
90 10.816426277160645
90 10.822456359863281
90 10.827603340148926
90 10.833493947982788
90 10.83942198753357
90 10.845282316207886
90 10.850204229354858
90 10.856078386306763
90 10.86194658279419
90 10.867473840713501
90 10.873339653015137
90 10.878430604934692
90 10.884330749511719
90 10.890248775482178
90 10.896323680877686
90 10.906221151351929
90 10.913679122924805
90 10.918740034103394
90 10.92510461807251
90 10.930052995681763
90 10.936184883117676
90 10.943182945251465
90 10.948202848434448
90 10.954203844070435
90 10.959397077560425
90 10.965319156646729
90 10.970245838165283
90 10.976198434829712
90 10.982408046722412
90 10.987573862075806
90 10.99430227279663
90 10.99947476387024
90 11.00534200668335
90 11.010228872299194
90 11.016149044036865
90 11.02236294746399
90 11.0275239944458
90 11.033449172973633
90 11.038527250289917
90 11.0455961227417
90 11.050480604171753
90 11.056398391723633
90 11.062465190887451
90 11.067616939544678
90 11.073524713516235
90 11.078574419021606
90 11.08442211151123
90 11.089622497558594
90 11.096314907073975
90 11.102528095245361
90 11.107654809951782
90 11.113519191741943
90 11.118589639663696
90 11.124470233917236
90 11.129615545272827
90 11.135529279708862
90 11.140428304672241
90 11.147477388381958
90 11.153503656387329
90 11.158620357513428
90 11.16466760635376
90 11.169826984405518
90 11.17581295967102
90 11.181640148162842
90 11.186593055725098
90 11.193675518035889
90 11.198801040649414
90 11.204770803451538
90 11.209918737411499
90 11.215860366821289
90 11.221741437911987
90 11.227317571640015
90 11.23328161239624
90 11.238411903381348
90 11.245347738265991
90 11.250249862670898
90 11.25618052482605
90 11.262271881103516
90 11.267449617385864
90 11.273336410522461
90 11.278442621231079
90 11.284551620483398
90 11.289758682250977
90 11.29640007019043
90 11.306558847427368
90 11.314331769943237
90 11.31952691078186
90 11.32558822631836
90 11.33046555519104
90 11.336499691009521
90 11.34273076057434
90 11.349119424819946
90 11.354779243469238
90 11.360001564025879
90 11.371855020523071
90 11.377240419387817
90 11.383187294006348
90 11.388200759887695
90 11.394211530685425
90 11.400228500366211
90 11.406306982040405
90 11.41253662109375
90 11.41768741607666
90 11.423562288284302
90 11.428696632385254
90 11.434583187103271
90 11.439755916595459
90 11.445688724517822
90 11.452477931976318
90 11.457650423049927
90 11.464545726776123
90 11.469707250595093
90 11.475614070892334
90 11.48048996925354
90 11.486421346664429
90 11.492479085922241
90 11.498558044433594
90 11.504485845565796
90 11.509619951248169
90 11.515488862991333
90 11.520392894744873
90 11.526461124420166
90 11.532500505447388
90 11.537612676620483
90 11.543693780899048
90 11.549778461456299
90 11.555704593658447
90 11.561484575271606
90 11.566497564315796
90 11.572547197341919
90 11.581778526306152
90 11.587352991104126
90 11.59328031539917
90 11.599241733551025
90 11.605181217193604
90 11.610135078430176
90 11.61603307723999
90 11.621893405914307
90 11.62723159790039
90 11.633210897445679
90 11.638337135314941
90 11.644421100616455
90 11.650209665298462
90 11.656137943267822
90 11.662241458892822
90 11.667391538619995
90 11.67344355583191
90 11.678552627563477
90 11.684445858001709
90 11.68962812423706
90 11.695515871047974
90 11.702485799789429
90 11.71414852142334
90 11.719310998916626
90 11.725341796875
90 11.73024296760559
90 11.736297607421875
90 11.742351055145264
90 11.747483015060425
90 11.754356861114502
90 11.75951886177063
90 11.76553750038147
90 11.770443439483643
90 11.776332378387451
90 11.782389163970947
90 11.787518501281738
90 11.793418407440186
90 11.798534870147705
90 11.805443525314331
90 11.81034541130066
90 11.816266059875488
90 11.822484493255615
90 11.827656030654907
90 11.833530187606812
90 11.838589906692505
90 11.844533681869507
90 11.849699020385742
90 11.856377601623535
90 11.862473011016846
90 11.867636919021606
90 11.873497724533081
90 11.87858271598816
90 11.884662628173828
90 11.889790773391724
90 11.89571475982666
90 11.901480197906494
90 11.907604217529297
90 11.913500547409058
90 11.918576717376709
90 11.924506425857544
90 11.929628133773804
90 11.935746431350708
90 11.941561460494995
90 11.947090148925781
90 11.952791452407837
90 11.959152698516846
90 11.96477484703064
90 11.969894170761108
90 11.975838422775269
90 11.981676578521729
90 11.986607074737549
90 11.992618560791016
90 11.997734546661377
90 12.004042625427246
90 12.010009288787842
90 12.015900373458862
90 12.021780252456665
90 12.02712106704712
90 12.033071279525757
90 12.038097620010376
90 12.04412031173706
90 12.049306392669678
90 12.05579924583435
90 12.061748027801514
90 12.067308187484741
90 12.073232412338257
90 12.078288078308105
90 12.084255933761597
90 12.089441061019897
90 12.09536337852478
90 12.100258111953735
90 12.113489627838135
90 12.118587255477905
90 12.12476634979248
90 12.129908084869385
90 12.135977029800415
90 12.141877889633179
90 12.147234439849854
90 12.15315055847168
90 12.15926742553711
90 12.165151119232178
90 12.170123815536499
90 12.176038026809692
90 12.181914567947388
90 12.187424421310425
90 12.19348692893982
90 12.198570489883423
90 12.204442024230957
90 12.210246562957764
90 12.21613883972168
90 12.222176790237427
90 12.227402925491333
90 12.233316421508789
90 12.238406658172607
90 12.244478225708008
90 12.249650478363037
90 12.255505561828613
90 12.262372016906738
90 12.26750135421753
90 12.273369789123535
90 12.278482437133789
90 12.28444218635559
90 12.28960919380188
90 12.295480012893677
90 12.300402402877808
90 12.306467771530151
90 12.313426733016968
90 12.318548917770386
90 12.324627161026001
90 12.329786777496338
90 12.335700273513794
90 12.341471195220947
90 12.346476793289185
90 12.352501392364502
90 12.357632160186768
90 12.364514350891113
90 12.369683265686035
90 12.375603199005127
90 12.380481004714966
90 12.386363506317139
90 12.392426252365112
90 12.397578477859497
90 12.403510093688965
90 12.408583641052246
90 12.415497541427612
90 12.420418500900269
90 12.426473379135132
90 12.432533502578735
90 12.437664031982422
90 12.443597793579102
90 12.448658466339111
90 12.454694271087646
90 12.459866523742676
90 12.467470407485962
90 12.47336196899414
90 12.478453874588013
90 12.484525442123413
90 12.489699840545654
90 12.495635271072388
90 12.501045227050781
90 12.513712882995605
90 12.519076347351074
90 12.525167465209961
90 12.53009819984436
90 12.536139488220215
90 12.542396545410156
90 12.547580480575562
90 12.553465366363525
90 12.558538436889648
90 12.565377235412598
90 12.570271015167236
90 12.57623291015625
90 12.582462787628174
90 12.587618350982666
90 12.59352970123291
90 12.598588466644287
90 12.604611873626709
90 12.609767198562622
90 12.616411924362183
90 12.622496366500854
90 12.627644062042236
90 12.633570909500122
90 12.638635396957397
90 12.64451789855957
90 12.64967679977417
90 12.655553102493286
90 12.660463333129883
90 12.676158428192139
90 12.682220220565796
90 12.687389135360718
90 12.693615913391113
90 12.698690176010132
90 12.704575300216675
90 12.709736585617065
90 12.726425886154175
90 12.739986896514893
90 12.75944471359253
90 12.76759934425354
90 12.784426927566528
90 12.789615392684937
90 12.7958984375
90 12.801758766174316
90 12.807199716567993
90 12.81349778175354
90 12.818562269210815
90 12.82545518875122
90 12.830351829528809
90 12.838648319244385
90 12.844671249389648
90 12.849814414978027
90 12.855743169784546
90 12.862214088439941
90 12.86738133430481
90 12.873250722885132
90 12.879379987716675
90 12.885283946990967
90 12.890214920043945
90 12.896121263504028
90 12.902328252792358
90 12.914135456085205
90 12.919311761856079
90 12.926140069961548
90 12.932457447052002
90 12.937617063522339
90 12.943669080734253
90 12.948699474334717
90 12.954581260681152
90 12.959744453430176
90 12.965942859649658
90 12.971820592880249
90 12.97812294960022
90 12.984127283096313
90 12.989274740219116
90 12.99514365196228
90 13.000140905380249
90 13.008496522903442
