0 0.0055789947509765625
0 0.017537355422973633
0 0.023027896881103516
0 0.027431249618530273
1 0.03281545639038086
2 0.04520082473754883
4 0.049608707427978516
4 0.05513119697570801
6 0.05955338478088379
6 0.06587553024291992
8 0.07124829292297363
10 0.0759124755859375
11 0.08124732971191406
13 0.08595967292785645
14 0.09129786491394043
16 0.09579229354858398
18 0.10111427307128906
20 0.10574054718017578
22 0.11108016967773438
24 0.11675262451171875
26 0.12193727493286133
28 0.12660694122314453
30 0.1318202018737793
33 0.13607168197631836
34 0.14142775535583496
38 0.146071195602417
40 0.15169262886047363
42 0.15596437454223633
44 0.16132402420043945
48 0.16698265075683594
51 0.17255115509033203
53 0.17702627182006836
56 0.18216872215270996
58 0.1868283748626709
62 0.19198107719421387
64 0.19662857055664062
66 0.20206236839294434
70 0.2067556381225586
72 0.21191167831420898
76 0.217238187789917
79 0.22277021408081055
82 0.22718262672424316
85 0.2326197624206543
88 0.23705482482910156
92 0.2424609661102295
94 0.24697089195251465
98 0.252180814743042
100 0.2569608688354492
102 0.2624993324279785
104 0.26696181297302246
108 0.2731654644012451
110 0.27776408195495605
112 0.2830195426940918
113 0.28742098808288574
114 0.29283928871154785
116 0.2972400188446045
117 0.30280232429504395
118 0.3072364330291748
119 0.31265783309936523
119 0.3171977996826172
120 0.3236508369445801
120 0.32811689376831055
120 0.33342719078063965
120 0.3379645347595215
120 0.3431432247161865
120 0.3476598262786865
120 0.35296630859375
119 0.3573908805847168
118 0.362804651260376
118 0.3672046661376953
116 0.37359142303466797
115 0.37805843353271484
114 0.3836183547973633
113 0.3881516456604004
111 0.3935508728027344
110 0.3980259895324707
109 0.40334272384643555
107 0.40789055824279785
106 0.4130871295928955
104 0.4175870418548584
102 0.42392611503601074
100 0.428617000579834
98 0.43404364585876465
92 0.4459500312805176
91 0.4513392448425293
88 0.45598435401916504
86 0.4613649845123291
83 0.46802783012390137
81 0.4745912551879883
80 0.47907209396362305
78 0.4849891662597656
76 0.4894261360168457
75 0.49481821060180664
74 0.4992787837982178
74 0.5051898956298828
72 0.5096211433410645
72 0.5150144100189209
72 0.5194435119628906
72 0.5256423950195312
72 0.5309596061706543
72 0.535506010055542
72 0.5399456024169922
73 0.5453031063079834
74 0.5497596263885498
74 0.5551707744598389
76 0.5596015453338623
76 0.5651540756225586
78 0.5696394443511963
79 0.5757997035980225
80 0.5811173915863037
82 0.5856494903564453
83 0.590569019317627
84 0.5954484939575195
86 0.5998799800872803
88 0.6052596569061279
90 0.6097097396850586
91 0.6151564121246338
93 0.6196246147155762
95 0.6259603500366211
96 0.6313118934631348
98 0.6358084678649902
99 0.6412310600280762
100 0.6457841396331787
100 0.6511685848236084
101 0.6556568145751953
102 0.6609938144683838
102 0.6655483245849609
102 0.6709785461425781
102 0.6766116619110107
102 0.6820027828216553
101 0.6866893768310547
100 0.6920390129089355
100 0.6967201232910156
99 0.7019376754760742
98 0.7065939903259277
97 0.7117903232574463
96 0.7160725593566895
95 0.7214553356170654
94 0.7270059585571289
92 0.732184648513794
90 0.7368757724761963
88 0.7425215244293213
88 0.7469995021820068
86 0.7521638870239258
84 0.7568566799163818
83 0.7619996070861816
82 0.766655445098877
82 0.7718257904052734
81 0.7772660255432129
80 0.7827551364898682
80 0.7872011661529541
80 0.7925930023193359
80 0.7970554828643799
81 0.8026041984558105
82 0.8070762157440186
82 0.8124649524688721
82 0.8169641494750977
84 0.8225445747375488
85 0.8280165195465088
86 0.8333187103271484
89 0.8452324867248535
90 0.8496809005737305
92 0.8552608489990234
94 0.8597464561462402
95 0.8654370307922363
96 0.8699243068695068
98 0.8754770755767822
98 0.8817579746246338
98 0.8860678672790527
99 0.8914506435394287
100 0.8960952758789062
100 0.9017131328582764
99 0.9060015678405762
99 0.9113709926605225
98 0.9159502983093262
98 0.9213211536407471
97 0.9259641170501709
96 0.9325966835021973
96 0.9370543956756592
94 0.9424607753753662
93 0.9469492435455322
92 0.9524943828582764
90 0.9570257663726807
89 0.9631311893463135
87 0.9676723480224609
86 0.9729869365692139
85 0.9774003028869629
84 0.983912467956543
83 0.9885685443878174
82 0.9937543869018555
82 0.9981575012207031
82 1.0035393238067627
82 1.0079998970031738
82 1.0133552551269531
82 1.0178821086883545
82 1.023085594177246
83 1.0275745391845703
84 1.0338904857635498
84 1.038532018661499
86 1.0439205169677734
86 1.0486977100372314
88 1.053893804550171
89 1.0586342811584473
90 1.0638177394866943
92 1.0685038566589355
94 1.0737645626068115
94 1.0784516334533691
96 1.0848543643951416
97 1.0892930030822754
98 1.0947186946868896
98 1.0992331504821777
98 1.1048023700714111
99 1.109266757965088
99 1.1146697998046875
99 1.119107723236084
98 1.1245007514953613
98 1.1289892196655273
98 1.1351571083068848
98 1.1396067142486572
96 1.145019292831421
96 1.1494536399841309
95 1.1548728942871094
94 1.1593165397644043
93 1.164921760559082
92 1.1693623065948486
90 1.1747872829437256
89 1.1792542934417725
87 1.1854419708251953
86 1.1898753643035889
85 1.1952815055847168
84 1.199737787246704
83 1.2051265239715576
82 1.209538459777832
82 1.2151374816894531
82 1.219628095626831
82 1.2251758575439453
82 1.2295899391174316
82 1.2357738018035889
83 1.2479257583618164
84 1.2533965110778809
84 1.2579362392425537
86 1.2634038925170898
86 1.2679708003997803
88 1.2734053134918213
89 1.2779533863067627
90 1.28448486328125
92 1.2890105247497559
94 1.2944440841674805
94 1.2989544868469238
96 1.304121494293213
96 1.3087828159332275
98 1.3139727115631104
98 1.3186659812927246
98 1.3238246440887451
98 1.3284976482391357
99 1.334622859954834
99 1.3391237258911133
98 1.3447232246398926
98 1.3491816520690918
98 1.3545937538146973
98 1.359055519104004
97 1.364455223083496
96 1.368948221206665
96 1.3740832805633545
95 1.3787837028503418
94 1.3839991092681885
92 1.389347791671753
91 1.3947784900665283
90 1.399245023727417
88 1.404822826385498
86 1.4093613624572754
86 1.4149363040924072
84 1.4193882942199707
83 1.4289929866790771
82 1.4346294403076172
82 1.4398350715637207
82 1.4454071521759033
82 1.4498302936553955
82 1.4553732872009277
82 1.459796667098999
82 1.4653637409210205
82 1.4698138236999512
84 1.475381851196289
84 1.4797921180725098
85 1.4851644039154053
86 1.49127197265625
88 1.495781660079956
88 1.5011515617370605
90 1.5073976516723633
92 1.5128183364868164
93 1.5179047584533691
95 1.523507833480835
96 1.5279910564422607
96 1.533198356628418
98 1.539170503616333
98 1.5445494651794434
98 1.5490455627441406
98 1.5544688701629639
98 1.558952808380127
98 1.5640900135040283
98 1.5687532424926758
98 1.5739238262176514
98 1.5786359310150146
97 1.583998203277588
96 1.5894334316253662
95 1.5948638916015625
94 1.5993237495422363
93 1.604910135269165
92 1.6093664169311523
90 1.6147990226745605
89 1.6193346977233887
88 1.62479829788208
87 1.62925124168396
86 1.6346571445465088
84 1.6460812091827393
83 1.6518230438232422
83 1.6561322212219238
82 1.661886215209961
82 1.666532039642334
82 1.671889066696167
83 1.6765339374542236
83 1.6817302703857422
84 1.6860110759735107
84 1.6926205158233643
85 1.6970722675323486
86 1.702620267868042
87 1.7070727348327637
88 1.7124857902526855
90 1.7169337272644043
91 1.7221355438232422
92 1.72684645652771
94 1.7324042320251465
94 1.7369210720062256
96 1.743044376373291
96 1.7475824356079102
96 1.752889633178711
97 1.757291316986084
97 1.7629027366638184
97 1.7672932147979736
96 1.7727479934692383
96 1.777195930480957
96 1.7826237678527832
95 1.7870814800262451
94 1.793121337890625
93 1.7976505756378174
92 1.8029463291168213
92 1.8073618412017822
90 1.8127784729003906
89 1.8171944618225098
88 1.8227927684783936
86 1.8272206783294678
85 1.832620620727539
84 1.8371021747589111
84 1.8431715965270996
83 1.847700595855713
83 1.8530960083007812
82 1.8575928211212158
82 1.863050937652588
83 1.8675308227539062
83 1.8728272914886475
83 1.87723708152771
84 1.8827946186065674
84 1.8871967792510986
86 1.8933672904968262
86 1.897942066192627
88 1.90313720703125
88 1.907639980316162
90 1.9129533767700195
91 1.9173860549926758
92 1.9228219985961914
93 1.9272480010986328
95 1.9357993602752686
96 1.941169023513794
96 1.947033405303955
97 1.952467918395996
97 1.9569146633148193
97 1.963047742843628
96 1.9674382209777832
96 1.9728100299835205
96 1.9772214889526367
95 1.9827415943145752
94 1.9871830940246582
94 1.9927632808685303
92 1.9981281757354736
91 2.003678321838379
90 2.0081772804260254
88 2.0135693550109863
87 2.018061399459839
86 2.023407459259033
85 2.0279481410980225
84 2.0331366062164307
84 2.03765869140625
82 2.049440383911133
82 2.0550146102905273
82 2.0594406127929688
82 2.0651166439056396
83 2.0695152282714844
84 2.075061798095703
84 2.0795769691467285
84 2.08498215675354
86 2.0894219875335693
86 2.094829559326172
88 2.100564956665039
89 2.1054584980010986
90 2.1098744869232178
92 2.115295886993408
92 2.119802474975586
94 2.1254570484161377
95 2.129925489425659
96 2.1353089809417725
96 2.139749765396118
96 2.1451573371887207
97 2.1513421535491943
97 2.155848741531372
97 2.1611733436584473
97 2.1657042503356934
97 2.171006202697754
96 2.1755359172821045
96 2.1805524826049805
95 2.1856253147125244
94 2.1909303665161133
93 2.19547438621521
92 2.20171856880188
91 2.206038475036621
90 2.2114248275756836
88 2.215941905975342
88 2.2213504314422607
86 2.2258424758911133
85 2.2312097549438477
84 2.235747814178467
84 2.2411062717437744
83 2.2457823753356934
82 2.2525432109832764
82 2.2569739818573
82 2.2621240615844727
82 2.2668228149414062
82 2.2719717025756836
83 2.2765932083129883
83 2.281778573989868
84 2.286046028137207
84 2.2914068698883057
86 2.2958998680114746
87 2.3026156425476074
88 2.3070714473724365
89 2.3125007152557373
90 2.31697154045105
92 2.32218074798584
93 2.326871156692505
94 2.3320329189300537
96 2.3367056846618652
96 2.3418972492218018
97 2.3466084003448486
98 2.3528621196746826
98 2.357255220413208
98 2.3628222942352295
98 2.36725115776062
98 2.372673273086548
98 2.3771214485168457
98 2.3827242851257324
97 2.3871421813964844
96 2.3925883769989014
96 2.397036552429199
94 2.4033596515655518
93 2.4079935550689697
92 2.4132020473480225
90 2.417771100997925
88 2.427170753479004
87 2.4327003955841064
86 2.4371414184570312
84 2.448498249053955
83 2.458984136581421
82 2.4694066047668457
83 2.479461193084717
84 2.4894893169403076
84 2.501180410385132
86 2.509676694869995
88 2.521092176437378
92 2.5296177864074707
94 2.5414209365844727
98 2.5586233139038086
98 2.566999912261963
99 2.576613664627075
99 2.581801652908325
99 2.5860915184020996
99 2.591642141342163
98 2.5959441661834717
98 2.6012988090515137
97 2.6059563159942627
96 2.6113362312316895
92 2.6370182037353516
86 2.6493725776672363
82 2.665271043777466
80 2.6709423065185547
79 2.6768693923950195
78 2.682478189468384
77 2.686938524246216
76 2.6920437812805176
76 2.6966943740844727
76 2.7019217014312744
76 2.70658278465271
76 2.711763620376587
76 2.7160656452178955
76 2.7214038372039795
76 2.727191209793091
76 2.7325963973999023
77 2.737060546875
78 2.742457628250122
79 2.746901273727417
80 2.7520320415496826
81 2.756699323654175
82 2.7618770599365234
84 2.766139030456543
84 2.7718324661254883
86 2.777266025543213
88 2.7829155921936035
90 2.7873916625976562
92 2.7927961349487305
93 2.797238826751709
95 2.8026785850524902
96 2.80711030960083
98 2.812521457672119
98 2.816999673843384
100 2.822166919708252
100 2.8276710510253906
100 2.8330705165863037
101 2.8375823497772217
101 2.847982168197632
101 2.854600191116333
101 2.8590757846832275
101 2.864633798599243
100 2.86909818649292
100 2.874659776687622
99 2.879906415939331
98 2.885312795639038
98 2.889744758605957
96 2.895144462585449
96 2.8995683193206787
94 2.9051122665405273
93 2.9095635414123535
92 2.915156841278076
90 2.919579029083252
89 2.924999237060547
87 2.931107997894287
86 2.9355838298797607
84 2.940554141998291
83 2.9454705715179443
82 2.9499096870422363
82 2.9552767276763916
81 2.9597277641296387
80 2.966043710708618
80 2.9714269638061523
80 2.9759016036987305
80 2.982466459274292
81 2.9869277477264404
82 2.9920332431793213
82 2.9967310428619385
82 3.001920461654663
84 3.006580114364624
84 3.011765718460083
86 3.016049385070801
86 3.0214078426361084
88 3.026045560836792
90 3.0325534343719482
90 3.0370571613311768
92 3.042607069015503
94 3.047063112258911
95 3.0524518489837646
96 3.0569612979888916
97 3.062156915664673
98 3.066826105117798
98 3.071981906890869
98 3.0766429901123047
99 3.082822561264038
99 3.0873842239379883
99 3.092811107635498
99 3.097235679626465
98 3.1026320457458496
98 3.1070713996887207
98 3.112461805343628
97 3.116931200027466
96 3.1220574378967285
95 3.126739501953125
94 3.1328375339508057
93 3.1372478008270264
92 3.1428892612457275
90 3.147280216217041
89 3.152761936187744
88 3.157209873199463
86 3.1625969409942627
86 3.167048454284668
84 3.172628402709961
84 3.177079439163208
83 3.1831166744232178
82 3.187690019607544
82 3.1930036544799805
82 3.197411060333252
82 3.2029976844787598
82 3.207404375076294
83 3.2127952575683594
83 3.217245101928711
84 3.2226154804229736
84 3.227074384689331
86 3.232512950897217
86 3.237931251525879
88 3.247668981552124
90 3.2541263103485107
92 3.258812189102173
93 3.264415740966797
94 3.268918037414551
96 3.2744626998901367
96 3.278974771499634
97 3.2850780487060547
98 3.289524793624878
98 3.294961929321289
98 3.2994096279144287
98 3.3050098419189453
98 3.309452533721924
98 3.314877986907959
97 3.319305419921875
96 3.3249123096466064
96 3.3293650150299072
95 3.335409164428711
94 3.3398773670196533
92 3.345297336578369
92 3.349731206893921
90 3.355135202407837
89 3.359565019607544
88 3.3650147914886475
86 3.369595766067505
86 3.374988317489624
84 3.3794105052948
84 3.385744571685791
84 3.3911290168762207
83 3.3956172466278076
83 3.400958299636841
83 3.4054996967315674
83 3.409946918487549
83 3.415327548980713
84 3.4197521209716797
84 3.42514967918396
84 3.429577350616455
85 3.4352779388427734
86 3.4413702487945557
88 3.44598650932312
88 3.451317310333252
90 3.4558165073394775
91 3.461196184158325
92 3.4657390117645264
94 3.4710946083068848
94 3.4756107330322266
96 3.480940103530884
96 3.4855122566223145
96 3.4918291568756104
97 3.496095895767212
97 3.5019333362579346
97 3.5066165924072266
97 3.5118203163146973
96 3.516106367111206
96 3.521696090698242
96 3.5259807109832764
95 3.531330108642578
94 3.5358195304870605
92 3.5424692630767822
92 3.546942949295044
90 3.552063226699829
89 3.5567426681518555
88 3.562119960784912
86 3.5667831897735596
86 3.571979284286499
85 3.576629400253296
84 3.5817909240722656
84 3.586052894592285
84 3.5925958156585693
83 3.597064971923828
83 3.6024537086486816
84 3.60691237449646
84 3.6120493412017822
84 3.6167149543762207
84 3.6220340728759766
86 3.626704216003418
86 3.6319587230682373
88 3.6366195678710938
88 3.6428475379943848
92 3.6540727615356445
93 3.658766269683838
94 3.664072036743164
95 3.668750047683716
96 3.674074649810791
97 3.678748607635498
98 3.684077262878418
98 3.688755512237549
98 3.695045232772827
98 3.6994564533233643
98 3.70485782623291
98 3.7093026638031006
98 3.714745283126831
98 3.7192089557647705
98 3.7246289253234863
97 3.729076862335205
96 3.7344870567321777
96 3.7389893531799316
94 3.745310068130493
93 3.749772310256958
92 3.7551660537719727
91 3.759585380554199
90 3.7650082111358643
88 3.7694661617279053
87 3.774921178817749
86 3.7794439792633057
84 3.7848963737487793
84 3.7893481254577637
82 3.795504570007324
82 3.799971103668213
82 3.80554461479187
82 3.8099803924560547
81 3.8153703212738037
81 3.8197832107543945
82 3.8253118991851807
82 3.8297815322875977
82 3.835158109664917
82 3.839559316635132
83 3.8457093238830566
84 3.8510196208953857
84 3.8555517196655273
86 3.859999418258667
87 3.8655524253845215
88 3.870514392852783
90 3.8754165172576904
90 3.879882574081421
92 3.885399103164673
93 3.889880657196045
94 3.896068811416626
95 3.901440143585205
96 3.9059228897094727
96 3.9112961292266846
97 3.915825366973877
98 3.921186685562134
98 3.925842523574829
98 3.9311773777008057
98 3.9356698989868164
98 3.9410247802734375
97 3.946669340133667
96 3.952014923095703
96 3.9566829204559326
95 3.9628183841705322
94 3.9672255516052246
93 3.9726433753967285
92 3.9770889282226562
90 3.9826693534851074
90 3.987119674682617
88 3.992506504058838
86 3.997852325439453
86 4.003071546554565
84 4.011778116226196
84 4.0160582065582275
83 4.021413564682007
83 4.02588152885437
82 4.0312395095825195
82 4.035772323608398
82 4.041094541549683
83 4.051421880722046
84 4.0578649044036865
85 4.063551902770996
86 4.068015813827515
87 4.073544025421143
88 4.0780112743377686
89 4.08365797996521
90 4.0881006717681885
92 4.093505144119263
92 4.0989906787872314
94 4.104669094085693
95 4.109102487564087
96 4.114590406417847
96 4.119060277938843
97 4.124478578567505
97 4.12894344329834
97 4.134081602096558
97 4.1387364864349365
97 4.143959283828735
97 4.149448394775391
96 4.154863119125366
96 4.159293174743652
95 4.164870500564575
94 4.169314384460449
94 4.174726486206055
92 4.17916464805603
92 4.184536695480347
90 4.188996076583862
89 4.194134712219238
87 4.19958233833313
86 4.2049880027771
85 4.209404230117798
84 4.214989900588989
84 4.219409227371216
83 4.224977254867554
83 4.229426860809326
82 4.2348010540008545
82 4.239243745803833
82 4.244655609130859
83 4.249695301055908
83 4.2551257610321045
84 4.259555816650391
84 4.26494288444519
85 4.2693798542022705
86 4.274783134460449
86 4.2792298793792725
88 4.284812688827515
88 4.289247512817383
90 4.294655799865723
91 4.299867868423462
93 4.305296897888184
94 4.3097429275512695
95 4.315213203430176
96 4.3196446895599365
96 4.325044393539429
97 4.329460382461548
98 4.334842681884766
98 4.339278936386108
98 4.344911098480225
98 4.3493523597717285
98 4.355436086654663
97 4.35987663269043
97 4.365278720855713
96 4.369746685028076
96 4.375161647796631
94 4.379608869552612
94 4.385081052780151
92 4.389480113983154
92 4.394873857498169
90 4.399303913116455
88 4.405524730682373
88 4.409982681274414
86 4.415382385253906
85 4.419792175292969
84 4.425185203552246
84 4.429603338241577
83 4.4350950717926025
82 4.439492464065552
82 4.444907903671265
82 4.456666469573975
82 4.462411642074585
83 4.466856956481934
84 4.472607135772705
84 4.477046966552734
84 4.482622146606445
86 4.487061977386475
86 4.492413282394409
88 4.49686074256897
88 4.5020365715026855
90 4.507405996322632
92 4.512855529785156
92 4.517271280288696
94 4.522876024246216
94 4.527279853820801
96 4.532722234725952
96 4.537172079086304
97 4.542616367340088
97 4.547057867050171
98 4.5524749755859375
98 4.557887077331543
98 4.563104867935181
98 4.5676000118255615
97 4.5729429721832275
97 4.577343940734863
96 4.5829176902771
96 4.587316513061523
95 4.59271764755249
94 4.597154140472412
93 4.602763414382935
92 4.6081321239471436
90 4.613506078720093
89 4.617983818054199
88 4.623216390609741
86 4.627823829650879
86 4.633004665374756
85 4.637556076049805
84 4.643013000488281
84 4.647407054901123
84 4.6528096199035645
83 4.658128261566162
83 4.663537502288818
84 4.667978763580322
84 4.673133611679077
84 4.6776416301727295
84 4.6829540729522705
85 4.6873939037323
86 4.692778825759888
87 4.69719672203064
88 4.7028748989105225
90 4.70851731300354
91 4.713786363601685
92 4.718451738357544
94 4.723639965057373
94 4.728107452392578
95 4.7336602210998535
96 4.7381227016448975
96 4.743532657623291
96 4.7479939460754395
96 4.7531898021698
96 4.758816480636597
96 4.764125823974609
96 4.768789291381836
96 4.773997783660889
96 4.778679609298706
94 4.78383469581604
94 4.788490056991577
93 4.79367470741272
92 4.7981414794921875
91 4.8035523891448975
90 4.808984994888306
89 4.814115285873413
88 4.818811416625977
86 4.824133396148682
86 4.828782081604004
85 4.833965063095093
84 4.838608980178833
84 4.8437700271606445
83 4.854064226150513
84 4.861968040466309
84 4.866662263870239
84 4.872005462646484
84 4.876650094985962
85 4.882078409194946
86 4.886764764785767
87 4.891950845718384
88 4.896605014801025
89 4.901777505874634
90 4.906065940856934
92 4.912826776504517
93 4.9172444343566895
94 4.9226765632629395
95 4.927101135253906
96 4.932523727416992
96 4.936996936798096
98 4.942580699920654
98 4.947041034698486
98 4.95240592956543
98 4.956893682479858
98 4.96392297744751
98 4.968578100204468
97 4.973788261413574
96 4.978444337844849
96 4.983630657196045
95 4.988109827041626
94 4.993662118911743
93 4.998121976852417
92 5.003674030303955
90 5.008143663406372
89 5.014541864395142
88 5.019040584564209
86 5.0241687297821045
86 5.028867483139038
84 5.034030199050903
84 5.038674354553223
83 5.043884754180908
83 5.048545837402344
82 5.0537190437316895
82 5.058160066604614
82 5.064709186553955
82 5.069143533706665
83 5.074509143829346
83 5.0789594650268555
84 5.084100961685181
84 5.088782787322998
85 5.093973398208618
86 5.098622798919678
87 5.103795289993286
88 5.108442544937134
90 5.114621162414551
90 5.119102239608765
92 5.1246726512908936
93 5.129139184951782
94 5.134511232376099
95 5.138998031616211
96 5.144136428833008
96 5.14880108833313
97 5.153972625732422
97 5.158630609512329
97 5.164796590805054
97 5.169267654418945
97 5.174691200256348
96 5.179145574569702
96 5.184763431549072
96 5.189242362976074
94 5.194671392440796
94 5.199116230010986
93 5.2045252323150635
92 5.209031820297241
90 5.215213060379028
89 5.219658374786377
88 5.225088596343994
86 5.229598522186279
86 5.235012769699097
85 5.2394185066223145
84 5.244993209838867
84 5.256123304367065
83 5.26189661026001
83 5.267297744750977
84 5.272942304611206
84 5.277371883392334
84 5.2829484939575195
85 5.287344455718994
86 5.292772531509399
86 5.297178745269775
88 5.3027379512786865
88 5.307147741317749
90 5.3125762939453125
92 5.3179450035095215
92 5.323192596435547
94 5.327767372131348
95 5.333014726638794
96 5.337425947189331
96 5.342829465866089
96 5.347230911254883
97 5.352621555328369
97 5.357078552246094
97 5.3626580238342285
97 5.368131875991821
96 5.373547792434692
96 5.378031492233276
96 5.383620500564575
95 5.388087749481201
94 5.393401861190796
94 5.397965431213379
92 5.403191328048706
92 5.4076828956604
90 5.412994623184204
89 5.418642044067383
87 5.42399001121521
86 5.428670406341553
85 5.433919668197632
84 5.43857216835022
84 5.443717956542969
83 5.448146104812622
83 5.45343017578125
82 5.457974195480347
82 5.463150978088379
82 5.468698501586914
83 5.473890542984009
83 5.47852087020874
84 5.483899354934692
84 5.488577842712402
85 5.493764162063599
86 5.49817156791687
87 5.503570079803467
88 5.50802755355835
90 5.513582468032837
90 5.519100189208984
92 5.524486780166626
93 5.528987884521484
94 5.534113883972168
95 5.538797855377197
96 5.544133424758911
96 5.54879093170166
96 5.553979158401489
97 5.558637857437134
97 5.563803195953369
97 5.569167852401733
96 5.574628829956055
96 5.57907509803772
96 5.584469795227051
95 5.588970899581909
94 5.5941162109375
93 5.598799467086792
92 5.60415244102478
91 5.608799934387207
90 5.613984107971191
88 5.619417667388916
87 5.624937534332275
86 5.62938666343689
84 5.634790658950806
84 5.6392552852630615
83 5.644840240478516
82 5.65442419052124
82 5.6609649658203125
82 5.665753602981567
82 5.672418117523193
82 5.676872491836548
83 5.682438373565674
84 5.686900854110718
84 5.6920411586761475
86 5.696712017059326
86 5.7018959522247314
88 5.706615924835205
88 5.71185040473938
90 5.716104030609131
92 5.722850799560547
92 5.727273941040039
94 5.732715845108032
95 5.737145662307739
96 5.742593288421631
96 5.747056722640991
97 5.7524635791778564
98 5.756954908370972
98 5.762099981307983
98 5.766788482666016
98 5.773123264312744
98 5.777665615081787
97 5.783136606216431
96 5.787672996520996
96 5.793156147003174
95 5.797664403915405
94 5.803007364273071
93 5.8074119091033936
92 5.812822580337524
92 5.817227602005005
90 5.82369327545166
88 5.828187704086304
86 5.83365535736084
86 5.838118314743042
84 5.843653917312622
84 5.848452091217041
83 5.853625535964966
82 5.85808801651001
82 5.863634347915649
82 5.868095636367798
82 5.874460935592651
82 5.878942489624023
82 5.884069919586182
82 5.888749361038208
83 5.893896102905273
84 5.898618221282959
85 5.90394401550293
86 5.908618450164795
87 5.9139931201934814
88 5.91864800453186
89 5.924732208251953
90 5.92923641204834
92 5.934628248214722
93 5.939095497131348
95 5.944502115249634
96 5.948982000350952
97 5.954107046127319
98 5.958796739578247
99 5.981311798095703
98 5.999026775360107
98 6.009095191955566
96 6.02339506149292
90 6.043193101882935
85 6.058117151260376
80 6.073817014694214
78 6.092736721038818
76 6.105099201202393
76 6.109507322311401
77 6.119107484817505
77 6.124784708023071
78 6.130546808242798
78 6.135870695114136
79 6.14120888710022
80 6.145899057388306
81 6.151239395141602
82 6.155751466751099
83 6.161116600036621
84 6.165644645690918
86 6.170925855636597
88 6.175469160079956
89 6.181757211685181
90 6.186031341552734
92 6.191449880599976
94 6.195967674255371
96 6.201333284378052
97 6.20600962638855
98 6.211366653442383
99 6.216009140014648
100 6.2214250564575195
100 6.225937604904175
101 6.232519149780273
102 6.236954689025879
102 6.242128610610962
102 6.246813058853149
102 6.252017974853516
102 6.256692886352539
101 6.262045383453369
100 6.26672625541687
100 6.271944999694824
99 6.276634216308594
98 6.282820224761963
97 6.287225723266602
96 6.292643785476685
94 6.297098398208618
93 6.30257248878479
92 6.307037353515625
90 6.312633037567139
89 6.317093849182129
87 6.322681188583374
86 6.32712197303772
84 6.333399772644043
83 6.337943077087402
82 6.343122959136963
82 6.347588300704956
81 6.352875232696533
80 6.357320785522461
80 6.362794876098633
80 6.367196798324585
80 6.372594833374023
80 6.377017259597778
80 6.3833327293396
81 6.38785195350647
81 6.39306378364563
82 6.39753532409668
82 6.402821779251099
83 6.407211780548096
84 6.412602424621582
85 6.417065620422363
86 6.422666788101196
88 6.429476499557495
90 6.43567681312561
92 6.441019058227539
94 6.4457666873931885
94 6.451138734817505
97 6.46314811706543
98 6.4676833152771
98 6.473162651062012
99 6.477693796157837
99 6.484048366546631
100 6.488776683807373
99 6.493985414505005
99 6.498696327209473
98 6.504041433334351
98 6.508711099624634
97 6.5138983726501465
96 6.518560171127319
96 6.523764371871948
95 6.528415203094482
94 6.5345165729522705
92 6.539079666137695
91 6.544653415679932
90 6.5491108894348145
88 6.554501056671143
87 6.559028625488281
86 6.56454062461853
84 6.5689897537231445
83 6.574108600616455
82 6.57879900932312
82 6.5839903354644775
81 6.589350461959839
81 6.594762325286865
80 6.599234342575073
80 6.604633569717407
81 6.609080791473389
81 6.6144633293151855
82 6.618938207626343
82 6.62448787689209
83 6.6289448738098145
84 6.634095191955566
85 6.6395416259765625
86 6.644967555999756
87 6.6493918895721436
88 6.654797315597534
89 6.659247875213623
91 6.664645671844482
92 6.669153690338135
94 6.674759387969971
95 6.679218530654907
96 6.684784412384033
97 6.690556287765503
98 6.695470809936523
98 6.699909687042236
99 6.705309867858887
99 6.709763050079346
99 6.715157985687256
99 6.719579219818115
99 6.725005149841309
98 6.729433298110962
98 6.734868764877319
97 6.740498065948486
96 6.745585680007935
96 6.750562429428101
94 6.755523920059204
94 6.759958267211914
92 6.765407085418701
91 6.76987624168396
90 6.77529764175415
88 6.779766321182251
87 6.785167455673218
86 6.791341304779053
84 6.795804023742676
83 6.8011674880981445
82 6.80586314201355
82 6.811231851577759
81 6.815749645233154
81 6.8211669921875
81 6.825657367706299
81 6.83095383644104
81 6.8354902267456055
81 6.841792821884155
82 6.846063137054443
82 6.851438522338867
84 6.86292839050293
86 6.867412805557251
86 6.873006820678711
88 6.877425670623779
88 6.882967233657837
90 6.887409925460815
92 6.893824338912964
93 6.898523807525635
95 6.903765678405762
96 6.90839695930481
97 6.913620471954346
98 6.918109893798828
98 6.923675537109375
98 6.92812967300415
99 6.933698415756226
99 6.93815279006958
99 6.94458270072937
99 6.949038743972778
98 6.954447984695435
98 6.958970546722412
98 6.965111970901489
97 6.969542503356934
96 6.974984645843506
95 6.979409694671631
94 6.984987735748291
93 6.989449977874756
92 6.995602369308472
90 7.000524282455444
88 7.005429029464722
88 7.009910821914673
86 7.015315532684326
85 7.019763708114624
84 7.0251781940460205
84 7.029616832733154
83 7.0350141525268555
82 7.039426326751709
82 7.045719623565674
82 7.05106258392334
82 7.055587530136108
82 7.060523986816406
82 7.065621852874756
83 7.0705695152282715
84 7.075491666793823
84 7.079929351806641
86 7.085302352905273
86 7.08976149559021
88 7.095856428146362
88 7.101193189620972
90 7.107885837554932
92 7.113149642944336
94 7.117692470550537
95 7.1236960887908936
96 7.128152132034302
97 7.133554935455322
98 7.138026475906372
98 7.144955635070801
98 7.149416208267212
98 7.154852867126465
99 7.159306764602661
99 7.164895296096802
98 7.169316053390503
98 7.174741744995117
98 7.179174423217773
98 7.184621095657349
97 7.189072608947754
96 7.195416450500488
96 7.199871063232422
94 7.205279588699341
94 7.209755182266235
92 7.215337038040161
91 7.219769477844238
90 7.225331544876099
88 7.229771852493286
87 7.2351884841918945
86 7.2396111488342285
84 7.245805025100708
84 7.251173496246338
82 7.258962869644165
82 7.267179727554321
81 7.272753477096558
81 7.277143955230713
81 7.282855749130249
81 7.2872419357299805
82 7.292809009552002
82 7.298465967178345
82 7.303637742996216
83 7.308099269866943
84 7.313418626785278
85 7.3179473876953125
86 7.323166370391846
87 7.327683687210083
88 7.333124160766602
90 7.33764910697937
90 7.343128681182861
92 7.348754405975342
94 7.354003190994263
95 7.358706712722778
96 7.363893508911133
96 7.36855411529541
98 7.373743772506714
98 7.378187417984009
98 7.383639335632324
98 7.388125419616699
98 7.393669128417969
98 7.399015665054321
98 7.404597997665405
97 7.409047365188599
96 7.414476633071899
96 7.418973207473755
94 7.4281628131866455
92 7.433686017990112
92 7.43818736076355
90 7.44361424446106
89 7.452824592590332
86 7.463184118270874
84 7.474117040634155
82 7.4857659339904785
82 7.4968037605285645
82 7.506017208099365
83 7.5171027183532715
84 7.528842449188232
87 7.53777551651001
89 7.5493011474609375
92 7.558849811553955
94 7.567399024963379
96 7.572808265686035
97 7.577238321304321
98 7.582867622375488
98 7.58726692199707
100 7.592728137969971
100 7.597165822982788
100 7.607142210006714
100 7.618579387664795
100 7.627559661865234
98 7.633933067321777
98 7.639059543609619
97 7.644624948501587
96 7.649091958999634
95 7.654497861862183
92 7.665683031082153
90 7.672190427780151
89 7.67690634727478
87 7.682522535324097
86 7.686997175216675
84 7.692539215087891
84 7.697048664093018
83 7.70259165763855
82 7.707021236419678
82 7.712186574935913
82 7.716878175735474
81 7.722949504852295
81 7.727329969406128
81 7.732929706573486
82 7.737393856048584
82 7.7428014278411865
82 7.747237920761108
82 7.7526164054870605
83 7.757089138031006
84 7.762655258178711
85 7.767102956771851
86 7.7731428146362305
88 7.777684211730957
88 7.782987117767334
90 7.787386417388916
91 7.792819023132324
92 7.797247886657715
94 7.802783727645874
94 7.807231664657593
96 7.812624454498291
96 7.817094087600708
97 7.823638439178467
98 7.828119516372681
98 7.833515167236328
98 7.837977647781372
98 7.84342098236084
98 7.847954511642456
97 7.853140830993652
96 7.857641696929932
96 7.862963676452637
96 7.867396354675293
94 7.873751878738403
94 7.878403425216675
92 7.883861303329468
92 7.888607501983643
90 7.8938024044036865
89 7.898493528366089
87 7.903757572174072
86 7.9084203243255615
85 7.913614511489868
84 7.918119430541992
84 7.924151420593262
83 7.928802251815796
82 7.933990240097046
82 7.938636541366577
82 7.943958044052124
82 7.948649168014526
82 7.953844308853149
83 7.958488941192627
83 7.964792490005493
84 7.969252347946167
85 7.975329160690308
86 7.979768991470337
86 7.985139608383179
88 7.989560604095459
88 7.994984149932861
90 7.999429702758789
91 8.005112648010254
92 8.009585857391357
94 8.015024185180664
94 8.019460439682007
96 8.025516986846924
96 8.029971361160278
96 8.035406112670898
97 8.03984522819519
97 8.045344114303589
97 8.049768209457397
96 8.05515718460083
96 8.065988540649414
95 8.071405410766602
94 8.077244758605957
93 8.082834243774414
92 8.087249517440796
91 8.093023777008057
90 8.097436904907227
88 8.102846622467041
88 8.107277154922485
86 8.11272406578064
86 8.117150783538818
84 8.122737646102905
84 8.128120422363281
83 8.133435249328613
83 8.137974977493286
82 8.144984006881714
82 8.149421691894531
83 8.154810905456543
83 8.159252166748047
84 8.165097951889038
84 8.169574975967407
84 8.175625085830688
86 8.180937767028809
86 8.186082601547241
88 8.191445589065552
88 8.195913553237915
90 8.201280117034912
91 8.205811023712158
92 8.211193561553955
94 8.219274997711182
95 8.225648880004883
96 8.231114387512207
96 8.23560619354248
97 8.240556955337524
97 8.245635747909546
97 8.250964403152466
96 8.255558729171753
96 8.260514974594116
96 8.265462875366211
96 8.269928216934204
94 8.27533769607544
94 8.281450271606445
92 8.285957336425781
92 8.29135012626648
90 8.295840978622437
90 8.301213026046753
88 8.305890560150146
87 8.311309814453125
86 8.315799474716187
85 8.321154594421387
84 8.325650691986084
84 8.331869125366211
84 8.33611512184143
83 8.341738939285278
83 8.346028089523315
83 8.351415872573853
84 8.356046199798584
84 8.361393928527832
84 8.365997552871704
85 8.37136173248291
86 8.375843286514282
88 8.382417440414429
88 8.38689374923706
90 8.39202070236206
90 8.396717071533203
92 8.40194582939148
93 8.406628608703613
94 8.411837100982666
95 8.416110515594482
96 8.4218590259552
96 8.432833194732666
97 8.437273740768433
97 8.44288945198059
96 8.44727635383606
96 8.452866315841675
96 8.457299709320068
94 8.468490362167358
93 8.47385287284851
92 8.478542566299438
91 8.48506212234497
90 8.489507675170898
88 8.495073318481445
87 8.499683618545532
86 8.505083322525024
85 8.509511232376099
84 8.514991283416748
84 8.519433498382568
83 8.524842739105225
82 8.530950546264648
82 8.535504579544067
82 8.539979457855225
82 8.54554557800293
82 8.550502061843872
83 8.55539608001709
84 8.559834480285645
84 8.565298080444336
84 8.569760799407959
86 8.575163841247559
86 8.579606533050537
88 8.585770845413208
89 8.591150283813477
90 8.595645189285278
92 8.601105451583862
93 8.605808019638062
94 8.611160039901733
95 8.615850687026978
96 8.621228218078613
97 8.625770568847656
97 8.631142616271973
98 8.636810541152954
98 8.641987085342407
98 8.646647214889526
98 8.651855945587158
98 8.656466484069824
97 8.661941766738892
96 8.666624546051025
96 8.671830892562866
95 8.676117181777954
94 8.681724309921265
93 8.687211990356445
92 8.692628383636475
91 8.697091341018677
90 8.702528476715088
88 8.706989526748657
86 8.712464332580566
86 8.716936111450195
84 8.72242522239685
84 8.726901769638062
82 8.732053518295288
82 8.737593173980713
82 8.743085861206055
82 8.747595071792603
82 8.752860307693481
82 8.757284164428711
82 8.762758255004883
82 8.767179727554321
82 8.772620916366577
82 8.777079820632935
84 8.782674789428711
84 8.788038730621338
85 8.793319940567017
86 8.797857284545898
88 8.803070068359375
89 8.807597637176514
90 8.812888622283936
92 8.817440032958984
93 8.822874069213867
94 8.827295064926147
96 8.832780838012695
96 8.83811092376709
97 8.843675374984741
98 8.848151206970215
98 8.853540658950806
98 8.85803771018982
98 8.869656562805176
98 8.875323057174683
98 8.879804611206055
97 8.88656497001648
96 8.891977787017822
96 8.896648645401001
94 8.90199589729309
94 8.906685590744019
92 8.91192889213562
91 8.91657567024231
90 8.9218008518219
88 8.926095724105835
87 8.93170952796936
86 8.937195777893066
84 8.942653894424438
84 8.9470956325531
82 8.952514886856079
82 8.956979751586914
82 8.963422060012817
82 8.967986583709717
81 8.973165273666382
81 8.977686405181885
82 8.983008623123169
82 8.988511323928833
82 8.993762254714966
82 8.998436450958252
84 9.003798246383667
84 9.008450269699097
85 9.013650894165039
86 9.01811671257019
88 9.023653984069824
88 9.028132915496826
90 9.03344178199768
91 9.039026260375977
93 9.04448676109314
94 9.048989057540894
95 9.054158926010132
96 9.058854818344116
96 9.064035892486572
97 9.06879186630249
98 9.073968172073364
98 9.078658103942871
98 9.084094762802124
98 9.089454174041748
98 9.094904899597168
97 9.099358797073364
96 9.104809045791626
96 9.109264850616455
95 9.1146981716156
94 9.119166851043701
93 9.124570608139038
92 9.129052877426147
91 9.134658813476562
90 9.139892578125
88 9.145487070083618
86 9.149986743927002
85 9.155415534973145
84 9.159843921661377
84 9.165269136428833
82 9.169723749160767
82 9.175157308578491
82 9.17957592010498
82 9.22712230682373
87 9.247207164764404
92 9.271114349365234
98 9.284862518310547
102 9.295357704162598
104 9.305543184280396
106 9.31759238243103
106 9.33482813835144
106 9.343990325927734
104 9.362935304641724
99 9.37816309928894
97 9.385387420654297
96 9.389838933944702
94 9.39673638343811
92 9.402074098587036
90 9.406813144683838
88 9.411968231201172
87 9.416652202606201
86 9.421849489212036
84 9.426113367080688
83 9.431777238845825
82 9.436054229736328
81 9.441421747207642
80 9.447221994400024
80 9.45260763168335
80 9.457051277160645
79 9.462415218353271
79 9.466876029968262
79 9.47205662727356
80 9.476721286773682
80 9.481906414031982
80 9.486624956130981
80 9.491787433624268
82 9.497109174728394
82 9.502766847610474
84 9.507200241088867
84 9.512598037719727
86 9.51706314086914
88 9.522629737854004
88 9.527112245559692
90 9.53249740600586
92 9.537020206451416
94 9.542469501495361
95 9.54794716835022
96 9.553126335144043
97 9.557657957077026
98 9.563159942626953
98 9.567762851715088
99 9.573007345199585
99 9.577418804168701
100 9.582850456237793
100 9.587265968322754
99 9.592744827270508
98 9.598419189453125
98 9.603636980056763
98 9.608126163482666
96 9.613423109054565
96 9.617969989776611
95 9.623515129089355
94 9.628006935119629
93 9.633327007293701
92 9.637874841690063
90 9.643089294433594
88 9.648655891418457
87 9.654038667678833
86 9.658706903457642
84 9.669183254241943
82 9.677978992462158
82 9.683562994003296
82 9.688037633895874
82 9.693623542785645
82 9.69909930229187
82 9.704692840576172
82 9.709145784378052
82 9.714507818222046
83 9.71895956993103
84 9.724101066589355
84 9.728740453720093
86 9.7339448928833
86 9.73859977722168
88 9.744062185287476
89 9.749414682388306
90 9.754831552505493
92 9.75935983657837
94 9.76482629776001
94 9.769262075424194
96 9.774678230285645
96 9.779151678085327
98 9.784772396087646
98 9.789245128631592
98 9.794675588607788
99 9.799858331680298
99 9.805425643920898
99 9.809865713119507
99 9.815274953842163
98 9.81974482536316
98 9.825137376785278
98 9.829586267471313
97 9.835001945495605
96 9.839458465576172
95 9.844877481460571
94 9.851030111312866
92 9.855570077896118
92 9.86052417755127
90 9.86561369895935
88 9.870574712753296
87 9.875486850738525
86 9.879992961883545
84 9.885406017303467
84 9.889850854873657
83 9.895272970199585
82 9.899717569351196
82 9.90588927268982
82 9.911245822906494
82 9.91591477394104
82 9.921265125274658
82 9.925905227661133
82 9.931274652481079
82 9.935807943344116
82 9.94115400314331
83 9.945630073547363
84 9.950573205947876
84 9.956589698791504
86 9.962746381759644
87 9.967163324356079
88 9.972548961639404
90 9.976967096328735
91 9.982530117034912
92 9.987018346786499
94 9.992477655410767
94 9.996935844421387
96 10.002991914749146
96 10.007580995559692
97 10.012895822525024
97 10.017294645309448
98 10.022770166397095
98 10.027198314666748
98 10.032606601715088
97 10.037055492401123
97 10.042657852172852
96 10.047119855880737
96 10.05255675315857
95 10.057999849319458
94 10.063174486160278
92 10.074502944946289
91 10.078999042510986
90 10.084515571594238
88 10.089004755020142
87 10.094593048095703
86 10.099050998687744
84 10.105326414108276
84 10.109772443771362
83 10.115160465240479
82 10.119589805603027
82 10.125012397766113
82 10.129441022872925
82 10.134869813919067
82 10.139307022094727
82 10.144715785980225
83 10.14915156364441
84 10.155142545700073
84 10.159658908843994
85 10.165241718292236
86 10.169702768325806
87 10.175255060195923
88 10.179695844650269
90 10.185103178024292
91 10.189600229263306
92 10.195060729980469
94 10.199603080749512
94 10.205737113952637
96 10.211302518844604
96 10.215793371200562
97 10.22120451927185
98 10.227661848068237
98 10.23298978805542
98 10.23742389678955
98 10.243609428405762
97 10.248098611831665
97 10.253429412841797
96 10.25899076461792
96 10.264716386795044
95 10.269237041473389
94 10.274647951126099
94 10.27912425994873
92 10.284705877304077
92 10.289192199707031
90 10.294671535491943
89 10.299187183380127
87 10.304804563522339
86 10.309927940368652
84 10.315314292907715
84 10.319775104522705
84 10.325176000595093
83 10.329619407653809
82 10.335017442703247
82 10.339452505111694
82 10.34502649307251
82 10.349456787109375
82 10.354835748672485
83 10.360941886901855
84 10.365514278411865
84 10.369952201843262
86 10.378777265548706
87 10.384047508239746
88 10.38874888420105
89 10.393917322158813
90 10.398618459701538
92 10.404050827026367
93 10.409438610076904
94 10.414894342422485
96 10.419327735900879
96 10.424789905548096
97 10.429259538650513
98 10.434968709945679
98 10.439422845840454
98 10.444879055023193
98 10.4493567943573
98 10.454753875732422
98 10.459964752197266
97 10.469956636428833
96 10.477227210998535
94 10.482797622680664
94 10.487234115600586
92 10.49281907081604
91 10.497263431549072
90 10.502870798110962
88 10.507256031036377
86 10.513686656951904
86 10.518165349960327
84 10.523727178573608
84 10.528160810470581
83 10.533543348312378
82 10.538012981414795
82 10.543314456939697
82 10.547832250595093
82 10.553048610687256
82 10.557551622390747
82 10.56396770477295
83 10.56868028640747
84 10.573854684829712
84 10.578514099121094
85 10.583894729614258
86 10.588581323623657
87 10.593775033950806
88 10.598406553268433
90 10.603596448898315
90 10.608117818832397
92 10.614506006240845
94 10.619009971618652
95 10.624468803405762
96 10.628946542739868
96 10.634105205535889
97 10.638782978057861
98 10.644129514694214
98 10.648833274841309
98 10.653996467590332
98 10.658706665039062
98 10.664882898330688
97 10.669378280639648
97 10.674800634384155
96 10.679260015487671
96 10.684714078903198
95 10.689172506332397
94 10.694775342941284
92 10.699270248413086
92 10.704846143722534
90 10.709306478500366
88 10.715502977371216
87 10.720515727996826
86 10.725420951843262
85 10.729865074157715
84 10.735274076461792
83 10.739727973937988
83 10.74510931968689
82 10.749528646469116
82 10.75495958328247
82 10.75941014289856
82 10.765705823898315
82 10.7710862159729
83 10.775583028793335
84 10.780506372451782
84 10.785460233688354
85 10.789900541305542
86 10.795275211334229
87 10.799726724624634
88 10.805113554000854
89 10.80953049659729
90 10.815593957901001
92 10.820576906204224
94 10.825693845748901
94 10.831006050109863
96 10.835567712783813
96 10.840508460998535
98 10.845469236373901
98 10.849901914596558
98 10.855295419692993
98 10.859738111495972
98 10.865907192230225
98 10.877161741256714
98 10.882830142974854
97 10.88723087310791
96 10.892817497253418
96 10.897254705429077
95 10.9028639793396
94 10.90727972984314
92 10.912719488143921
91 10.918410301208496
90 10.923669576644897
88 10.928139925003052
87 10.933604001998901
86 10.93806767463684
84 10.943615913391113
84 10.94807243347168
83 10.953650712966919
82 10.958138704299927
82 10.964178085327148
82 10.969589233398438
82 10.975021362304688
82 10.979452848434448
82 10.984933137893677
83 10.989392280578613
83 10.99481201171875
84 10.99926233291626
84 11.00481390953064
86 11.009258031845093
87 11.01469349861145
88 11.019927978515625
90 11.025309562683105
91 11.029776811599731
92 11.035269498825073
94 11.03977108001709
94 11.045170307159424
95 11.049626111984253
96 11.05502700805664
96 11.059467554092407
96 11.06504487991333
97 11.071127653121948
97 11.075647354125977
96 11.080973863601685
96 11.085657119750977
96 11.090996742248535
95 11.095587015151978
94 11.100953817367554
94 11.105500221252441
92 11.109975576400757
92 11.11541748046875
90 11.121939182281494
89 11.126636266708374
88 11.131856441497803
86 11.136134386062622
86 11.141715288162231
84 11.146047592163086
84 11.15141248703003
84 11.155914306640625
83 11.161248683929443
83 11.16577410697937
83 11.172063827514648
83 11.176750421524048
84 11.182086944580078
84 11.186785221099854
84 11.19195294380188
86 11.196593523025513
86 11.201826572418213
88 11.206077337265015
88 11.211441993713379
90 11.216110944747925
91 11.222710609436035
92 11.227161169052124
94 11.232569932937622
94 11.237054109573364
95 11.242658615112305
96 11.247130870819092
96 11.252525091171265
96 11.256974458694458
96 11.263931512832642
96 11.27482533454895
96 11.281843423843384
95 11.286130905151367
94 11.291908025741577
94 11.296937704086304
92 11.302640676498413
92 11.307093620300293
90 11.3125479221344
90 11.317013502120972
88 11.322180032730103
86 11.327603816986084
86 11.332941770553589
85 11.33737826347351
84 11.34294867515564
84 11.347362518310547
83 11.352774858474731
82 11.357193946838379
82 11.36275601387024
82 11.367184162139893
83 11.372589111328125
83 11.378037214279175
84 11.383368492126465
84 11.387921571731567
84 11.393113613128662
86 11.397616863250732
86 11.402940273284912
87 11.407377481460571
88 11.412791728973389
90 11.417215585708618
91 11.422871112823486
92 11.428484201431274
94 11.433806657791138
95 11.438474655151367
96 11.443677425384521
96 11.4481360912323
97 11.453513622283936
97 11.457997560501099
97 11.463333368301392
97 11.467886686325073
97 11.473373651504517
96 11.478779554367065
96 11.484091758728027
96 11.488749980926514
94 11.493958711624146
94 11.498609781265259
92 11.503787994384766
92 11.508435487747192
90 11.51363754272461
90 11.518146753311157
88 11.523540496826172
87 11.529067993164062
86 11.53449010848999
85 11.538967370986938
84 11.544480562210083
84 11.548979043960571
83 11.554114818572998
83 11.558765172958374
83 11.563954591751099
83 11.568631172180176
83 11.573796033859253
84 11.579291820526123
84 11.584743022918701
85 11.589194297790527
86 11.594680786132812
86 11.599148511886597
88 11.60474944114685
88 11.609171152114868
90 11.614591360092163
91 11.61907958984375
93 11.624490737915039
94 11.629669904708862
95 11.635095834732056
96 11.639541149139404
96 11.64500617980957
97 11.649440288543701
97 11.654848337173462
98 11.659278869628906
98 11.664890766143799
98 11.674055337905884
97 11.681439638137817
96 11.686086893081665
96 11.691860437393188
95 11.696549654006958
94 11.70192003250122
93 11.706596374511719
92 11.711814165115356
90 11.716084957122803
90 11.721872568130493
88 11.726613521575928
86 11.732956409454346
86 11.737369537353516
84 11.745099782943726
83 11.753408193588257
83 11.757944107055664
83 11.763139009475708
82 11.767647504806519
83 11.772986888885498
83 11.777414560317993
84 11.783987998962402
84 11.788684368133545
84 11.793866157531738
85 11.798548460006714
86 11.803759574890137
87 11.808413982391357
88 11.813623666763306
90 11.818104982376099
91 11.823535919189453
92 11.82806944847107
93 11.834480285644531
94 11.83897352218628
95 11.844494819641113
96 11.84897756576538
96 11.854117393493652
96 11.858812093734741
96 11.864137411117554
96 11.868805170059204
96 11.8739914894104
96 11.878686666488647
96 11.884854793548584
95 11.889353513717651
94 11.894790887832642
94 11.899275541305542
93 11.904847383499146
92 11.909297943115234
91 11.914741516113281
90 11.919256210327148
88 11.924680709838867
88 11.929182291030884
86 11.935317516326904
85 11.939769268035889
84 11.945192098617554
84 11.94962477684021
83 11.955039978027344
83 11.959469556808472
83 11.965665578842163
83 11.97109341621399
83 11.975646018981934
84 11.980985403060913
84 11.986648321151733
84 11.992010116577148
86 11.996677160263062
86 12.001919746398926
88 12.006597757339478
88 12.011818408966064
90 12.016083717346191
91 12.021857023239136
92 12.026594161987305
94 12.031837463378906
95 12.037307024002075
96 12.042754888534546
96 12.04719591140747
97 12.052595376968384
97 12.057076692581177
97 12.062504291534424
97 12.066965103149414
97 12.07596468925476
96 12.083550930023193
96 12.088986158370972
94 12.094529628753662
94 12.098999738693237
92 12.104540824890137
92 12.109016180038452
90 12.11445927619934
90 12.118947744369507
88 12.124484062194824
87 12.129000425338745
86 12.134137153625488
84 12.1394784450531
84 12.145071268081665
83 12.149596691131592
83 12.155014038085938
82 12.159453392028809
82 12.164847373962402
82 12.169305086135864
82 12.174757480621338
83 12.179210186004639
84 12.184664726257324
84 12.189907789230347
85 12.195297956466675
86 12.199744939804077
86 12.20534348487854
88 12.209785461425781
88 12.215240478515625
90 12.219686508178711
91 12.225119352340698
92 12.229691982269287
94 12.235120296478271
94 12.241289854049683
96 12.245792388916016
96 12.251197338104248
96 12.255878210067749
97 12.26127004623413
97 12.26592755317688
97 12.271279335021973
96 12.27578854560852
96 12.281124114990234
96 12.285630464553833
95 12.291936159133911
94 12.296598672866821
94 12.326935291290283
82 12.353659868240356
74 12.366090059280396
71 12.378907680511475
66 12.39759349822998
65 12.408076524734497
65 12.428926944732666
66 12.437911748886108
70 12.465575218200684
78 12.494076251983643
84 12.517291069030762
91 12.527827739715576
96 12.539815187454224
100 12.551827192306519
103 12.561930179595947
105 12.571802616119385
107 12.58248233795166
108 12.592063903808594
108 12.598478078842163
108 12.60369610786438
108 12.608154058456421
108 12.61359691619873
108 12.618133544921875
108 12.623685121536255
108 12.628140211105347
106 12.63814401626587
104 12.649418830871582
102 12.659307479858398
101 12.664896726608276
100 12.669729709625244
98 12.676949977874756
96 12.682588815689087
95 12.687047004699707
93 12.692477941513062
91 12.697972297668457
90 12.703182458877563
87 12.707763433456421
86 12.71304965019226
84 12.717429399490356
82 12.722805976867676
81 12.727238893508911
80 12.732753992080688
79 12.737180709838867
78 12.742754459381104
77 12.748395919799805
76 12.753604173660278
76 12.758116483688354
76 12.763445138931274
76 12.767975091934204
76 12.773152589797974
76 12.77765703201294
76 12.783153772354126
77 12.787683725357056
78 12.793017864227295
78 12.798705101013184
80 12.804057598114014
80 12.808746337890625
82 12.813971281051636
82 12.81865119934082
84 12.823824167251587
85 12.828474044799805
86 12.833678245544434
88 12.838151216506958
90 12.843590021133423
91 12.84908652305603
93 12.854509115219116
94 12.858993530273438
96 12.864502668380737
96 12.868992805480957
98 12.87921142578125
99 12.885977029800415
99 12.8913254737854
100 12.895962238311768
100 12.902774572372437
99 12.90720510482788
98 12.912862777709961
98 12.917281150817871
98 12.9229257106781
97 12.927381753921509
96 12.932797908782959
95 12.937232732772827
94 12.942639827728271
93 12.947103023529053
92 12.953405857086182
90 12.957977771759033
88 12.96407413482666
87 12.968785285949707
86 12.97398328781128
84 12.978648662567139
84 12.984016180038452
83 12.988688230514526
82 12.993862628936768
82 12.998555660247803
149