0 0.004439115524291992
0 0.01518106460571289
0 0.020577192306518555
0 0.025043249130249023
0 0.030225515365600586
1 0.03492283821105957
1 0.04009604454040527
2 0.04574441909790039
3 0.050922393798828125
5 0.05566668510437012
6 0.0610508918762207
7 0.06571364402770996
9 0.07087087631225586
11 0.07556891441345215
13 0.0809469223022461
15 0.08564162254333496
17 0.09084391593933105
19 0.09630870819091797
23 0.10176968574523926
25 0.10623979568481445
28 0.11172056198120117
31 0.11619830131530762
35 0.12175679206848145
37 0.12621045112609863
41 0.13172364234924316
45 0.13619446754455566
51 0.14251351356506348
53 0.14885377883911133
59 0.1531352996826172
62 0.15871787071228027
67 0.16302037239074707
71 0.16841864585876465
77 0.17290711402893066
80 0.1782839298248291
86 0.18296170234680176
90 0.18835735321044922
96 0.19296598434448242
103 0.19964003562927246
106 0.2041332721710205
112 0.2097325325012207
115 0.21416783332824707
125 0.2250957489013672
129 0.23189425468444824
133 0.23635005950927734
136 0.2420799732208252
139 0.24653077125549316
143 0.2528395652770996
145 0.2583038806915283
148 0.2628517150878906
149 0.2682774066925049
152 0.2728281021118164
153 0.2781996726989746
155 0.28271913528442383
157 0.288100004196167
158 0.292651891708374
159 0.29805493354797363
160 0.3038637638092041
161 0.3090646266937256
161 0.313765287399292
162 0.31905364990234375
162 0.32377028465270996
162 0.3289973735809326
161 0.3336789608001709
161 0.3390676975250244
161 0.34375786781311035
160 0.34898829460144043
159 0.3544433116912842
158 0.36005401611328125
157 0.3645930290222168
155 0.36992645263671875
154 0.37439870834350586
152 0.37982678413391113
151 0.3843221664428711
148 0.38988685607910156
147 0.3943300247192383
143 0.3997962474822998
141 0.40520381927490234
138 0.41060400009155273
135 0.41514015197753906
132 0.42071986198425293
129 0.4252192974090576
125 0.430680513381958
123 0.43518567085266113
119 0.4406278133392334
116 0.4451627731323242
111 0.4505898952484131
109 0.45603227615356445
103 0.4611966609954834
100 0.4659273624420166
95 0.47158098220825195
91 0.4760856628417969
87 0.4816882610321045
83 0.4861612319946289
77 0.4915432929992676
74 0.49600934982299805
69 0.501166582107544
65 0.5065038204193115
61 0.51190185546875
57 0.5163314342498779
55 0.5217351913452148
52 0.5262067317962646
49 0.5316507816314697
46 0.5361096858978271
43 0.5416824817657471
41 0.5461132526397705
39 0.5515060424804688
36 0.5567553043365479
35 0.5622117519378662
33 0.5666506290435791
31 0.5720615386962891
29 0.5764915943145752
29 0.5819108486175537
27 0.586374044418335
27 0.5917830467224121
27 0.5962574481964111
26 0.6018455028533936
25 0.6076157093048096
25 0.612602710723877
25 0.6222076416015625
26 0.6291935443878174
27 0.633873701095581
27 0.6392147541046143
28 0.6439061164855957
29 0.6492235660552979
30 0.6546838283538818
32 0.6601667404174805
34 0.6646871566772461
35 0.6700870990753174
37 0.6745731830596924
39 0.6798694133758545
41 0.6842715740203857
43 0.6896674633026123
45 0.6941277980804443
48 0.699570894241333
50 0.7040219306945801
53 0.7102072238922119
57 0.7147350311279297
59 0.7203736305236816
63 0.7249042987823486
67 0.7304162979125977
71 0.7349786758422852
73 0.7401974201202393
78 0.7447316646575928
81 0.7500569820404053
86 0.7544450759887695
91 0.7608144283294678
95 0.7654945850372314
100 0.7707157135009766
103 0.7751996517181396
108 0.7808465957641602
111 0.7855658531188965
115 0.7907862663269043
117 0.7954378128051758
121 0.8006994724273682
123 0.8051793575286865
127 0.8116092681884766
129 0.8161046504974365
131 0.8215394020080566
133 0.8260319232940674
135 0.8311655521392822
137 0.83583664894104
139 0.8411989212036133
140 0.8459391593933105
141 0.8511602878570557
143 0.8558263778686523
143 0.8621675968170166
144 0.8666222095489502
145 0.8720641136169434
145 0.8765058517456055
145 0.8819596767425537
145 0.8864362239837646
145 0.8918466567993164
144 0.896315336227417
143 0.9019300937652588
143 0.906482458114624
141 0.9126427173614502
141 0.9180004596710205
139 0.9225616455078125
138 0.9275667667388916
136 0.9325158596038818
135 0.9380171298980713
133 0.9425930976867676
131 0.9475905895233154
128 0.9525220394134521
127 0.9569871425628662
123 0.9636795520782471
121 0.9689195156097412
118 0.9735903739929199
116 0.9788479804992676
113 0.983161211013794
110 0.9889578819274902
106 0.9936776161193848
103 0.9989135265350342
99 1.0035793781280518
96 1.0088062286376953
91 1.0142738819122314
83 1.0246546268463135
77 1.0310895442962646
73 1.0357763767242432
69 1.0411319732666016
66 1.0459716320037842
61 1.0515296459197998
59 1.0561153888702393
55 1.0622978210449219
51 1.0667684078216553
49 1.072190523147583
46 1.0766234397888184
45 1.0821800231933594
41 1.0866096019744873
40 1.0920281410217285
37 1.0964961051940918
37 1.1019055843353271
35 1.1063382625579834
33 1.1124522686004639
32 1.1168880462646484
31 1.122467279434204
30 1.1269357204437256
29 1.1323432922363281
29 1.138305425643921
28 1.143022060394287
28 1.1483664512634277
28 1.152862548828125
28 1.158245325088501
29 1.163832187652588
29 1.1689984798431396
29 1.1736295223236084
30 1.1788320541381836
31 1.183100938796997
31 1.1884467601776123
33 1.192934274673462
34 1.198279857635498
36 1.2029340267181396
37 1.2082829475402832
39 1.2139689922332764
42 1.2194416522979736
43 1.2239174842834473
46 1.2290525436401367
48 1.233715295791626
49 1.238919734954834
53 1.2435872554779053
55 1.2490057945251465
59 1.253692388534546
61 1.259040117263794
65 1.264591932296753
69 1.2699158191680908
71 1.27431058883667
76 1.2797448635101318
79 1.2841911315917969
83 1.2895939350128174
87 1.294081211090088
92 1.2994894981384277
95 1.3039882183074951
100 1.309201717376709
103 1.314664602279663
108 1.3201944828033447
112 1.3248059749603271
115 1.330136775970459
119 1.3346819877624512
121 1.3400347232818604
125 1.344451904296875
127 1.3498458862304688
129 1.35428786277771
131 1.359760046005249
133 1.365204095840454
136 1.3706912994384766
137 1.3751847743988037
139 1.380791425704956
141 1.3855135440826416
141 1.3907356262207031
143 1.3952012062072754
143 1.400705099105835
144 1.4051768779754639
145 1.4105849266052246
145 1.416062831878662
145 1.4266908168792725
145 1.4322876930236816
144 1.4367733001708984
143 1.4424786567687988
143 1.446958065032959
141 1.4525456428527832
141 1.4570200443267822
139 1.4626376628875732
138 1.4689865112304688
137 1.4736828804016113
135 1.478907585144043
133 1.4835023880004883
131 1.488783597946167
129 1.4931087493896484
127 1.4988794326782227
124 1.5035955905914307
122 1.50899338722229
119 1.513688564300537
115 1.5199127197265625
113 1.5243535041809082
109 1.5298099517822266
107 1.5342676639556885
103 1.5397164821624756
100 1.544189214706421
96 1.5496325492858887
93 1.5541470050811768
88 1.5597467422485352
85 1.564199447631836
79 1.5704545974731445
76 1.5749800205230713
73 1.5801920890808105
69 1.5847277641296387
67 1.5900282859802246
63 1.594426155090332
61 1.599853277206421
59 1.6042566299438477
55 1.6098535060882568
53 1.6142864227294922
51 1.620741605758667
49 1.6251952648162842
47 1.6305890083312988
45 1.6350319385528564
44 1.6406095027923584
43 1.6450872421264648
41 1.6504356861114502
41 1.654970645904541
40 1.6601600646972656
39 1.6646819114685059
39 1.6708920001983643
39 1.6755750179290771
39 1.680940866470337
39 1.6855928897857666
39 1.69077730178833
39 1.6951956748962402
41 1.7006194591522217
41 1.7050907611846924
42 1.7104132175445557
43 1.7149543762207031
44 1.7211253643035889
45 1.7258405685424805
47 1.7310380935668945
49 1.735713243484497
51 1.74104642868042
52 1.7457349300384521
55 1.75089693069458
57 1.7555882930755615
59 1.7608060836791992
61 1.765432596206665
65 1.7716875076293945
67 1.7762036323547363
70 1.7816388607025146
73 1.7861144542694092
77 1.7915012836456299
79 1.7959954738616943
83 1.8015236854553223
86 1.805999755859375
91 1.8111379146575928
94 1.8158385753631592
98 1.826127052307129
107 1.8337349891662598
109 1.839148998260498
113 1.8439478874206543
116 1.849515676498413
118 1.854015588760376
121 1.8597149848937988
123 1.8641762733459473
125 1.8696322441101074
127 1.8751373291015625
129 1.880570888519287
130 1.8850975036621094
131 1.8904476165771484
133 1.8950297832489014
133 1.900667667388916
135 1.9095311164855957
135 1.914053201675415
135 1.9196689128875732
135 1.9251573085784912
135 1.9306225776672363
135 1.935148000717163
134 1.9405434131622314
133 1.945024013519287
133 1.9502184391021729
131 1.9549190998077393
131 1.9601366519927979
129 1.9646761417388916
128 1.970017671585083
126 1.9755818843841553
124 1.980963945388794
123 1.9856750965118408
120 1.990873098373413
119 1.9955909252166748
115 2.0008039474487305
114 2.0054945945739746
111 2.0107333660125732
109 2.015439987182617
105 2.020658016204834
103 2.0261504650115967
99 2.031763792037964
97 2.036269426345825
93 2.0419323444366455
89 2.0463931560516357
85 2.0518243312835693
83 2.0562803745269775
79 2.061688184738159
75 2.0661375522613525
72 2.0715384483337402
69 2.076676368713379
67 2.0820882320404053
63 2.086507558822632
62 2.0919337272644043
59 2.0963666439056396
57 2.1019952297210693
55 2.1065218448638916
54 2.1119484901428223
52 2.1163721084594727
51 2.121811866760254
50 2.1269702911376953
49 2.1324875354766846
48 2.138699531555176
47 2.1430153846740723
47 2.1484153270721436
47 2.152884006500244
47 2.1582818031311035
47 2.1629698276519775
47 2.168328046798706
47 2.1728320121765137
48 2.179090738296509
49 2.183784246444702
49 2.1889755725860596
51 2.1936347484588623
51 2.198821544647217
53 2.203083038330078
54 2.2084672451019287
56 2.2129595279693604
57 2.2183303833007812
61 2.2306599617004395
65 2.2351815700531006
67 2.240762948989868
69 2.245178461074829
73 2.250741958618164
75 2.2551827430725098
79 2.2607319355010986
81 2.2651846408843994
85 2.270599126815796
87 2.2750778198242188
91 2.281449794769287
95 2.2860348224639893
99 2.291595220565796
101 2.296104907989502
105 2.3015661239624023
107 2.3060519695281982
111 2.311474323272705
113 2.3159782886505127
116 2.321148633956909
117 2.325854778289795
120 2.3319573402404785
122 2.336460590362549
123 2.3420820236206055
125 2.3466155529022217
127 2.352052927017212
128 2.35652494430542
129 2.3619821071624756
129 2.366468906402588
130 2.371913433074951
131 2.376403570175171
131 2.3825371265411377
131 2.3869924545288086
131 2.392479658126831
131 2.3969528675079346
131 2.4026122093200684
130 2.407970428466797
129 2.4125475883483887
129 2.4170331954956055
127 2.422645092010498
126 2.4279727935791016
125 2.4337334632873535
123 2.4389522075653076
121 2.4436511993408203
120 2.448884963989258
118 2.4535655975341797
117 2.45898699760437
114 2.4636778831481934
112 2.468921184539795
109 2.4736053943634033
107 2.4788613319396973
103 2.4842941761016846
100 2.48979115486145
98 2.494232416152954
94 2.499677896499634
91 2.504150629043579
87 2.509575128555298
85 2.5140366554260254
81 2.5195934772491455
78 2.5240461826324463
74 2.529454469680786
71 2.534694194793701
69 2.540022850036621
67 2.544421672821045
63 2.549992799758911
62 2.5543949604034424
59 2.559882879257202
58 2.564286231994629
56 2.569693088531494
55 2.574145555496216
53 2.5797171592712402
51 2.5852017402648926
50 2.590576648712158
49 2.5950169563293457
49 2.604187488555908
48 2.6097187995910645
48 2.614168167114258
47 2.6196060180664062
48 2.6305992603302
49 2.640751838684082
51 2.6511452198028564
54 2.665621757507324
57 2.672907829284668
60 2.683950185775757
65 2.6931307315826416
69 2.704227924346924
76 2.715204954147339
83 2.72662615776062
89 2.738389492034912
97 2.7468314170837402
101 2.754162549972534
105 2.7597479820251465
109 2.764216661453247
113 2.769653081893921
115 2.7741241455078125
119 2.7796149253845215
121 2.784101963043213
123 2.7941179275512695
130 2.806013345718384
133 2.8150081634521484
136 2.820777416229248
137 2.825855255126953
139 2.8310351371765137
139 2.8357791900634766
140 2.8409876823425293
141 2.845695734024048
141 2.8508949279785156
141 2.8563859462738037
141 2.86184024810791
141 2.866313934326172
141 2.8717339038848877
141 2.876218795776367
140 2.8818109035491943
139 2.886324882507324
138 2.891779899597168
137 2.8962669372558594
136 2.9017131328582764
135 2.906994342803955
133 2.9124343395233154
131 2.9169070720672607
129 2.9223461151123047
127 2.926826238632202
126 2.93220853805542
123 2.936657667160034
121 2.942225933074951
119 2.9466757774353027
116 2.9521167278289795
113 2.9582467079162598
109 2.962811231613159
107 2.968179941177368
103 2.972693920135498
101 2.9781057834625244
97 2.9826600551605225
93 2.988002300262451
89 2.9925477504730225
86 2.997016429901123
82 3.002641201019287
79 3.008984088897705
75 3.013639211654663
73 3.0188229084014893
69 3.0231106281280518
63 3.0338544845581055
61 3.039186477661133
59 3.0438740253448486
56 3.049194812774658
55 3.0538864135742188
53 3.060354471206665
51 3.0648930072784424
49 3.0703847408294678
48 3.0749285221099854
47 3.0801382064819336
46 3.0846669673919678
45 3.09000825881958
45 3.0944104194641113
44 3.0998289585113525
45 3.1211612224578857
46 3.1425936222076416
49 3.149165153503418
50 3.1542863845825195
52 3.1605451107025146
53 3.1650466918945312
55 3.170248508453369
57 3.1748762130737305
59 3.1802515983581543
61 3.184858560562134
63 3.190079689025879
66 3.1945743560791016
68 3.2000529766082764
71 3.204448938369751
75 3.2106451988220215
77 3.2151381969451904
81 3.220587968826294
83 3.2250752449035645
87 3.2304494380950928
90 3.2349891662597656
95 3.240476608276367
97 3.2450547218322754
100 3.2504427433013916
103 3.255011558532715
107 3.2610924243927
109 3.2658228874206543
113 3.2710182666778564
115 3.2757537364959717
117 3.281003713607788
119 3.285719633102417
121 3.290910482406616
123 3.2956113815307617
125 3.300983190536499
126 3.3056957721710205
127 3.311845541000366
129 3.316331624984741
129 3.321787118911743
130 3.3262875080108643
131 3.331890821456909
131 3.3363335132598877
131 3.3418328762054443
131 3.3463213443756104
131 3.351745367050171
131 3.3563172817230225
130 3.36271333694458
129 3.368098497390747
129 3.3726463317871094
128 3.3779850006103516
127 3.3825669288635254
125 3.387565851211548
124 3.3924896717071533
123 3.397003650665283
121 3.4024243354797363
119 3.406890869140625
117 3.4130287170410156
115 3.418447971343994
113 3.4231207370758057
107 3.4345765113830566
105 3.4400742053985596
101 3.444617748260498
99 3.4501380920410156
95 3.4547033309936523
93 3.460397481918335
89 3.4658453464508057
85 3.471031665802002
83 3.4757027626037598
79 3.4810800552368164
76 3.4857704639434814
73 3.4909727573394775
71 3.4956395626068115
68 3.5008251667022705
66 3.505476236343384
63 3.5106899738311768
62 3.5161845684051514
60 3.521588087081909
59 3.5260369777679443
57 3.5311715602874756
55 3.535844564437866
54 3.5411763191223145
53 3.545836925506592
53 3.5510380268096924
52 3.55570387840271
51 3.560864210128784
51 3.566357374191284
51 3.571761131286621
51 3.5762224197387695
51 3.5816233158111572
51 3.586076498031616
51 3.5916080474853516
51 3.5960874557495117
53 3.606506586074829
54 3.612060070037842
55 3.6180741786956787
57 3.6226468086242676
58 3.6279752254486084
59 3.632509708404541
61 3.6369619369506836
63 3.6424052715301514
65 3.646834373474121
67 3.6522676944732666
69 3.6567318439483643
72 3.662316083908081
74 3.668483257293701
77 3.673006057739258
79 3.67838978767395
83 3.682922601699829
85 3.6882832050323486
89 3.692802667617798
91 3.6981494426727295
95 3.7026963233947754
98 3.7080843448638916
102 3.712630271911621
105 3.719151735305786
108 3.7238612174987793
111 3.7290618419647217
113 3.733768939971924
115 3.7389864921569824
117 3.7436959743499756
119 3.7489356994628906
121 3.7537035942077637
122 3.7589449882507324
123 3.763695478439331
125 3.769981622695923
126 3.7744157314300537
127 3.780001401901245
127 3.784637451171875
128 3.789984941482544
129 3.7944207191467285
129 3.79984974861145
129 3.8043057918548584
129 3.809781312942505
128 3.8142409324645996
127 3.820669174194336
127 3.825188636779785
125 3.8363168239593506
123 3.842146635055542
122 3.846609592437744
120 3.8523435592651367
119 3.8568263053894043
117 3.8624730110168457
115 3.868783950805664
113 3.873131513595581
111 3.8787918090820312
109 3.8831048011779785
107 3.888808488845825
103 3.8931288719177246
101 3.8989012241363525
98 3.903592348098755
95 3.9088594913482666
92 3.913161516189575
89 3.919762134552002
85 3.9242165088653564
81 3.929657220840454
79 3.9341232776641846
75 3.9395854473114014
73 3.9440598487854004
70 3.9494500160217285
66 3.9569835662841797
63 3.9625933170318604
62 3.9675943851470947
60 3.9736640453338623
59 3.9790706634521484
57 3.983809232711792
55 3.988970994949341
54 3.9936606884002686
53 3.9988842010498047
52 4.003169059753418
51 4.0087571144104
51 4.0130438804626465
51 4.018418073654175
51 4.024261236190796
51 4.029674291610718
51 4.034100770950317
51 4.03950834274292
51 4.044027805328369
52 4.049182891845703
53 4.053892612457275
53 4.059048652648926
54 4.063696622848511
55 4.068901300430298
57 4.074313402175903
59 4.079953908920288
60 4.084397315979004
62 4.089827537536621
63 4.094228982925415
66 4.099641561508179
67 4.104063034057617
70 4.109659433364868
72 4.114117860794067
75 4.11958384513855
78 4.124913692474365
81 4.130129814147949
84 4.134631395339966
88 4.140913009643555
91 4.145552396774292
95 4.1507954597473145
97 4.155474424362183
101 4.1623194217681885
104 4.168227672576904
107 4.173968076705933
111 4.179168701171875
112 4.183879137039185
115 4.189822196960449
116 4.19428563117981
118 4.1999547481536865
120 4.204452991485596
121 4.2098610401153564
122 4.214294672012329
123 4.219805955886841
124 4.225469350814819
125 4.236145257949829
126 4.24186110496521
126 4.2463295459747314
126 4.251938104629517
126 4.2564170360565186
125 4.262113332748413
125 4.266558408737183
125 4.272037744522095
123 4.278210639953613
122 4.282747983932495
121 4.288122653961182
120 4.292655944824219
119 4.297989130020142
117 4.302580833435059
115 4.307579040527344
113 4.31249737739563
112 4.31695294380188
109 4.3225257396698
108 4.328898191452026
105 4.333493709564209
103 4.338866949081421
100 4.343168020248413
97 4.348782539367676
95 4.353091478347778
92 4.3586790561676025
88 4.3629865646362305
85 4.368353605270386
82 4.373008966445923
78 4.37973165512085
76 4.38417649269104
73 4.389596700668335
71 4.394057273864746
68 4.399222373962402
67 4.403910875320435
64 4.409051179885864
63 4.413719415664673
61 4.418966770172119
59 4.423693418502808
58 4.429901838302612
57 4.43430757522583
55 4.439913272857666
55 4.444301128387451
54 4.449788808822632
54 4.454207181930542
53 4.459603786468506
53 4.4640398025512695
53 4.469204664230347
53 4.473904132843018
53 4.480074882507324
54 4.484469652175903
54 4.489850997924805
55 4.494258880615234
55 4.4998297691345215
56 4.504249334335327
57 4.509671926498413
59 4.5141119956970215
60 4.519522428512573
61 4.52400279045105
63 4.5301783084869385
65 4.534725189208984
67 4.540064096450806
69 4.544461488723755
71 4.54984450340271
73 4.554259300231934
75 4.559838771820068
77 4.564274311065674
81 4.569666147232056
83 4.574141263961792
87 4.580433368682861
90 4.584982395172119
93 4.59022331237793
97 4.594881772994995
99 4.600100517272949
102 4.604626178741455
104 4.610108375549316
107 4.614665985107422
109 4.620162725448608
111 4.62470817565918
115 4.63661789894104
117 4.642256021499634
119 4.646727800369263
119 4.652302503585815
121 4.656825304031372
122 4.662359237670898
123 4.66683292388916
123 4.6722986698150635
123 4.676805257797241
123 4.683138847351074
123 4.688771724700928
123 4.693074941635132
123 4.698486328125
123 4.70302152633667
122 4.708397150039673
121 4.71291446685791
121 4.718304395675659
119 4.722865104675293
119 4.728306293487549
117 4.734007358551025
115 4.739596843719482
114 4.744084596633911
112 4.749521493911743
111 4.754049777984619
108 4.759715795516968
106 4.764186859130859
103 4.769620895385742
101 4.7740983963012695
99 4.779529333114624
95 4.785013914108276
93 4.7904064655303955
89 4.794971704483032
85 4.800431489944458
83 4.8049821853637695
81 4.810168981552124
78 4.814676523208618
75 4.820029020309448
74 4.8244242668151855
71 4.829832553863525
69 4.835213899612427
67 4.84061074256897
65 4.8451244831085205
64 4.8504321575164795
63 4.854997158050537
61 4.8604254722595215
61 4.864987850189209
60 4.87018084526062
59 4.874708414077759
59 4.88001275062561
58 4.885618209838867
57 4.8909752368927
57 4.89564323425293
58 4.900814771652222
58 4.905502557754517
59 4.9106764793396
59 4.91515326499939
60 4.920675754547119
61 4.925151109695435
62 4.930437088012695
63 4.935892820358276
65 4.941103458404541
66 4.945781230926514
67 4.950965166091919
69 4.955648183822632
71 4.960867881774902
73 4.965555191040039
75 4.970719814300537
77 4.975183486938477
80 4.980743646621704
82 4.985187530517578
85 4.991493463516235
87 4.995988607406616
91 5.0011279582977295
93 5.005818843841553
97 5.011044502258301
99 5.015753984451294
103 5.021132469177246
105 5.025831937789917
107 5.038060665130615
112 5.042863130569458
113 5.048243522644043
115 5.052922487258911
116 5.058308839797974
117 5.062968730926514
118 5.068371534347534
119 5.072919607162476
120 5.0783185958862305
121 5.0828471183776855
121 5.089210271835327
121 5.093936920166016
121 5.099498987197876
121 5.1040332317352295
121 5.109214544296265
120 5.113906383514404
119 5.119086503982544
119 5.123788833618164
118 5.128990888595581
117 5.133702754974365
115 5.140617847442627
114 5.145129680633545
113 5.15068793296814
111 5.155181884765625
109 5.160789966583252
107 5.165525674819946
105 5.170742750167847
103 5.17543363571167
101 5.180677652359009
99 5.185167074203491
95 5.191524505615234
93 5.196033000946045
89 5.202836036682129
87 5.208191633224487
83 5.21268367767334
81 5.2189109325408936
77 5.223613500595093
76 5.228813886642456
73 5.233891487121582
71 5.239099025726318
69 5.244588851928711
67 5.24989128112793
66 5.2543323040008545
64 5.259790420532227
63 5.2642176151275635
62 5.2696568965911865
61 5.274111747741699
61 5.27970290184021
60 5.28415846824646
59 5.289553165435791
59 5.2949817180633545
59 5.300182342529297
59 5.304694414138794
59 5.309985399246216
59 5.31440281867981
61 5.319815397262573
61 5.3242347240448
62 5.329650402069092
63 5.334101438522339
64 5.3396477699279785
65 5.344993829727173
67 5.350192546844482
69 5.354803800582886
70 5.360048532485962
72 5.364440679550171
74 5.369849681854248
75 5.374268293380737
78 5.379660129547119
80 5.3841307163238525
83 5.389549493789673
86 5.3948869705200195
89 5.400225877761841
92 5.404857873916626
94 5.410407781600952
97 5.4149816036224365
100 5.420212984085083
103 5.424804210662842
105 5.430070877075195
110 5.440936088562012
112 5.446466684341431
113 5.45206880569458
115 5.456505298614502
117 5.462197542190552
117 5.466676235198975
119 5.472243785858154
119 5.476710796356201
120 5.482121706008911
121 5.486555337905884
121 5.491982698440552
121 5.4982006549835205
121 5.5027124881744385
121 5.508068084716797
121 5.5126097202301025
120 5.517969131469727
119 5.522668838500977
119 5.528014659881592
118 5.532590389251709
117 5.537579298019409
115 5.542665958404541
115 5.548931837081909
113 5.553630828857422
112 5.5588953495025635
109 5.563579082489014
108 5.568808317184448
106 5.573115110397339
104 5.578859806060791
101 5.583626985549927
99 5.5888512134552
97 5.593119144439697
93 5.599975824356079
87 5.609919548034668
85 5.614333629608154
81 5.619972467422485
79 5.624383926391602
76 5.629945755004883
74 5.634346008300781
71 5.640002012252808
69 5.6444127559661865
67 5.6507298946380615
65 5.655180215835571
63 5.660580635070801
62 5.665028810501099
61 5.6705849170684814
59 5.675073146820068
59 5.680397272109985
57 5.684957265853882
57 5.69013524055481
57 5.694611549377441
56 5.701092004776001
56 5.705774784088135
56 5.7109375
56 5.715613842010498
56 5.720813512802124
57 5.725486516952515
57 5.730679988861084
57 5.735151290893555
59 5.740445852279663
59 5.7449963092803955
61 5.751146554946899
61 5.75583553314209
63 5.761164426803589
64 5.765823602676392
66 5.771014928817749
67 5.775686740875244
70 5.7808678150177
71 5.785508394241333
74 5.79071307182312
75 5.7951812744140625
79 5.8017542362213135
81 5.806216478347778
84 5.81165075302124
86 5.816087484359741
90 5.821798801422119
93 5.826312303543091
96 5.831777334213257
103 5.8427910804748535
105 5.848203897476196
107 5.853975534439087
109 5.859615325927734
111 5.864113807678223
113 5.869740724563599
115 5.874191045761108
117 5.879759788513184
117 5.884223222732544
119 5.889660835266113
119 5.894112825393677
120 5.900374889373779
121 5.904977798461914
121 5.910215616226196
121 5.914869546890259
121 5.9201014041900635
121 5.924656391143799
121 5.930167198181152
121 5.9347076416015625
120 5.940212965011597
119 5.948898553848267
117 5.954411745071411
116 5.959835052490234
115 5.96429967880249
113 5.9697585105896
112 5.974240303039551
110 5.979673624038696
109 5.9841718673706055
106 5.989611625671387
105 5.994112014770508
101 5.999726295471191
99 6.005112648010254
96 6.010463714599609
93 6.015018463134766
91 6.020205974578857
88 6.02473258972168
85 6.0300612449646
82 6.034589767456055
79 6.039933919906616
77 6.044331073760986
75 6.049770355224609
72 6.0550854206085205
69 6.0606913566589355
67 6.065160036087036
65 6.070549726486206
65 6.075006008148193
63 6.080222129821777
61 6.084805011749268
61 6.0900304317474365
60 6.094424724578857
59 6.0998313426971436
58 6.105435848236084
57 6.110649347305298
57 6.115104913711548
57 6.120662689208984
57 6.125157356262207
57 6.130582094192505
57 6.135006666183472
57 6.14105486869812
58 6.145682334899902
59 6.150838136672974
60 6.156333923339844
61 6.161725282669067
61 6.166184663772583
63 6.171576261520386
64 6.176008939743042
66 6.181527853012085
67 6.1860432624816895
69 6.191576719284058
71 6.196044921875
73 6.201156377792358
76 6.2064948081970215
78 6.211927890777588
81 6.216355085372925
83 6.2217957973480225
85 6.226266145706177
89 6.2317328453063965
96 6.2430596351623535
101 6.251531600952148
105 6.256840705871582
109 6.262479066848755
111 6.266972541809082
114 6.272594451904297
116 6.277585506439209
119 6.282491683959961
120 6.286982774734497
122 6.2923808097839355
123 6.296855688095093
125 6.302465200424194
127 6.308761358261108
128 6.313076972961426
129 6.318434476852417
130 6.323083877563477
131 6.328756093978882
131 6.333068132400513
131 6.338465690612793
131 6.342956066131592
131 6.348353624343872
131 6.352862358093262
131 6.359618663787842
131 6.3641088008880615
130 6.369519233703613
129 6.374006509780884
128 6.379222631454468
127 6.383963346481323
126 6.3891282081604
125 6.393810510635376
123 6.399002552032471
121 6.403681755065918
119 6.409947872161865
118 6.414409160614014
115 6.420010089874268
113 6.424423694610596
111 6.429845333099365
109 6.434293746948242
106 6.4397852420806885
104 6.444228887557983
101 6.449798583984375
99 6.454260587692261
93 6.4605934619903564
91 6.465109348297119
87 6.470464468002319
84 6.475002288818359
80 6.480454206466675
77 6.4849865436553955
75 6.490166902542114
71 6.4946815967559814
69 6.50004506111145
67 6.50445818901062
63 6.510764837265015
61 6.515176773071289
59 6.52058219909668
58 6.52505087852478
56 6.530415058135986
55 6.534961462020874
53 6.540453195571899
51 6.54499888420105
51 6.550168991088867
49 6.554653644561768
49 6.56092095375061
48 6.5655739307403564
47 6.570768594741821
47 6.575193166732788
47 6.580731153488159
47 6.585191965103149
47 6.59056830406189
47 6.595038652420044
48 6.600599765777588
49 6.60505223274231
49 6.611544847488403
50 6.616038799285889
51 6.6211419105529785
52 6.625802278518677
53 6.63097620010376
55 6.640578031539917
59 6.646330833435059
60 6.651930809020996
63 6.656362771987915
65 6.662740707397461
67 6.668123483657837
69 6.6727988719940186
71 6.678154945373535
75 6.682650804519653
77 6.687618255615234
81 6.6925458908081055
83 6.697023391723633
87 6.70243763923645
89 6.706867694854736
93 6.7130818367004395
96 6.719046592712402
101 6.72376823425293
103 6.728994369506836
107 6.73367714881897
109 6.738914251327515
113 6.743617057800293
115 6.748814582824707
117 6.7531116008758545
119 6.758753299713135
121 6.764254093170166
124 6.769698143005371
125 6.774181127548218
127 6.779751300811768
128 6.784235000610352
129 6.7896599769592285
131 6.794139385223389
131 6.799607276916504
132 6.804086208343506
133 6.809473514556885
133 6.8149824142456055
133 6.820181131362915
133 6.824720859527588
133 6.83005166053772
133 6.834468841552734
133 6.840101003646851
132 6.844683408737183
131 6.8500142097473145
131 6.854442834854126
130 6.8598549365997314
129 6.865217208862305
127 6.870701313018799
126 6.875180721282959
124 6.88061261177063
123 6.885103940963745
121 6.890442609786987
119 6.8950018882751465
117 6.900587797164917
115 6.905101776123047
113 6.910426378250122
111 6.9160308837890625
107 6.921193838119507
105 6.925951719284058
101 6.931144714355469
99 6.935821533203125
95 6.94102931022644
93 6.94572639465332
89 6.950915336608887
86 6.955643177032471
82 6.961008548736572
79 6.966384410858154
76 6.9720025062561035
73 6.976449489593506
71 6.981860160827637
67 6.986354827880859
65 6.991765022277832
64 6.9962475299835205
61 7.001666784286499
60 7.006109714508057
58 7.011522054672241
57 7.016759634017944
54 7.022331476211548
53 7.026785612106323
53 7.03217887878418
51 7.036617040634155
50 7.048370838165283
49 7.052985668182373
49 7.058375358581543
49 7.0629894733428955
49 7.069757461547852
49 7.074180364608765
50 7.07975697517395
50 7.084208965301514
51 7.089608192443848
51 7.094069004058838
53 7.099668502807617
53 7.1041364669799805
55 7.109546184539795
56 7.114022493362427
58 7.120155572891235
59 7.124732971191406
61 7.130042314529419
63 7.13445782661438
66 7.141183137893677
67 7.14586615562439
71 7.151029825210571
72 7.155720233917236
75 7.160871505737305
77 7.165495157241821
81 7.171660661697388
83 7.176133394241333
87 7.181576490402222
89 7.1860551834106445
93 7.191199779510498
97 7.195960998535156
101 7.20152473449707
103 7.206030368804932
107 7.21120285987854
109 7.21594762802124
113 7.222120046615601
115 7.226587772369385
117 7.2321693897247314
119 7.236645460128784
121 7.242094993591309
123 7.246639013290405
125 7.252077341079712
127 7.256509304046631
127 7.262094259262085
129 7.266641616821289
130 7.272868633270264
131 7.27825403213501
131 7.282801151275635
131 7.28817343711853
132 7.29269552230835
132 7.298057317733765
132 7.302631139755249
132 7.307987451553345
132 7.312540769577026
131 7.3170225620269775
131 7.323723316192627
130 7.32896614074707
129 7.333636999130249
129 7.338898420333862
127 7.343506574630737
126 7.348812580108643
125 7.353104591369629
123 7.3588902950286865
121 7.363612651824951
119 7.36886191368103
117 7.374221086502075
115 7.379812717437744
113 7.384269714355469
111 7.389703273773193
109 7.394170761108398
105 7.3996288776397705
103 7.404104948043823
99 7.409529447555542
97 7.414019346237183
93 7.419459104537964
89 7.424954414367676
87 7.430208921432495
83 7.434729099273682
78 7.444989204406738
73 7.451538324356079
71 7.45601224899292
68 7.461527109146118
67 7.465971231460571
64 7.471571207046509
61 7.476827621459961
60 7.482206583023071
58 7.486618757247925
57 7.492161989212036
55 7.496612787246704
55 7.502160549163818
53 7.5065999031066895
53 7.512017726898193
52 7.516448020935059
51 7.521846771240234
51 7.52703070640564
51 7.532445192337036
51 7.536889553070068
51 7.542351961135864
51 7.5468244552612305
51 7.552203893661499
51 7.5566630363464355
52 7.562211513519287
53 7.566643238067627
54 7.572036266326904
55 7.578220844268799
57 7.582735538482666
57 7.5880351066589355
59 7.59259295463562
61 7.597542762756348
64 7.606591701507568
65 7.612140417098999
68 7.616556882858276
70 7.622195243835449
75 7.633846044540405
80 7.644243478775024
87 7.655779123306274
95 7.664636850357056
103 7.676584482192993
110 7.686652421951294
114 7.696219444274902
120 7.707578897476196
126 7.717025995254517
130 7.726625680923462
133 7.7383873462677
135 7.746109247207642
137 7.751515865325928
137 7.756033420562744
138 7.761567115783691
139 7.76606297492981
139 7.771497011184692
139 7.775979280471802
139 7.781150817871094
139 7.785837888717651
139 7.798471450805664
138 7.806837558746338
137 7.8168861865997314
135 7.822633743286133
135 7.828327894210815
133 7.832839012145996
132 7.838275194168091
127 7.850967645645142
126 7.855678081512451
123 7.861079454421997
122 7.865808010101318
119 7.8715033531188965
117 7.876012086868286
114 7.881548881530762
112 7.886054277420044
109 7.891794919967651
105 7.897582054138184
101 7.90251612663269
99 7.906970739364624
95 7.91237998008728
92 7.916840553283691
89 7.922355890274048
85 7.926804780960083
81 7.932332277297974
78 7.936784029006958
75 7.942192554473877
71 7.9482505321502686
68 7.952768564224243
66 7.95813512802124
63 7.962646722793579
61 7.967965841293335
58 7.9726643562316895
57 7.978020906448364
54 7.982550621032715
53 7.986986875534058
51 7.992551565170288
49 7.998906850814819
48 8.003491401672363
46 8.012035369873047
45 8.016479015350342
45 8.021918535232544
44 8.026350736618042
43 8.03175687789917
43 8.036242961883545
43 8.041735172271729
43 8.046894788742065
43 8.05247712135315
43 8.056946039199829
44 8.06251335144043
45 8.066972970962524
45 8.0723717212677
46 8.076809406280518
47 8.082194805145264
48 8.086641073226929
49 8.092074155807495
51 8.098281860351562
53 8.10280156135559
54 8.108140468597412
56 8.11281681060791
57 8.11814284324646
60 8.122657299041748
62 8.127618789672852
65 8.132493257522583
67 8.13877272605896
70 8.143089056015015
73 8.149688959121704
75 8.154133558273315
79 8.159728765487671
81 8.164164543151855
85 8.169750213623047
89 8.17417860031128
93 8.1795973777771
95 8.184088230133057
100 8.189497947692871
103 8.194015502929688
107 8.200198411941528
110 8.204736471176147
113 8.21009087562561
115 8.214585542678833
117 8.219900846481323
119 8.224320888519287
122 8.229948282241821
125 8.234445333480835
126 8.239887714385986
129 8.251862049102783
131 8.256356716156006
132 8.262012958526611
133 8.266490936279297
134 8.272209882736206
135 8.276668548583984
135 8.282246828079224
135 8.286711692810059
135 8.292333602905273
135 8.296795845031738
135 8.30293607711792
135 8.308316469192505
134 8.3128342628479
133 8.31824016571045
133 8.32277226448059
131 8.328139066696167
130 8.33264946937561
129 8.337980270385742
127 8.342536926269531
126 8.347541093826294
116 8.372574806213379
111 8.383069515228271
103 8.401899337768555
97 8.410184860229492
89 8.420777797698975
83 8.429202795028687
80 8.433887481689453
75 8.439448833465576
73 8.44392704963684
70 8.449072360992432
67 8.454617977142334
65 8.459901332855225
63 8.464317798614502
59 8.46993088722229
58 8.474310159683228
55 8.479782581329346
54 8.48420763015747
52 8.489592790603638
51 8.494030475616455
49 8.499207258224487
47 8.50488805770874
47 8.510117769241333
46 8.514621019363403
45 8.52009391784668
45 8.524574995040894
45 8.530022859573364
44 8.534434795379639
44 8.539863109588623
44 8.544293642044067
45 8.549736261367798
45 8.555153846740723
45 8.56044626235962
46 8.564996719360352
47 8.570200681686401
48 8.574702262878418
49 8.580004930496216
50 8.584426641464233
51 8.589980125427246
53 8.594444751739502
55 8.601946353912354
58 8.608036518096924
60 8.612685918807983
62 8.618001222610474
65 8.622516870498657
67 8.626975297927856
69 8.63237452507019
72 8.636864423751831
74 8.646578073501587
81 8.653708934783936
85 8.660067558288574
89 8.664443254470825
92 8.670024156570435
97 8.674450397491455
99 8.680006742477417
103 8.68444275856018
106 8.689854383468628
108 8.694295406341553
112 8.699793577194214
114 8.704239845275879
118 8.710809230804443
120 8.715494871139526
122 8.720814228057861
124 8.725491285324097
126 8.730705261230469
127 8.735207319259644
129 8.7406485080719
130 8.745142459869385
131 8.750476598739624
132 8.75504732131958
133 8.761451959609985
133 8.765970230102539
134 8.771519184112549
135 8.776042222976685
135 8.78161907196045
135 8.786099910736084
135 8.791552782058716
135 8.796042442321777
134 8.801217317581177
133 8.805956363677979
133 8.812078475952148
132 8.816510677337646
131 8.821998596191406
129 8.826442956924438
129 8.832123756408691
127 8.836569786071777
125 8.841993808746338
123 8.846462726593018
121 8.853691101074219
120 8.859771251678467
117 8.864210844039917
115 8.869641304016113
113 8.874145269393921
110 8.880818843841553
105 8.889878273010254
102 8.894330501556396
99 8.89979338645935
96 8.904214859008789
92 8.91061806678772
88 8.915116786956787
84 8.92043399810791
81 8.924973964691162
79 8.93018364906311
75 8.934735298156738
72 8.940084218978882
69 8.944568634033203
67 8.950058698654175
64 8.954439878463745
62 8.960638284683228
59 8.965184450149536
57 8.970553159713745
56 8.975024223327637
55 8.980192184448242
53 8.984703540802002
51 8.990005016326904
50 8.994438648223877
49 8.999836683273315
49 9.004259586334229
47 9.009801626205444
47 9.015178680419922
47 9.020575523376465
47 9.02504563331604
47 9.030200004577637
47 9.03471851348877
47 9.040186166763306
47 9.050465822219849
49 9.05603289604187
49 9.062227010726929
51 9.066668272018433
52 9.072327375411987
53 9.076810121536255
55 9.08234167098999
57 9.086791038513184
58 9.09219741821289
60 9.09662675857544
61 9.102018117904663
64 9.106472969055176
66 9.112537145614624
69 9.117003440856934
72 9.122397184371948
74 9.126833200454712
77 9.132392644882202
79 9.138484477996826
83 9.143012046813965
86 9.148370265960693
90 9.152853727340698
93 9.158244848251343
97 9.164012908935547
101 9.169626235961914
103 9.17408299446106
107 9.179519891738892
109 9.184034585952759
111 9.18967080116272
113 9.194151401519775
116 9.199596881866455
117 9.20405888557434
120 9.209493637084961
122 9.214941024780273
123 9.220187187194824
125 9.224731206893921
125 9.230053663253784
127 9.234468698501587
127 9.23988389968872
128 9.244320392608643
129 9.249962568283081
129 9.254390478134155
129 9.25980520248413
129 9.26513385772705
129 9.27046513557434
128 9.275047302246094
127 9.280430316925049
127 9.285010576248169
126 9.290205240249634
125 9.294734954833984
124 9.300229549407959
123 9.304881811141968
121 9.310388803482056
120 9.315972089767456
118 9.321133852005005
117 9.325814008712769
114 9.331027269363403
113 9.335741758346558
110 9.340977430343628
108 9.345673322677612
105 9.350851774215698
103 9.355531454086304
99 9.360729455947876
97 9.36608362197876
93 9.37170147895813
91 9.37614130973816
87 9.381589412689209
85 9.386064291000366
81 9.391199588775635
78 9.395958423614502
75 9.40113115310669
72 9.405811786651611
69 9.41095781326294
67 9.416351795196533
65 9.421871185302734
62 9.426331520080566
61 9.43192744255066
59 9.436345338821411
57 9.443485498428345
53 9.454735279083252
52 9.460806131362915
51 9.468032836914062
50 9.472750663757324
49 9.47809100151062
49 9.482746839523315
49 9.488876104354858
49 9.493157386779785
49 9.498766660690308
49 9.503051042556763
50 9.508402585983276
51 9.512882232666016
51 9.519204378128052
52 9.523921251296997
53 9.529146909713745
55 9.533815383911133
55 9.538977861404419
57 9.543623208999634
59 9.548973321914673
61 9.55366849899292
62 9.559034824371338
65 9.56369400024414
66 9.569869041442871
69 9.574298620223999
71 9.579717636108398
73 9.584186792373657
77 9.589589595794678
79 9.594050407409668
83 9.599486112594604
85 9.603963375091553
89 9.609612941741943
91 9.614071607589722
95 9.620360851287842
99 9.624972820281982
102 9.630180358886719
105 9.634727954864502
107 9.640101671218872
111 9.644619703292847
113 9.64995551109314
115 9.65446662902832
117 9.65989089012146
119 9.664324760437012
121 9.670886993408203
123 9.675681114196777
124 9.68086051940918
125 9.685553312301636
127 9.690935134887695
127 9.695659875869751
128 9.700857162475586
129 9.705557823181152
129 9.710798740386963
129 9.715488195419312
129 9.721598148345947
129 9.726237058639526
129 9.731840133666992
129 9.736318349838257
129 9.741761207580566
128 9.746211767196655
127 9.751714706420898
126 9.756238460540771
125 9.761685371398926
124 9.766153812408447
123 9.772185564041138
121 9.776732921600342
119 9.782147407531738
117 9.786616325378418
116 9.79217529296875
114 9.796648502349854
112 9.802079916000366
109 9.80663800239563
107 9.81209659576416
105 9.816634893417358
102 9.822974920272827
99 9.828385353088379
95 9.832887649536133
93 9.838269472122192
89 9.842839479446411
83 9.853032112121582
79 9.859771251678467
77 9.864224433898926
73 9.86983585357666
71 9.875514507293701
68 9.880857229232788
66 9.885510206222534
64 9.890712022781372
63 9.89518427848816
61 9.90057635307312
59 9.905062913894653
57 9.910604000091553
57 9.915073871612549
55 9.920438051223755
55 9.925936222076416
53 9.931189775466919
53 9.935877799987793
53 9.94103741645813
53 9.94571828842163
53 9.951042413711548
53 9.955754041671753
53 9.9609375
53 9.965630769729614
54 9.970992803573608
55 9.976441144943237
55 9.981916189193726
57 9.986358404159546
57 9.991807699203491
59 9.99627947807312
61 10.001680850982666
61 10.006138324737549
63 10.011586904525757
65 10.016065835952759
67 10.021449327468872
70 10.026630401611328
71 10.032211065292358
75 10.036652088165283
77 10.042098760604858
79 10.04652452468872
82 10.051907300949097
85 10.056369304656982
87 10.061814785003662
93 10.070391654968262
97 10.074979066848755
101 10.081543684005737
103 10.086076498031616
107 10.091690063476562
109 10.096203804016113
111 10.101732015609741
113 10.106232404708862
116 10.111700296401978
118 10.116216897964478
120 10.121723890304565
121 10.126970767974854
124 10.132428169250488
125 10.13845157623291
126 10.143028974533081
127 10.14838981628418
128 10.153043270111084
129 10.158723831176758
129 10.163029193878174
129 10.168430089950562
129 10.172954082489014
129 10.17951774597168
129 10.184021949768066
129 10.189221143722534
129 10.19392728805542
128 10.199082851409912
128 10.2037832736969
127 10.209174633026123
126 10.213912725448608
125 10.219078302383423
124 10.22378659248352
122 10.229979038238525
121 10.234424352645874
119 10.23984432220459
118 10.244286060333252
114 10.255130529403687
111 10.260796308517456
109 10.26546835899353
105 10.270971298217773
103 10.275684595108032
100 10.28201961517334
97 10.286477327346802
95 10.291909217834473
91 10.296393156051636
88 10.301820516586304
85 10.306288480758667
81 10.311713933944702
79 10.316202878952026
75 10.321595191955566
73 10.32607913017273
69 10.332412719726562
67 10.33685040473938
65 10.342486143112183
63 10.34693455696106
61 10.35234546661377
59 10.356820106506348
57 10.362199783325195
56 10.366644859313965
55 10.372040510177612
53 10.37650442123413
52 10.382597923278809
51 10.387600421905518
51 10.392667055130005
51 10.397602796554565
50 10.402501821517944
49 10.406940460205078
49 10.41234540939331
49 10.416774988174438
50 10.422195196151733
50 10.426612854003906
51 10.43265700340271
51 10.438031435012817
52 10.442564964294434
53 10.447570323944092
54 10.452650785446167
55 10.45798373222351
57 10.462517499923706
57 10.466976165771484
59 10.472566366195679
61 10.477031707763672
64 10.485219478607178
67 10.491084814071655
68 10.495777606964111
71 10.500950336456299
73 10.505618810653687
76 10.51119589805603
78 10.515896320343018
81 10.521084547042847
84 10.525766611099243
88 10.530964374542236
91 10.536470651626587
95 10.541942596435547
98 10.546395301818848
101 10.551846265792847
105 10.556343793869019
107 10.561825037002563
109 10.566307067871094
111 10.571901082992554
115 10.576372146606445
116 10.581867933273315
118 10.587558507919312
120 10.59249758720398
121 10.596984148025513
124 10.605133056640625
125 10.610691547393799
126 10.61519193649292
127 10.620605945587158
127 10.625164270401001
128 10.630730390548706
128 10.636211156845093
129 10.641736268997192
129 10.646260499954224
128 10.656950950622559
127 10.662530660629272
127 10.667009830474854
126 10.672643661499023
125 10.677976846694946
124 10.682691097259521
123 10.689183473587036
121 10.693900108337402
120 10.699207782745361
119 10.703943014144897
117 10.709088325500488
115 10.713812112808228
113 10.71908187866211
111 10.723796844482422
109 10.72915768623352
107 10.733887672424316
103 10.74013066291809
100 10.744650840759277
98 10.75015902519226
95 10.754692792892456
92 10.76003384590149
88 10.764457702636719
85 10.769865036010742
83 10.774291038513184
79 10.779794454574585
77 10.784221172332764
73 10.790643692016602
71 10.79513168334961
68 10.800437927246094
66 10.805016994476318
64 10.810446739196777
62 10.815004825592041
61 10.820175647735596
59 10.82469630241394
58 10.830006837844849
57 10.834425210952759
55 10.840816259384155
54 10.845508098602295
53 10.850703477859497
53 10.855163335800171
52 10.860727071762085
52 10.86520266532898
52 10.870762586593628
52 10.87520980834961
52 10.880626440048218
52 10.885116577148438
53 10.891481637954712
53 10.895970821380615
53 10.901137351989746
54 10.905802011489868
55 10.910970449447632
56 10.915653944015503
57 10.920878648757935
59 10.925565958023071
61 10.930923461914062
61 10.935603380203247
64 10.941816806793213
66 10.94631052017212
67 10.951749801635742
69 10.956208944320679
72 10.961625576019287
74 10.966091394424438
77 10.971516609191895
79 10.976002216339111
83 10.981163024902344
85 10.985836267471313
89 10.992218732833862
92 10.99669337272644
95 11.002157211303711
99 11.006639242172241
101 11.012086629867554
105 11.01663613319397
107 11.022064685821533
110 11.026515007019043
112 11.03195571899414
115 11.036478519439697
117 11.042609214782715
119 11.04797649383545
121 11.059731721878052
123 11.064213991165161
125 11.069812774658203
125 11.074273109436035
127 11.079853773117065
127 11.084290504455566
127 11.089804649353027
127 11.095173358917236
128 11.100597858428955
128 11.105105876922607
127 11.11069393157959
127 11.115164279937744
127 11.12081527709961
126 11.125460624694824
125 11.130698680877686
125 11.13518500328064
123 11.141656875610352
121 11.146952152252197
120 11.152361154556274
119 11.156837463378906
117 11.162282228469849
115 11.166770219802856
113 11.172350883483887
111 11.176846027374268
109 11.182290315628052
107 11.186765432357788
105 11.192189931869507
101 11.19837737083435
98 11.202912092208862
96 11.208332300186157
93 11.212854623794556
90 11.21821403503418
86 11.222756147384644
83 11.22815465927124
80 11.232818603515625
77 11.238180160522461
74 11.242672681808472
72 11.249130010604858
69 11.253809213638306
67 11.25898790359497
65 11.26367735862732
63 11.268885374069214
61 11.273132801055908
60 11.27871561050415
59 11.283019542694092
57 11.288395643234253
56 11.293036222457886
55 11.29965329170227
54 11.304130554199219
53 11.309542894363403
53 11.3139967918396
53 11.319169759750366
53 11.323856830596924
53 11.329031467437744
53 11.333690166473389
53 11.338894128799438
53 11.343175172805786
54 11.34989309310913
55 11.354297399520874
56 11.359901428222656
57 11.36429476737976
58 11.369719982147217
59 11.37415337562561
61 11.379765033721924
62 11.384207725524902
65 11.389607667922974
66 11.394045114517212
68 11.40021014213562
71 11.404730319976807
73 11.41020679473877
75 11.41472601890564
77 11.420040369033813
81 11.42444896697998
83 11.429841995239258
85 11.434244155883789
89 11.439691305160522
91 11.444145202636719
97 11.450555801391602
103 11.461585283279419
105 11.46608853340149
108 11.471853494644165
111 11.476330041885376
113 11.4819815158844
115 11.486463069915771
117 11.492093563079834
119 11.496532440185547
121 11.502704381942749
122 11.508049964904785
123 11.512800216674805
124 11.518208503723145
125 11.524093389511108
126 11.52978801727295
127 11.534223556518555
127 11.539808511734009
127 11.544265508651733
127 11.550774812698364
127 11.555434703826904
127 11.560682773590088
127 11.565168142318726
126 11.57059907913208
125 11.575134515762329
124 11.580552577972412
123 11.585035800933838
122 11.590554475784302
121 11.595054864883423
119 11.601155281066895
118 11.605879306793213
116 11.611138820648193
115 11.615819692611694
113 11.621042728424072
111 11.625783443450928
109 11.630985498428345
107 11.635711908340454
103 11.641083717346191
101 11.64579725265503
98 11.652129411697388
95 11.656593799591064
93 11.66206693649292
89 11.666496992111206
86 11.671949863433838
83 11.676432371139526
80 11.681870698928833
77 11.686322927474976
75 11.69175910949707
72 11.696202039718628
69 11.702311038970947
67 11.706785202026367
65 11.712328433990479
63 11.716799974441528
61 11.722226858139038
60 11.726662397384644
59 11.73206377029419
57 11.73650050163269
57 11.741905689239502
55 11.746341228485107
55 11.752415180206299
54 11.756892919540405
53 11.76231575012207
53 11.766785621643066
53 11.772363424301147
53 11.776803493499756
53 11.782212972640991
53 11.786641836166382
53 11.792051553726196
54 11.796475172042847
55 11.80188798904419
55 11.808023691177368
57 11.812573194503784
57 11.818007230758667
59 11.822545766830444
60 11.827018737792969
62 11.832613229751587
63 11.837972402572632
65 11.842518329620361
67 11.846981287002563
69 11.852372884750366
75 11.86444354057312
77 11.870015621185303
79 11.874405860900879
82 11.879990339279175
85 11.884414434432983
88 11.890164852142334
91 11.894699335098267
94 11.900210618972778
98 11.90587854385376
101 11.911101341247559
103 11.915793895721436
107 11.921043872833252
109 11.925778150558472
111 11.93097710609436
113 11.935816526412964
115 11.941041231155396
117 11.945800542831421
119 11.95114517211914
119 11.956496715545654
121 11.961967706680298
123 11.966444969177246
123 11.971885442733765
124 11.976390361785889
125 11.984952449798584
125 11.990187168121338
125 11.994720458984375
125 12.00006651878357
125 12.00461220741272
124 12.01113247871399
123 12.015817165374756
123 12.021034002304077
122 12.025775909423828
121 12.031171083450317
120 12.035888433456421
119 12.041075468063354
117 12.045791149139404
115 12.05101227760315
114 12.055713891983032
112 12.061954259872437
109 12.066429853439331
108 12.072052717208862
105 12.076514720916748
103 12.081928491592407
100 12.086403608322144
98 12.091860294342041
95 12.096320629119873
93 12.101755380630493
90 12.10624098777771
85 12.112364768981934
83 12.116863012313843
81 12.122307538986206
77 12.126765251159668
74 12.132326364517212
72 12.136767148971558
69 12.142831087112427
67 12.14821171760559
65 12.152698040008545
63 12.158046960830688
61 12.163814306259155
60 12.168996334075928
59 12.173624515533447
58 12.178849935531616
57 12.183123111724854
56 12.188884258270264
55 12.193501234054565
55 12.198737382888794
54 12.20302438735962
53 12.208417177200317
53 12.214039087295532
54 12.219215869903564
54 12.22392725944519
55 12.229071617126465
55 12.233750581741333
55 12.238984823226929
57 12.243652582168579
57 12.248994588851929
59 12.257643699645996
62 12.265156507492065
64 12.270709991455078
65 12.275164604187012
67 12.280748844146729
69 12.28518557548523
71 12.29086446762085
73 12.295511245727539
76 12.30070424079895
78 12.305163860321045
81 12.31071138381958
83 12.316251039505005
87 12.321682691574097
89 12.326138496398926
93 12.331539630889893
96 12.336050748825073
99 12.341222524642944
102 12.345965385437012
105 12.351148128509521
107 12.355835914611816
111 12.361085176467896
113 12.366579055786133
115 12.372164487838745
117 12.37664008140564
119 12.382075548171997
121 12.386531114578247
122 12.391966581344604
123 12.396459102630615
125 12.401886224746704
125 12.406400203704834
126 12.41184949874878
127 12.41761302947998
127 12.422678709030151
127 12.42799186706543
128 12.432712078094482
128 12.43808913230896
127 12.442677736282349
127 12.448024272918701
127 12.452592849731445
127 12.457619428634644
125 12.462583780288696
125 12.468972444534302
123 12.473663091659546
123 12.478901147842407
121 12.483506441116333
120 12.488945722579956
118 12.493683815002441
117 12.498918056488037
114 12.503590106964111
113 12.508823871612549
110 12.513123750686646
107 12.519792079925537
105 12.524251699447632
103 12.529656887054443
100 12.534162044525146
97 12.539597749710083
95 12.544084310531616
91 12.549738645553589
89 12.554204225540161
85 12.559646606445312
82 12.564112186431885
78 12.57018780708313
75 12.574708223342896
73 12.580053806304932
69 12.584444761276245
67 12.589855194091797
66 12.594282865524292
63 12.608409404754639
58 12.615144729614258
55 12.629137754440308
53 12.639829397201538
51 12.650787591934204
51 12.669552087783813
51 12.680183410644531
53 12.692518711090088
54 12.702041149139404
57 12.71065354347229
59 12.722315311431885
63 12.730915307998657
67 12.741763830184937
68 12.746220350265503
71 12.751614570617676
73 12.756082534790039
76 12.761497259140015
78 12.765990972518921
81 12.771157026290894
83 12.775823831558228
89 12.788264274597168
99 12.80095648765564
105 12.806911706924438
109 12.812937021255493
112 12.818360805511475
115 12.822870254516602
118 12.828272342681885
121 12.832849740982056
123 12.838232278823853
126 12.843972444534302
129 12.849198579788208
131 12.853923320770264
133 12.859471797943115
135 12.86397099494934
137 12.869157314300537
137 12.873865604400635
139 12.879083395004272
140 12.883781671524048
141 12.888983488082886
142 12.894461631774902
142 12.899909019470215
143 12.904328107833862
143 12.909810781478882
143 12.914271354675293
143 12.919851779937744
143 12.92429780960083
143 12.929784059524536
142 12.934252977371216
141 12.939828157424927
141 12.94550108909607
139 12.950722455978394
139 12.955202579498291
137 12.96065092086792
136 12.965167999267578
134 12.970632553100586
133 12.975143909454346
131 12.980733394622803
129 12.985206842422485
127 12.9906485080719
125 12.996160745620728
122